-12.8134 2.11083 5.04108 5.19734 4.70422 1.59218 -3.42996 -9.49567 6.69508 1.23137 0
-11.3974 3.9566 6.13753 4.12535 5.04552 10.1766 -8.51545 -5.45772 2.56601 -2.6226 0
-6.13353 2.08168 2.6327 7.48436 5.81188 3.48341 -11.5753 -5.30518 0.514741 1.50806 0
-8.60435 7.09732 4.97217 4.11253 4.80292 10.225 -9.37775 -5.38397 3.40176 0.558484 0
-6.81574 2.76091 3.76257 6.14935 6.32681 0.930516 -7.63286 -3.5408 4.4582 0.388088 0
-9.52445 4.4075 2.25201 6.51925 7.86672 10.0524 -7.54648 -7.58612 2.06672 0.516733 0
-8.94159 4.18847 1.72109 6.27002 5.20383 1.69655 -12.927 -2.8154 4.11956 0.176745 0
-6.36485 5.89124 -0.0352544 10.4653 5.89953 4.92787 -6.86405 -2.94067 3.90501 1.01031 0
-4.312 4.71451 0.739314 11.2791 5.24375 7.85696 -8.97245 -4.64287 3.35779 -0.504911 0
-7.00613 6.67736 3.6808 6.07353 5.08307 3.17592 -9.78734 -2.48443 3.20995 -1.18067 0
-10.1373 4.01696 -0.0417799 7.15307 8.78999 0.251129 -8.96997 -7.63352 4.77643 0.528847 0
-8.18828 5.22717 0.890214 9.57759 4.71325 9.41574 -10.1842 -6.84333 3.43207 -3.17449 0
-7.90751 5.66675 1.47244 5.31698 1.90436 4.83345 -8.47957 -2.85638 2.5336 0.740708 0
-10.0887 6.17492 3.67366 7.72829 4.4517 6.51734 -7.7601 -5.4317 0.675515 6.67577 0
-10.4433 1.21554 3.89701 4.79372 5.8355 7.99307 -13.4285 -7.66138 0.537345 -0.102904 0
-9.69818 6.00021 3.12592 11.1686 6.5302 8.99897 -5.68809 -7.00905 2.7449 0.267973 0
-8.61444 2.0956 3.95036 7.0761 3.73737 7.19717 -7.61069 -5.72259 4.21928 0.627195 0
-7.96867 -4.38401 2.33008 0.208712 3.76861 7.27481 0.809821 6.57411 -2.92386 -3.53088 1
-6.85224 -3.44902 2.7977 2.54221 3.05708 8.38986 0.836103 7.78848 -4.4783 -6.64873 1
-11.9938 1.05636 1.32147 5.43243 4.70905 3.93274 2.48983 8.31399 -0.937058 -5.1462 1
-11.3978 -2.29954 0.583713 3.44549 2.95942 9.00056 1.0592 8.0167 -5.98144 -2.33002 1
-9.73494 -4.91433 2.21994 2.01089 5.00664 9.5808 1.94333 7.34075 -3.96397 -6.84027 1
-7.65487 1.31127 -1.96032 2.90276 5.10195 5.48144 1.93193 5.64943 -0.883108 -2.58792 1
-9.22266 -0.909583 3.03967 1.84576 4.06424 9.69018 1.07876 5.75538 -3.5175 -6.69138 1
-7.54151 -3.10544 1.3623 3.32877 1.82226 10.8106 1.12787 4.18999 -4.08546 -5.3828 1
-7.3746 -1.47984 3.79662 2.22729 3.95241 7.26421 1.41096 4.04571 -0.45558 -5.7855 1
-9.67182 -4.33435 0.370513 3.63437 3.1989 10.2953 1.45333 5.21087 -3.80972 -6.69201 1
-8.79229 -4.01128 2.59265 -0.160536 3.8261 7.41037 1.03158 5.64278 -6.88844 -8.97949 1
-12.6278 -2.23593 4.70754 3.64599 3.08051 11.7841 0.249459 7.64227 -4.45073 -6.12387 1
-7.98289 -2.74183 4.92316 -0.3069 1.13494 11.146 1.1379 4.60525 -4.05556 -8.32473 1
-10.0497 1.9645 -0.344439 6.49925 1.34577 11.5444 1.14289 8.33264 -3.17315 -2.12917 1
-6.06861 -1.0885 0.369513 0.342164 3.97729 7.99537 1.71344 4.47478 -5.10498 -4.49667 1
-10.2171 -4.0876 0.145163 0.142788 5.61532 7.54974 2.71808 7.53603 -3.47945 -8.9716 1
-10.2228 -4.20297 1.98923 -0.280625 2.02456 11.6221 1.7129 8.0269 -6.23269 -4.05728 1
-12.2418 -1.09216 -0.850135 1.18401 2.71618 6.1466 1.99895 4.29518 -3.52034 -3.47559 1
4.18249 3.65941 0.355133 -4.29599 7.17462 8.54297 7.81491 0.619675 7.936 -7.50212 2
7.80872 6.9402 2.64914 -10.462 3.95894 6.31685 9.29024 0.505115 8.80961 -5.5504 2
6.66458 5.30849 2.17972 -2.33563 2.12118 9.29004 7.32617 -0.398258 8.05923 -4.9907 2
9.44737 3.34326 1.47879 -4.23154 4.51801 8.9976 7.43244 1.06054 9.1662 -6.34463 2
7.30176 6.86333 1.40885 -6.91261 1.10591 6.69497 6.97947 -1.45653 10.7431 -4.73583 2
0.68281 6.95563 -3.75045 -9.15944 5.36057 7.48725 8.36279 0.340307 9.01848 -6.76056 2
6.29485 7.20249 2.11291 -8.11122 2.22297 8.65712 6.56747 -2.82201 8.47684 -7.01767 2
9.78448 3.56819 -0.649444 -6.7017 0.600649 7.93797 8.15823 -2.61017 8.63456 -6.25421 2
3.64967 7.88194 1.60653 -3.0294 7.88485 7.73605 7.93911 2.90569 8.48596 -6.2871 2
9.84309 5.67462 4.6921 -11.0136 3.04708 7.74509 10.6346 -1.82989 9.66063 -5.68826 2
7.08845 1.37708 1.24312 -5.759 0.617853 8.63205 7.46638 2.34725 11.2374 -5.59695 2
5.9514 5.44557 2.3025 -1.90049 4.45712 8.87532 6.55394 -0.560712 6.05831 -6.86953 2
3.95236 3.87602 0.741281 -4.9787 4.59642 12.2571 11.2345 -0.799304 7.99571 -7.26013 2
4.4875 6.41787 0.373233 -9.21934 3.59442 5.33556 8.65452 -3.23314 10.7072 -6.38912 2
4.69085 5.39469 2.34775 -2.49199 0.312959 6.60512 6.71686 -1.70672 4.89974 -7.68359 2
4.96166 5.00677 -1.81224 -5.12965 6.76971 9.83638 9.80455 2.84418 10.2658 -5.57143 2
3.19398 6.90504 1.5932 -9.01936 3.49493 9.51217 9.81619 1.11218 3.78714 -7.69949 2
7.56628 7.08373 -1.6156 -3.11223 4.39608 6.94862 8.94095 0.554872 7.78307 -4.88566 2
8.74061 5.49472 0.254879 -6.03736 6.14566 10.299 8.91594 -0.611286 10.1152 -5.01359 2
6.87287 4.16332 -2.74412 -5.06942 4.03565 9.7136 8.14975 3.85148 9.49723 -6.8398 2
6.50387 7.40702 -3.47376 -11.8006 2.89266 7.47356 5.75926 -1.21908 10.2429 -7.98697 2
4.42895 5.65635 0.297237 -6.21145 4.55686 9.25219 9.08825 0.834236 10.91 -7.77908 2
6.75238 6.51078 0.603098 -3.01409 2.87022 7.05773 8.60261 2.70648 8.20507 -6.06255 2
4.90481 4.60943 1.51651 -3.35454 4.58557 8.95075 9.1117 -1.73613 10.3726 -6.9062 2
7.94807 1.06779 -1.16875 -7.68962 3.57866 7.73339 10.1925 2.47778 12.04 -9.70977 2
4.86434 4.5998 -2.54362 -8.48379 4.53615 5.87942 9.51337 -0.952957 7.25494 -5.29292 2
3.68582 4.65149 3.62266 -5.66566 1.91477 8.48123 7.59012 -2.0587 8.48993 -5.34154 2
7.60476 5.91986 2.12542 -3.14223 4.67387 8.84763 5.79806 3.04704 9.80078 -4.38389 2
7.81211 5.96213 0.28132 -10.5491 3.05159 6.4102 9.93634 0.911571 8.40231 -6.9652 2
7.44786 6.079 1.69432 -5.37402 4.83782 10.5043 8.0722 0.875277 8.54842 -8.05628 2
4.48339 3.8127 4.37245 -4.44236 1.0935 9.07444 10.5126 -0.120381 6.59423 -7.2963 2
9.90835 7.30251 3.69933 -8.8887 2.28674 4.56405 4.75376 -2.30457 11.728 -4.00045 2
6.94636 4.59819 -3.56109 -6.83131 5.34561 10.2623 8.94352 1.38027 9.72938 -6.65477 2
3.61933 5.29082 2.87332 -3.98211 5.13275 8.31402 5.68558 2.58809 6.10018 -6.38961 2
5.11427 6.88939 1.33698 -3.27145 3.97472 5.79846 7.01521 -0.285397 8.11814 -5.90018 2
6.92161 5.28654 1.89148 -9.96603 6.46446 5.07076 7.48264 -1.11042 6.40187 -5.00431 2
5.31544 4.06476 -4.56069 -7.81261 2.4734 11.379 9.30264 -1.35506 8.00057 -8.68116 2
2.89728 4.1387 3.29175 -5.01051 3.89853 8.3105 7.46141 -0.920862 9.36063 -5.68092 2
7.412 3.49337 1.13213 -4.93248 4.30143 9.08536 10.6264 -0.370368 8.24867 -7.48062 2
6.65421 8.22069 3.31715 -2.10789 4.3844 9.75476 6.95816 2.84432 8.68951 -9.61679 2
6.12866 3.89891 4.12016 -1.2623 8.16321 8.30317 8.77082 1.12696 9.44502 -7.77163 2
7.93703 5.87006 3.42192 -1.29999 5.42208 10.0049 7.60465 3.6496 9.85989 -6.76873 2
5.48494 6.08075 0.831512 -6.31218 4.65856 6.67918 8.23136 0.837366 7.03094 -5.44737 2
10.3338 6.44134 3.77445 -10.203 1.77918 8.56905 10.3937 -3.18873 5.0946 -7.55514 2
6.89754 3.75292 0.827005 -9.66811 2.26499 9.5805 8.75278 1.76698 8.48329 -9.78437 2
6.21733 5.16117 4.37532 -4.18394 4.83826 9.38381 11.0172 0.205578 5.41244 -7.84531 2
5.58139 5.94367 2.00985 -10.9673 3.56063 7.21069 9.3824 1.3619 10.4085 -7.22724 2
4.05628 7.87236 2.27157 -5.60275 3.35803 9.25266 9.2697 -0.385486 7.64962 -8.23298 2
5.28974 6.92447 2.02584 -9.1801 0.721516 5.56438 7.14679 1.47043 9.2357 -7.1584 2
6.84149 8.28913 2.07299 -7.45308 6.0931 7.65074 9.0892 -0.441111 4.66065 -7.14984 2
9.16394 2.90328 4.21518 -3.59271 2.21624 8.14462 9.08471 -0.000332215 5.65241 -7.60258 2
8.2742 5.44454 5.85426 -9.63253 2.00428 7.39892 7.93165 -2.33515 9.89985 -6.58045 2
8.1705 7.28185 0.745989 -7.0803 4.50752 9.42725 9.07518 0.835875 11.4532 -7.92991 2
6.77406 6.22607 0.747507 -7.3226 5.95825 6.64581 10.7243 5.43246 11.4802 -3.463 2
8.64861 5.48949 0.790541 -5.92599 2.9088 8.72949 8.32243 -2.69677 6.90434 -7.08605 2
3.35695 6.20549 1.69836 -8.83677 3.55008 8.55896 11.2734 0.502499 9.14783 -7.29869 2
6.08534 3.73808 3.06934 -4.81475 2.25405 7.93564 6.4156 2.24355 12.8598 -6.08259 2
5.0331 4.89323 3.00481 -5.31223 2.31161 5.29627 10.2854 -0.372018 7.29148 -4.37774 2
3.32797 8.36389 -2.36375 -0.351447 5.3774 5.17712 8.11531 -2.50766 7.28289 -7.85698 2
4.53394 7.81677 3.35859 -7.83863 2.9837 8.16975 6.17527 -0.617204 11.3635 -8.96663 2
5.58167 4.52759 1.91309 -6.27229 4.97007 8.39354 12.6932 1.33393 6.41747 -7.00045 2
7.53417 2.92597 2.96166 -2.43051 2.22592 7.32741 8.37947 -2.40114 5.9561 -6.81513 2
5.04456 4.00491 0.474087 -8.13362 2.64362 7.64607 10.5004 -0.860073 6.08735 -6.17204 2
8.64331 6.20079 -2.27945 -6.81031 3.74407 9.92047 5.8419 1.75193 11.0323 -6.79815 2
4.17195 6.34381 0.340536 -5.48251 2.86072 9.81036 8.45828 -1.16751 5.71797 -6.73868 2
11.1071 5.36379 2.51829 -5.83381 7.40387 8.97264 8.96737 -2.4552 7.75556 -12.319 2
9.85875 5.80827 0.29431 -8.46273 3.59554 5.59962 8.89924 2.11256 7.17265 -5.11442 2
6.19774 6.05987 -2.2851 -7.60263 3.30199 9.4709 9.28003 1.42989 7.74446 -8.52207 2
7.54068 4.92508 0.268705 -5.90804 -0.4806 5.82084 4.54607 2.42553 12.2441 -7.1245 2
6.33074 7.34634 3.44179 -8.32385 4.12474 8.60576 9.47146 2.31911 8.09584 -5.68571 2
10.0873 4.2842 4.26776 -8.12919 3.5884 6.66644 7.71168 1.4439 7.78419 -7.57279 2
7.53682 6.42919 3.47942 -5.27217 5.13626 8.05645 6.45669 2.35964 5.84155 -7.7968 2
6.6893 6.17545 -4.70525 -8.00636 2.09653 7.98547 8.00051 -0.561519 6.18803 -7.59541 2
9.0223 6.40205 1.05137 -4.74082 3.83651 6.76023 3.82205 -0.219593 10.284 -9.44664 2
6.98097 7.37365 5.09037 -8.53765 3.67126 8.66967 6.8611 -1.13528 6.49712 -8.56697 2
6.63972 8.60249 3.39589 -7.21633 2.2546 11.3686 5.68306 2.77344 12.2096 -7.71437 2
8.19101 4.25246 2.18727 -5.23309 3.9424 3.16647 8.50609 0.199072 10.5876 -6.26031 2
5.77943 7.97266 0.373802 -7.91696 8.05586 7.56466 10.4101 3.24805 9.71678 -5.67505 2
5.02723 6.18889 2.20672 -7.975 0.7312 5.85136 5.71577 0.0861388 5.61339 -5.95899 2
2.7193 6.00809 6.32125 -2.55321 3.83464 9.0182 8.06653 -1.41549 5.21005 -7.3882 2
10.3727 5.35438 -3.16619 -9.36901 0.333706 4.93166 8.87443 -0.775699 9.34311 -9.17415 2
4.70998 11.3772 1.10694 -3.86153 5.93937 10.2329 7.4559 -2.4417 9.15287 -9.40162 2
6.53589 6.08023 3.22306 -6.17788 3.1892 8.95094 6.48973 3.49188 10.5065 -5.72546 2
3.67631 6.80038 7.4191 5.6373 3.68297 9.53229 -1.59969 -1.40051 -4.40424 3.60999 3
4.70475 6.12255 6.72702 5.07539 8.03298 9.55435 -0.730003 -3.7429 -5.92314 5.8951 3
7.33964 6.37311 1.62622 7.06639 8.99426 5.14078 -1.15866 -2.33381 -5.23615 4.13476 3
5.66782 6.76901 3.69029 4.58649 8.31758 10.6577 0.648727 -0.364144 -6.13193 2.66115 3
3.8024 5.44406 7.99797 7.37962 5.35861 8.89543 -0.722225 0.569442 -3.08405 3.72734 3
5.56372 6.09919 3.1995 2.68138 4.78539 7.90141 0.313752 -0.875306 -6.07772 3.70634 3
9.53598 6.61829 9.82067 6.86632 8.93302 6.92928 -2.60929 0.816338 -5.37701 2.8965 3
4.12053 5.07485 9.83111 10.8184 5.85807 12.2301 -1.43518 -0.230679 -2.54731 1.13754 3
6.89385 5.17078 2.03685 9.64321 8.16454 7.83096 -1.82542 -0.716832 -3.26728 5.61552 3
8.02981 7.79567 3.18231 8.55676 7.22403 10.6641 -0.416231 -1.09418 -5.87043 0.742097 3
3.54949 3.92573 1.39272 9.53521 4.6556 9.53789 -3.67242 -1.52411 -5.24851 2.57695 3
7.22498 6.63865 2.59303 7.91511 7.88307 10.6174 -0.189319 -2.4555 -5.69953 5.17236 3
6.54796 5.73827 0.463438 7.19404 4.72512 8.58355 -1.92193 -0.056508 -2.5131 4.53187 3
3.71346 4.36262 2.92788 4.05982 4.88538 10.8072 -1.62802 1.05138 -5.38827 7.27936 3
5.76753 7.39588 3.19396 7.78886 7.66665 7.4539 0.638529 1.60903 -4.28764 -0.112749 3
2.66599 6.08218 2.10571 9.21741 6.69062 7.80156 0.447264 2.19542 -2.85351 6.65049 3
5.69597 3.75537 1.85978 5.71411 9.0746 8.70711 0.558359 2.65093 -6.28452 3.35167 3
8.20253 4.53636 5.11383 7.47797 6.89654 7.38394 2.06434 -1.84494 -2.80196 6.03216 3
5.80698 5.22012 8.94025 4.48551 8.32162 7.96828 3.31832 0.114954 -5.38676 4.28857 3
5.96028 6.06345 7.03387 8.25491 6.96378 7.84548 0.919301 4.05119 -4.58805 0.947705 3
6.0146 5.78973 4.99922 8.65109 3.81412 8.48242 -0.0710793 -4.83788 -3.69306 4.78939 3
5.34998 5.39613 1.48882 2.34783 7.44762 8.34522 0.536765 -2.79941 -4.33435 5.45709 3
6.83038 8.49495 5.72493 9.03026 6.38142 8.62552 -0.36579 -0.194078 -5.777 2.38507 3
6.48509 5.84389 4.48777 9.30395 9.08825 7.32989 2.191 -0.721993 -2.26445 4.9736 3
7.07984 6.14585 2.11445 8.14086 8.84693 6.15718 1.11943 1.53599 -3.35625 3.4723 3
2.82853 7.0022 10.1472 7.27526 6.97931 8.53503 1.03711 2.05069 -3.2645 6.14385 3
4.19401 6.15381 7.06835 10.0607 7.43541 10.3476 -0.793698 -1.60481 -3.08559 0.680718 3
3.56196 4.95374 5.58928 10.7486 5.67263 10.5515 2.51306 -0.0304206 -2.27957 4.86607 3
2.62769 5.68032 1.65982 5.98863 4.80595 8.4009 -0.232635 -2.02065 -0.537014 2.39222 3
6.33504 5.96214 8.34299 7.97069 6.93602 9.48671 0.245371 -3.15977 -3.96363 6.7645 3
6.36672 5.57379 6.81493 7.92083 7.2556 8.56634 0.171944 -2.31838 -3.15046 7.21322 3
7.42513 6.35664 4.65943 7.43849 2.83356 7.85465 1.66923 0.913736 -5.9609 4.80927 3
5.07339 6.0106 6.72458 10.737 6.89081 8.33806 2.66829 -0.301571 -3.52298 2.07045 3
4.66675 7.66369 8.11848 3.34694 7.55833 7.90279 2.15666 1.11271 -3.49849 5.4641 3
8.22577 6.59735 5.24317 6.40388 7.66894 6.21116 1.48129 -2.54337 -4.43477 3.71168 3
4.51046 5.47059 7.134 8.46234 6.79747 7.60925 3.45237 -0.456387 -3.75208 9.15083 3
5.47726 5.14543 4.52776 6.57408 6.99142 9.26789 2.79993 -0.669593 -3.5022 2.80571 3
6.21894 4.3868 10.0308 12.9738 6.12861 10.0629 1.25896 -2.68827 -3.87286 4.79624 3
0.73989 5.53629 5.41545 12.3591 5.70044 10.3273 -0.412269 2.36151 -4.16815 6.51242 3
3.29829 5.90838 2.10152 9.57488 6.85335 8.61147 -0.492926 -1.56016 -4.74148 5.27834 3
6.87407 6.08588 4.0048 3.29386 5.12867 8.42369 0.39125 -3.20617 -5.04724 1.63024 3
2.34679 5.92301 7.74066 8.75537 7.18172 5.50798 -2.24744 2.83791 -2.9429 1.56085 3
6.99848 5.44858 3.31406 9.4559 6.33879 7.01896 -1.65429 -0.870706 -3.00749 1.86408 3
5.7307 2.97079 8.34568 10.8616 6.52852 6.51341 0.370059 -4.84233 0.211438 1.92621 3
4.84493 6.75492 2.96622 6.71934 5.50981 7.33661 0.312389 -0.597766 -4.94686 6.4103 3
6.69277 5.58219 4.61932 11.6527 2.37809 9.75062 -2.99693 3.33997 -3.79784 0.00270297 3
4.07007 7.57435 7.50702 10.0625 5.27876 9.17626 -3.08192 -1.66923 -3.81351 1.70502 3
7.32035 6.93571 4.88797 7.80201 7.76188 9.01423 -1.05758 -0.283 -3.72519 1.18893 3
4.43124 6.13783 4.09162 8.93864 7.03196 8.02446 1.02981 -1.02852 -5.85071 4.16797 3
5.05898 5.54463 4.53107 10.9817 2.98424 7.62351 -2.01604 -1.47921 -1.98513 4.48073 3
5.01739 6.71509 1.6559 5.20701 9.23007 8.56145 -0.30407 -0.95649 -4.74473 3.48829 3
4.67322 7.73202 8.98995 7.21097 9.10697 7.69291 -0.667462 2.07192 -3.32794 -1.12529 3
4.72303 4.85935 6.78156 6.13771 7.06433 8.17463 1.60309 -0.596701 -5.88359 4.25817 3
8.36687 6.18761 11.3796 11.1572 8.33481 11.0614 3.81047 -2.07018 -3.60935 6.56883 3
6.27157 6.23127 4.98967 11.587 7.397 8.78556 1.87326 1.64482 -5.76332 3.72393 3
9.93656 8.02593 7.89596 3.14937 6.66452 8.58055 -0.555654 2.10502 -4.07161 0.247606 3
9.18993 5.30589 1.55615 5.52394 9.68026 6.78568 1.05807 0.478528 -4.53454 3.43611 3
-5.50113 -5.6211 -11.5339 1.45615 -8.20725 -0.7671 -1.65067 1.65578 -4.5032 3.05022 4
-13.542 -0.587868 -9.16646 -3.52109 -7.42563 -2.32459 -0.727696 -8.41638 -1.39225 1.84676 4
-8.7438 -1.49535 -10.0759 -0.85061 -10.899 -2.06152 -4.65418 -4.36817 -4.11046 4.15273 4
-12.113 -4.53093 -9.47536 -1.59678 -8.74841 -5.31803 -4.22333 -1.15092 -5.89009 -0.719561 4
-9.16214 -4.35935 -8.21113 1.51844 -8.41165 -1.73694 -3.1858 -0.974838 -5.1174 2.64417 4
-2.8485 -6.67273 -8.42918 1.65663 -9.35839 1.58807 0.277268 0.815776 -6.4184 5.28532 4
-11.6944 -0.473678 -8.1929 0.877303 -9.26814 -1.45239 -3.13304 -7.03588 -4.79856 4.69237 4
-9.88663 -5.6738 -9.121 1.86658 -7.75251 -2.27746 -1.41065 0.464097 -5.90896 2.94435 4
-10.2723 -3.00016 -5.78778 -0.33107 -9.96928 -0.337969 -2.02844 -6.37216 -7.45815 2.52637 4
-9.03946 -5.22456 -8.04903 -3.15275 -9.11492 -4.45797 -2.73454 1.62051 -5.32003 1.34011 4
-6.58519 -5.4435 -5.61017 -0.852144 -7.59082 2.45299 -2.59565 -4.05367 -3.56568 5.23271 4
-9.17183 -5.2539 -7.48139 1.12531 -10.0928 -0.729588 -4.96028 -1.6666 -1.31323 4.05899 4
-11.861 -3.95917 -8.11479 -3.07444 -10.2579 -3.77924 -1.86019 -0.768889 -2.81095 0.821684 4
-9.8382 -3.52776 -9.24755 -1.56635 -9.21896 -3.6599 1.14277 0.700009 -6.4255 4.12623 4
-5.98185 -4.51181 -9.65638 -3.65301 -7.53704 -2.47314 -3.6134 -4.70146 -3.539 2.68295 4
-13.4317 -2.88592 -6.06666 2.11581 -7.96281 -4.58712 -1.41615 -0.0802672 -1.94379 4.03056 4
-8.3547 -2.64805 -10.6678 -0.372157 -7.83661 -2.3635 -0.073991 1.73502 -4.03449 2.96541 4
-6.75026 -3.14937 -10.3051 -0.340241 -11.2848 -2.2434 -1.26236 -2.76687 -6.23931 2.24611 4
-11.6594 -1.17903 -8.18818 -1.65649 -10.925 1.97862 -2.49111 -4.07293 -7.2178 -0.363798 4
-11.2069 -2.59905 -9.37726 -4.03961 -12.0895 -6.15742 -3.0376 -4.22885 -5.01532 2.31029 4
-6.64986 -4.054 -7.63417 -2.1368 -9.09971 1.70215 -0.421867 -4.22986 -3.50034 2.73968 4
-7.68245 -5.56802 -11.1514 -1.56098 -8.41263 -2.52229 -1.25232 0.881058 -2.15208 3.00214 4
-9.56578 -4.55991 -6.95641 -1.8129 -9.62037 -4.43381 -0.486145 1.3567 -3.28811 3.10443 4
-11.98 -4.53274 -9.39486 -1.31468 -10.1009 -1.33347 -0.477879 -6.20407 -2.8544 5.33401 4
-10.2219 -3.82872 -9.60693 -3.69224 -12.3566 -0.641381 -1.06905 -0.827993 -4.57268 4.53187 4
-8.44746 -1.37154 -9.73773 -1.47768 -10.1527 -2.55112 -3.2453 -7.17964 -5.87161 3.12593 4
-8.06719 -2.3282 -8.24234 -2.12739 -11.6605 1.82379 -3.38673 -4.07495 -1.25657 3.9104 4
-9.52899 -4.88235 -8.427 -2.17242 -11.3747 -1.29541 -3.07966 -4.82951 -4.80624 4.52465 4
-8.3605 -2.63427 -5.1977 -1.15497 -9.19388 -3.22361 -5.79479 -2.46917 -5.17902 3.89953 4
-7.57684 -5.19174 -9.51892 -0.52399 -9.95909 -1.76638 -1.44713 -1.48735 -4.8058 4.95538 4
-9.59699 -4.43386 -7.34613 -0.975168 -9.55776 -0.755003 -3.47871 -1.40545 -7.13283 4.11108 4
-12.8441 -4.99956 -8.91558 -4.38121 -13.6078 -2.93972 -5.07012 -0.72962 -6.17286 4.3289 4
-9.61804 0.49331 -8.42931 -0.577745 -6.65444 -1.61874 -0.913167 0.711331 -0.701115 4.38986 4
-7.78315 -2.85532 -5.55149 -3.44962 -9.32688 -2.45555 -1.17521 0.279701 -1.74442 0.964645 4
-8.5324 -3.03561 -9.0789 0.771771 -11.9361 -2.6618 -4.51818 2.14033 -5.71749 0.650063 4
-4.75139 -2.89107 -10.9379 -1.16517 -8.36034 -1.15454 -3.38224 -6.50861 -5.68823 3.06898 4
-10.627 -5.53061 -8.62018 -0.330035 -10.2627 -1.29182 0.524292 -3.32738 -3.47083 5.53839 4
-9.19776 -2.64598 -8.6126 0.857419 -5.94328 1.41102 0.555848 -3.74095 -6.38877 2.29507 4
-11.6461 -3.01721 -7.9664 -2.17248 -8.17008 -3.24849 -3.34338 -2.47649 -6.10917 2.55146 4
-10.9373 -1.52291 -9.97481 1.25245 -10.9128 -1.31975 -1.37698 -0.564049 -6.44626 2.61362 4
-9.94316 -1.83653 -10.0317 -0.139619 -9.48814 -1.1784 -4.55867 -1.15073 -5.58975 2.70612 4
-9.47077 -3.77326 -5.14026 -0.328259 -13.1092 -1.89034 -1.57373 -2.74639 -5.23404 3.98843 4
-13.097 -0.748135 -5.20264 -0.925087 -10.9792 -2.72007 -4.31504 -5.10926 -6.69904 3.60193 4
-12.7028 -0.43868 -11.067 -0.525671 -8.64163 2.06159 -1.39375 -3.67366 -1.19406 1.12721 4
-10.3616 -1.59854 -10.9994 -4.08026 -12.5278 -1.71907 -1.31022 0.184802 -3.23351 6.13059 4
-7.38415 -4.47473 -10.2235 -1.5677 -9.80584 -1.19395 -9.07273 -1.49138 -4.74447 1.82695 4
-5.96016 -0.475 -9.70234 0.59364 -9.88624 0.140806 -3.14958 -2.54269 -5.29614 2.46473 4
-8.8637 -6.72083 -9.37182 -2.90311 -5.27114 -0.830058 -2.41198 3.01245 -2.48409 4.34191 4
-8.71061 -2.29936 -7.13275 -2.05431 -9.43247 -0.785946 2.04713 3.22095 -6.04034 3.73534 4
-8.75311 -5.93398 -7.92662 0.384812 -6.60492 -3.26175 -1.66545 3.95246 -2.35504 2.77591 4
-9.13529 -1.20735 -7.85845 0.289303 -10.2621 -3.52325 -4.20655 -5.04825 -6.60776 2.07744 4
-7.80658 -3.41508 -9.28204 2.84503 -7.47681 -4.90864 -0.302414 2.62513 -1.58632 4.70572 4
-11.6243 -4.89657 -9.03603 0.695098 -9.45575 0.475184 -2.53299 -0.102042 -6.72415 2.63841 4
-10.1882 -1.66165 -7.64161 -4.35603 -11.1004 -4.20651 -3.21384 -2.11484 -8.7133 2.4634 4
-9.41743 -1.7764 -9.64903 1.75305 -6.78467 -1.81319 -0.0678751 -2.96264 -4.09557 1.99807 4
-5.97406 -1.99369 -11.3521 -0.968437 -10.0799 -3.02805 -3.73157 -0.189879 -7.39295 3.49618 4
-6.18729 -2.83325 -12.0514 0.275394 -8.95526 -1.74114 -0.791486 -0.926778 -7.21279 4.41278 4
-7.72204 -3.30092 -8.00984 2.87564 -9.08943 -3.00609 -3.153 -3.30918 -3.78524 4.63672 4
-10.941 -3.86525 -6.0756 0.309129 -6.6962 -2.24652 -2.82409 1.44959 -8.96706 3.38836 4
-6.8583 -5.43586 -6.59835 -1.97702 -12.3868 -3.61133 -6.44272 -0.441177 -4.33335 2.06063 4
-9.81478 -3.03869 -8.25476 1.64872 -10.4321 -1.32852 -2.77146 -5.79304 -5.51402 0.846869 4
-9.23648 -0.879322 -9.36998 1.13299 -10.0349 -1.77975 -5.50406 2.19739 0.0545554 1.01088 4
-9.67342 -4.42163 -9.22272 1.92286 -11.6333 -3.34048 -1.10707 -1.08284 -4.26449 4.75614 4
-5.49916 -4.21252 -8.10739 -3.57246 -11.868 2.00489 0.254144 -2.35068 -4.507 3.85979 4
-7.71529 -2.31325 -9.95107 -1.92629 -10.5833 1.47086 2.94363 0.0112333 -3.68998 2.09 4
-7.92852 -3.79973 -9.32553 -2.09252 -11.6621 -1.94256 -1.63698 1.22466 -10.543 5.38181 4
-6.24682 -1.78132 -6.90741 -0.970898 -8.24134 2.09833 -3.88684 -4.93038 -9.2089 2.5837 4
-10.5215 -4.26547 -8.58491 -1.59274 -11.9514 -0.883612 -3.89397 -4.37609 -1.97651 3.01386 4
-11.2929 -2.33516 -8.47716 1.65785 -11.1503 -3.29119 -2.16377 3.28939 -4.20723 1.84118 4
-11.4424 -1.15174 -7.84705 -4.45037 -8.47879 -1.76317 -0.216979 -2.52457 -3.09624 0.97677 4
-6.68274 -5.72111 -5.41713 -4.0868 -13.7767 -4.55452 -3.84398 3.14059 -5.04455 2.26312 4
-3.48745 -3.25431 -6.28393 -2.04357 -5.34645 0.587287 -0.36589 0.49297 -5.23334 3.30794 4
-7.85118 -5.07584 -8.2227 1.45216 -10.1554 -3.68959 -4.21529 -4.88992 -4.92778 4.07249 4
-8.86953 -3.29683 -7.10338 -0.0337431 -11.4222 -2.01223 -5.27847 -6.91629 -4.09214 2.85505 4
-10.4247 -3.80093 -9.75687 -0.545427 -9.26311 -1.17716 -1.64287 -3.50635 -2.51095 3.50025 4
-7.34169 -3.00261 -8.75025 -1.80717 -8.75583 -1.55637 -1.88766 -8.06131 -4.08589 4.13475 4
-8.78854 -1.99261 -7.74695 -1.63438 -11.4109 -2.2491 -2.42757 -5.20039 -3.9823 3.0675 4
-7.62575 -6.24533 -6.74704 -0.596962 -12.4705 -3.14772 -5.4178 -1.31968 -9.10725 4.88578 4
-13.0813 -2.46177 -9.80408 -1.54866 -10.1535 -3.01164 -1.95506 -1.90148 -7.04452 -0.994644 4
-7.66044 -5.46701 -8.00265 -0.568293 -9.03182 -1.62606 -3.39795 -4.3769 -3.55117 4.27596 4
-8.1609 -6.90329 -8.80682 -3.70474 -11.1918 -1.35061 -0.0883503 2.13194 -8.02492 4.37948 4
-7.02902 -5.32364 -9.60492 -4.21425 -8.65323 -2.31303 -1.6307 4.75662 -4.43876 6.47087 4
-4.32574 -1.42047 -11.4287 0.437195 -9.72494 -1.20224 -0.829856 -7.86782 -2.56941 1.83768 4
-14.0826 -0.0644194 -10.8352 -0.777002 -12.2032 -2.60318 -4.63244 -0.654545 -2.45697 3.32316 4
-12.2559 -4.07323 -6.52107 -0.121899 -7.86523 -2.11401 -0.45035 3.4674 -6.61039 2.58143 4
-12.3619 -3.42932 -10.2306 0.258563 -11.8869 -2.937 -1.75468 -1.84845 -3.26719 1.89641 4
-11.5605 -3.52068 -8.10548 1.48609 -9.39354 -3.80645 -1.55267 0.476492 -4.46517 3.02115 4
-11.551 -3.19573 -7.84871 -1.7145 -8.63934 -2.54868 -1.69264 -2.18872 -3.47374 3.10017 4
-9.4382 -2.92677 -9.52136 3.84527 -12.3311 -3.20031 -5.55111 -3.52048 -2.66693 1.47063 4
-12.3649 -3.07707 -8.02617 0.555937 -7.57991 0.618258 -2.14846 -4.65826 -3.43958 1.87228 4
-5.21395 -4.65255 -7.08925 -0.0821633 -9.24964 -1.76754 -1.24869 -1.21213 -1.97288 2.70587 4
-5.27193 -4.46945 -7.53185 -3.54311 -5.34222 -1.29806 2.20907 -1.00631 -3.06921 1.81578 4
-7.15481 -4.13446 -6.32493 -2.48323 -11.5752 0.916737 -3.14423 -6.94052 -6.27694 5.75386 4
-8.75086 -1.89737 -10.2616 0.7943 -7.01753 -1.09277 0.425949 -0.857413 -2.97491 4.12707 4
-8.52399 -3.77859 -6.38021 -2.50187 -10.554 -4.78334 -5.25068 -1.02861 -3.31527 1.71679 4
-6.22654 -6.43946 -7.82061 -0.564251 -12.9965 -1.5581 -0.312872 -4.31221 -3.32412 5.24714 4
-7.71302 -3.69362 -7.63688 0.482493 -7.56554 -2.00244 -1.58178 -6.73642 -1.77029 2.8486 4
-9.00588 1.09262 -7.17003 -4.65931 -9.73353 -1.63056 -1.15155 -2.85571 -4.75338 1.28587 4
9.56203 7.4964 6.92578 -6.2391 -9.21343 -2.82544 2.15755 2.07038 -2.51437 -4.83819 5
9.52739 7.53119 6.01267 -1.26132 -9.51526 -3.53995 2.62583 2.45821 3.45481 -5.43264 5
4.1964 6.04022 5.02825 -1.49586 -5.6235 -0.872076 2.49523 2.88363 2.20498 -7.07137 5
6.04445 8.43938 9.75456 -2.50211 -5.35345 -1.82873 0.649009 -0.508211 3.33981 -3.99368 5
6.75105 7.10194 12.7599 1.95006 -7.79646 -3.67582 3.34846 -2.19148 -0.125637 -2.15616 5
9.88857 7.95612 6.78953 1.22067 -9.44944 -5.42615 4.9196 -0.902567 -0.0979402 -4.64335 5
3.82829 8.17894 14.677 -2.27222 -8.95238 -1.95786 0.721426 -1.06473 2.69596 -5.96102 5
7.00077 6.38441 12.7055 0.327877 -11.9074 -5.81621 3.92168 0.362118 -1.10644 -6.92725 5
5.23517 6.3816 15.0464 -0.515197 -12.3579 -0.900994 0.997581 0.449045 1.55782 -5.50253 5
8.21014 6.91078 9.87088 -3.26102 -6.52631 0.410131 3.87959 3.51294 -0.361042 -7.09456 5
5.16929 9.39171 8.34912 -0.371822 -12.6367 -2.03754 3.00988 2.4933 2.44787 -6.99637 5
-2.44135 -8.78232 6.35306 8.32002 -0.785306 -2.47041 -6.86785 6.42805 7.6876 0.379847 6
-5.55286 -11.5789 8.63517 7.32911 -4.22407 -2.58796 -6.12511 8.87669 8.00886 -5.24181 6
-1.70101 -8.72235 14.3044 9.92434 -4.4548 -0.852637 -11.2519 5.97878 9.56764 -6.42488 6
-6.20047 -6.76323 11.9446 10.0984 -9.58123 -0.823444 -6.17547 5.58928 8.78844 -5.33437 6
-3.9525 -11.4711 11.2977 9.32762 -11.0542 -2.57368 -7.59407 11.5732 8.78905 -4.28671 6
-7.8709 -8.89765 10.2446 8.95761 -12.3356 -1.45355 -3.80268 5.42837 8.92384 -4.44104 6
-2.73287 -6.10055 10.3456 7.28611 -9.33298 0.0137302 -6.89204 4.07905 4.14117 -8.34422 6
-6.48457 -7.54781 9.64212 4.34267 -5.01369 -2.16601 -6.74542 2.63556 6.94504 -6.73615 6
-5.37044 -8.2889 8.74982 9.96173 -8.85096 -1.00423 -6.19743 7.41408 9.1444 -5.8023 6
-4.85585 -7.92302 8.71624 4.54293 -6.66844 1.34862 -7.51925 5.93191 8.53677 -5.8323 6
-3.87131 -8.39627 11.5056 8.7195 -5.95738 -3.21932 -5.27755 9.36105 8.09634 -2.38584 6
-7.11764 -7.14713 7.99889 11.3965 -7.24491 -2.82408 -7.32469 5.84781 10.7208 -4.63376 6
-6.49528 -8.51272 10.2032 6.32987 -7.42777 -1.11698 -4.95502 8.37344 8.93207 -6.62239 6
-4.31851 -8.33738 11.2588 8.31677 -8.25288 -2.09849 -4.09649 9.13049 9.96184 -5.27689 6
-7.33793 -8.1089 10.2876 10.7044 -4.28681 -2.33541 -8.49357 8.0202 8.37227 -3.75568 6
-6.3185 -8.02073 9.23329 9.78054 -4.58103 -0.253684 -9.0184 3.19685 4.31172 -4.18705 6
-6.8406 -6.52712 8.74996 6.99844 -5.37091 0.0761681 -9.24581 7.47245 9.18675 -6.25574 6
-6.76394 -4.3659 9.19238 6.98972 -5.23194 -1.06188 -7.69488 5.59623 7.65952 -7.54148 6
-7.36187 -9.50774 9.58687 6.30611 -7.55895 -2.00632 -8.96922 8.59518 6.57564 -4.66287 6
-6.78644 -9.59348 9.40483 8.13658 -5.60575 -1.73853 -5.54665 6.48658 12.1257 -6.44119 6
-6.26292 -6.57455 9.23123 5.34865 -4.54496 -2.72032 -7.09415 6.87632 9.86518 -7.34254 6
-3.30993 -7.4981 11.4806 6.51094 -1.20298 2.22035 -5.78466 5.87956 8.7458 -3.95478 6
-4.43794 -8.47743 11.9477 6.65813 -2.53327 -3.69024 -5.02643 12.7888 7.15429 -2.86695 6
-7.13106 -6.5143 10.5391 11.6854 -7.10197 1.10418 -4.58823 10.3846 12.2096 -7.25207 6
-4.61384 -6.57351 9.84459 4.29122 -5.93542 -0.886519 -7.10441 5.99241 8.51192 -8.82766 6
-4.0618 -9.11983 9.51436 7.99399 -8.73596 0.7783 -7.09211 6.51797 11.0014 -5.44604 6
-1.91114 -0.228909 -2.28727 6.57766 5.13127 2.8881 -12.3938 6.8418 11.339 7.30958 7
-1.96167 -4.53911 -1.27416 6.55774 0.982565 6.82097 -9.06373 7.27481 10.4054 1.10035 7
-6.23741 -3.19177 -1.12453 6.97011 6.04003 2.79459 -9.75281 6.21587 7.03429 5.94885 7
0.739351 -2.15395 -3.13597 6.26068 4.21126 3.38637 -6.03551 8.43069 9.7704 4.47106 7
-4.70948 -0.915164 0.12332 6.16132 7.24219 3.66899 -8.41786 4.01986 9.15521 5.06221 7
-3.69452 -2.4751 -2.35698 5.82891 3.55908 3.72804 -6.2573 4.88512 8.4564 -2.52503 7
-0.919426 3.69991 0.409356 5.57499 6.1607 2.14873 -9.26074 6.3371 5.79193 5.23347 7
1.41051 -2.01343 -2.16873 5.92728 7.16868 4.76997 -8.09862 8.18241 7.18969 1.72859 7
-6.09755 -0.852414 -1.88419 7.60852 5.25214 5.50179 -8.17287 4.20017 8.1611 1.52606 7
-4.27287 6.32285 -0.96862 5.70534 6.00992 6.58139 -7.64741 4.8072 9.92534 1.35772 7
-6.95174 4.31264 1.51612 5.79621 3.19383 5.51548 -10.859 5.61788 9.50813 7.64717 7
-3.08141 -0.246353 -2.10865 4.95953 6.72884 3.35414 -8.34866 8.27317 7.93886 4.42889 7
-1.8379 -1.17007 -0.153919 5.97044 4.682 4.67235 -7.80785 5.80533 7.54957 5.87917 7
-5.24183 2.8068 -1.55595 3.80066 4.70661 6.06336 -8.61119 4.5137 10.7651 6.93826 7
-3.05817 1.56716 -1.3107 7.00221 4.68352 5.19319 -9.26659 8.50001 9.33261 5.72345 7
-0.995532 4.04322 -0.422999 5.82883 9.07942 6.63906 -6.24594 5.58554 11.307 3.28421 7
-4.03558 2.57113 0.560885 7.58222 4.36616 7.25141 -11.1926 5.31682 12.9618 7.15493 7
-6.60013 -5.2729 -1.62455 5.77788 6.18023 5.78952 -8.73679 6.16435 10.289 8.47581 7
-4.8226 0.589284 -2.08943 4.93331 8.11292 3.04702 -10.5234 9.21299 8.77902 9.16799 7
-0.568487 -0.439629 -1.88157 7.11691 4.10595 1.244 -7.72772 6.05817 7.13705 1.66856 7
-1.55296 4.04363 -2.1733 6.8209 4.45669 4.63294 -8.76437 5.5471 12.4654 6.49863 7
-5.6621 0.981254 -5.10613 5.61696 8.07871 4.60821 -5.94002 6.11715 9.05945 9.04126 7
-5.78181 -2.28852 -3.23625 6.01183 6.37337 8.03772 -7.36038 6.55872 10.0949 8.93662 7
-5.25393 -0.192966 -1.43063 6.37537 3.05946 5.64727 -9.55236 6.40661 13.0442 5.1033 7
-1.9945 2.2052 -2.51969 6.0733 7.70255 5.70543 -8.99568 6.23306 8.98624 7.3182 7
-3.56624 -1.7035 2.8382 5.53886 7.02065 6.94303 -10.6813 6.31869 10.5385 4.87367 7
-3.09441 0.94183 -2.06923 5.91218 5.74163 0.604441 -6.4013 4.34152 9.80697 7.66245 7
-2.75606 0.820197 -1.73748 5.72277 1.70252 3.47806 -8.3596 7.03356 7.33868 4.23647 7
-4.32561 -0.30354 -1.3561 7.00394 4.86223 5.35527 -10.1841 6.4557 10.5002 4.6557 7
-2.59933 1.88191 0.59756 6.88521 5.80972 2.93926 -7.87621 4.80657 6.33452 1.90427 7
-3.40324 2.61282 3.35794 6.56709 5.79983 3.98395 -9.14694 4.0015 5.06928 1.16646 7
-3.13514 1.7398 0.710453 6.19253 4.85985 7.032 -10.8917 5.87451 13.3934 7.97979 7
-3.1179 2.86452 0.224224 5.20778 6.26385 5.95142 -6.79092 7.00304 10.0748 1.47118 7
-3.46888 -1.75261 -0.513302 6.49524 4.17633 9.16528 -8.53697 5.03812 10.9567 4.88528 7
-5.56448 -1.9102 -2.07478 5.78932 6.98383 4.84686 -9.02567 8.25192 7.01964 9.01191 7
1.63086 -1.94815 -2.00523 4.64691 6.40391 2.38454 -6.92723 5.54457 7.78386 8.14825 7
-4.46733 -0.927682 -0.540075 7.25519 4.12862 -0.116469 -6.52332 7.03288 9.00097 3.53632 7
-3.41746 0.514465 -0.174571 3.88116 8.05036 4.19582 -11.2177 7.42691 9.79207 4.31067 7
-1.47874 2.96816 -1.42308 7.05936 6.66205 5.13618 -8.05519 6.37956 6.92723 5.69 7
-0.915952 -2.30536 -5.28169 7.97805 7.38313 6.44993 -8.65186 7.13195 9.63752 4.75772 7
-4.89136 2.70149 0.630873 4.38284 5.71431 5.08844 -9.69603 5.66452 12.3428 5.77813 7
-3.46793 1.30398 -1.66432 7.63017 6.01962 4.70485 -6.10459 5.19115 8.61918 4.00994 7
-2.14042 -1.11094 -3.13424 5.64817 2.69753 2.49777 -7.84396 5.19118 9.92835 2.936 7
-1.21726 2.09895 -0.782 7.30105 5.31775 6.01683 -6.831 6.02633 10.4213 0.37864 7
-4.31266 -1.18275 -1.46116 7.00856 5.34247 2.53198 -11.329 6.17175 11.0572 3.16033 7
-5.69821 -1.96988 -1.25906 4.81664 5.73923 3.43526 -10.5335 6.11899 9.87615 10.6772 7
-5.59627 3.27165 -1.32605 6.2591 2.16981 2.96215 -7.45609 5.3954 7.99968 5.90142 7
3.36692 2.30791 1.02541 6.98057 5.36029 5.34441 -7.1115 7.48667 9.71222 5.89509 7
-4.6871 -2.07145 -1.56793 5.69576 4.77851 6.26325 -6.23003 4.60094 8.93072 -0.328319 7
-9.44287 -3.2395 2.21616 4.83381 4.03825 5.81899 -10.053 2.91045 12.6458 4.78864 7
-4.61435 -1.64226 2.17674 2.60661 5.7069 4.12872 -9.56336 6.36827 7.33741 0.301133 7
-2.28441 4.93372 0.452135 5.11196 8.99325 7.65246 -7.77389 3.33571 9.02679 7.25042 7
-4.3538 -0.173195 -1.07443 6.56164 5.2134 4.36057 -10.4055 6.85008 8.29305 5.47901 7
-3.78282 4.48099 -1.1702 6.65989 4.1363 -0.0760557 -8.27373 4.89637 7.98601 5.12547 7
-9.41362 1.01856 -1.0154 5.63011 4.68856 4.25547 -8.57746 5.52125 9.79162 8.42205 7
-4.10609 3.00374 -1.32189 8.65901 7.07049 4.44632 -8.30115 5.666 6.27347 5.74837 7
-1.86441 -1.6161 1.38056 4.62956 3.09844 -1.8526 -8.27495 3.60279 11.3053 2.49202 7
-2.52727 2.00954 1.56003 7.02676 4.64201 1.86297 -7.90618 2.57256 8.06641 9.52885 7
-1.44771 4.91449 -1.69829 7.06559 10.2355 5.80314 -7.88697 8.36306 8.54593 8.25141 7
-4.79051 0.448911 -0.581957 4.59914 5.80878 6.9351 -5.56112 6.0797 8.32241 5.12236 7
-0.828918 2.00284 -0.600297 5.42176 6.24945 -0.772779 -8.21061 1.785 9.16894 4.04222 7
1.08321 5.70904 0.178427 6.96627 9.27362 4.10681 -10.0129 1.48422 8.39294 3.99176 7
-3.75377 3.80365 -0.206189 5.8384 4.79633 5.8615 -7.91044 4.98971 9.93815 5.09936 7
-1.52259 2.09706 -1.70764 7.09487 7.70756 3.14365 -7.73678 7.17096 8.86813 5.08652 7
-0.818372 0.450288 -1.58426 6.69068 5.25368 8.17711 -6.10458 7.98731 8.52464 -0.437687 7
-2.66627 0.155358 -1.37997 4.9712 7.99426 7.10991 -9.51187 6.02465 8.82417 5.02683 7
-2.19963 1.00905 -2.42949 6.38871 6.55754 3.49975 -5.33861 4.51613 8.31153 5.80466 7
-7.04171 0.989237 -2.97358 -6.61968 -5.23542 -13.4297 3.14035 -3.08875 2.57415 4.48447 8
-4.11664 -3.26221 -1.49197 -9.19142 -3.4854 -9.19865 0.0276378 -3.92143 2.21375 10.8964 8
-6.91026 0.0550031 -1.9499 -5.47454 -6.2753 -11.757 3.63931 -8.21161 5.59619 9.29941 8
-4.90256 -1.95909 -3.93701 -8.04673 -2.10596 -9.76416 8.58257 -5.69969 0.62015 9.64305 8
-5.31328 -1.22401 -0.453911 -4.99413 -6.00207 -10.5814 6.55123 -2.66375 4.63376 8.42016 8
-6.33449 -1.49407 -0.785117 -5.1463 -4.96993 -6.87037 4.97561 -5.04115 0.983068 4.51262 8
-8.28075 -2.21821 -3.64094 -8.42799 -6.52126 -13.0055 2.99538 -3.49096 2.73309 9.37036 8
-7.30035 -0.867437 -5.51525 -7.58579 -5.54373 -10.8249 3.72385 -4.67835 5.45596 5.81453 8
-8.29965 -1.43442 0.219889 -8.58897 -4.71736 -8.19577 7.36999 -4.80847 6.28686 8.2148 8
-3.90374 0.00918792 -3.81843 -7.89627 -4.18836 -9.9258 6.85269 -0.693923 6.52886 7.03605 8
-7.92698 -2.15272 -2.10212 -4.44638 -2.25843 -9.43048 5.49925 -4.21747 0.510484 7.31264 8
-5.63177 -3.27193 -0.0208191 -7.82944 -4.19296 -5.3929 5.9715 -0.90487 4.9945 8.13748 8
-5.76764 -1.1018 -1.18366 -8.01509 -5.46559 -14.3741 2.57596 -2.27054 0.716032 6.70449 8
-4.8584 -1.44733 -3.51548 -7.30205 -3.73866 -10.0439 6.90434 -2.01043 5.65397 11.8304 8
-5.64052 0.616721 -5.16017 -11.8045 -6.11357 -10.6835 4.19938 -5.66818 7.26414 5.52366 8
-7.86328 -0.901725 -3.38453 -9.61707 -3.85766 -8.3041 6.33941 -3.63163 4.02754 6.95399 8
-6.25122 -3.19135 -5.12161 -5.56657 -3.93969 -10.2065 7.41259 -3.126 8.88851 8.14118 8
-9.04659 0.541656 -1.01821 -7.27593 -2.54326 -7.89556 10.4341 -6.56015 2.48449 8.36377 8
-6.37465 -0.726633 -4.85754 -8.11898 -4.97838 -11.3378 2.24989 1.18124 4.09288 3.16201 8
-7.71621 0.146692 -4.06308 -2.79603 -5.84618 -9.08637 6.33285 -3.84913 3.95657 7.19624 8
-9.21567 1.51351 -3.8096 -2.07863 -4.81383 -5.81034 5.51941 -6.10015 5.07483 7.20484 8
-7.54446 -2.10059 -3.74477 -6.03152 -4.85997 -5.61459 4.11706 -5.24058 5.10542 5.10011 8
-5.03869 -3.32884 -2.50375 -5.09277 -5.85526 -11.2677 0.618377 0.398477 4.59424 5.06367 8
-5.44191 0.802681 -3.88506 -4.59824 -6.05648 -9.9173 8.17371 -6.6823 4.64537 6.47605 8
-5.278 -2.92596 -2.04872 -8.3971 -5.32472 -5.51711 6.36032 -5.40794 2.60555 7.94509 8
-8.68855 -1.60374 -2.66198 -6.16321 -4.81882 -12.5134 4.26058 -3.47456 1.92235 1.13221 8
-5.24806 -0.940324 -3.44634 -6.27255 -5.87487 -9.32959 0.16617 -4.3857 2.84398 6.61653 8
-5.25376 -0.743197 -2.57318 -6.2556 -2.1932 -6.15681 7.27865 -7.29242 0.989363 11.1204 8
-9.02436 -0.59576 -5.81831 -6.30808 -4.15142 -9.68966 7.04051 -1.78743 2.93846 4.55808 8
-5.60126 -2.0933 -1.8441 -7.65061 -4.55998 -10.1749 3.54301 -1.78783 2.71651 9.37026 8
-5.76041 -0.132284 -2.74753 -7.24904 -3.42695 -12.6321 1.8104 -4.94012 2.07263 6.17545 8
-5.84564 0.957165 -2.87015 -11.3371 -4.19153 -7.49181 5.7162 -6.39288 6.71604 6.66511 8
-9.58338 -0.743183 -4.56411 -7.59958 -2.85314 -10.8521 5.15285 -4.01477 3.24684 7.57562 8
-9.64198 0.0605316 -4.61769 -3.78737 -5.08171 -8.7053 2.55204 -3.76782 3.51267 5.97893 8
-6.20448 0.385874 1.72913 -7.83952 -4.87661 -8.80435 4.55778 -7.50435 3.69497 7.10189 8
-9.24545 -0.575914 -4.92599 -8.84874 -4.62332 -5.16782 9.64526 -3.60462 6.28494 2.88969 8
-9.4212 0.128117 -1.50443 -4.98387 -4.53291 -9.28133 3.45244 -1.18292 3.54327 9.82641 8
-2.44203 -1.07869 -4.73724 -6.39567 -4.76051 -8.7596 7.87315 -3.66911 3.89888 6.13396 8
-10.9212 -4.59911 -3.68272 -7.37616 -4.01298 -9.23679 2.70075 -10.5557 0.97515 9.77463 8
-4.65061 -2.01283 -3.15666 -5.83883 -3.80881 -6.63641 5.12454 -4.28395 6.19724 10.0522 8
-7.13191 -4.93916 -0.514024 -8.16193 -3.68206 -7.57335 7.22735 -2.53753 0.856625 8.49176 8
-6.44172 -3.36198 -1.98396 -9.1126 -5.17588 -9.62745 6.83839 -3.3463 -0.245247 7.1423 8
-7.07852 -3.1311 -3.30949 -8.78868 -6.91391 -12.7292 -0.197501 -6.57919 4.00382 8.36613 8
-4.92895 -2.34668 -3.00533 -6.2053 -5.64197 -13.0301 7.32339 -5.22748 5.00571 9.03029 8
-8.07285 -1.14561 -4.78556 -5.70739 -3.8803 -6.75528 4.38812 -6.90379 1.78319 7.82721 8
-9.15807 -3.93209 -1.93118 -7.66711 -2.35086 -5.03723 3.27448 -4.64069 1.80886 9.52812 8
-5.93081 1.10991 -3.10417 -7.58379 -4.17049 -9.291 2.10114 -3.91489 2.94744 3.61815 8
-7.48692 -0.269225 -3.79685 -2.75215 -5.95612 -11.1321 5.00112 -3.03493 2.66325 7.7972 8
-3.88975 -1.72417 -1.9831 -4.79638 -3.90471 -7.0792 0.100915 -8.32925 -0.246328 6.00076 8
-7.40004 -0.160294 -5.65775 -1.35568 -4.65738 -12.079 3.2228 -6.5 2.62744 7.49363 8
6.55401 1.61329 4.99419 -0.65003 -6.57062 6.23915 -2.83441 -6.4521 1.95515 -7.87749 9
10.5561 -1.58077 2.78954 -4.86519 -2.4745 8.45126 -2.76415 -5.81543 -0.143303 -6.31666 9
7.77312 4.33836 1.81812 -1.93775 -4.99493 9.80673 -2.10295 -6.4845 2.98946 -8.15567 9
6.29132 5.78068 2.49362 0.692592 -6.58584 6.988 -2.4742 -4.86506 1.84287 -7.8713 9
7.80164 -1.79818 7.98404 -4.11008 -0.0401523 10.5278 -4.95854 -3.77628 -1.03859 -8.85636 9
6.22905 1.31842 -0.160503 -4.03722 1.55795 7.79409 -4.45515 -6.10501 -0.932933 -8.45148 9
7.06807 4.44717 3.68482 -1.99339 -5.95571 9.00746 -3.99142 -6.73372 1.93981 -10.9343 9
7.72089 -0.43773 0.668237 -2.48112 -5.46922 9.50019 -2.04532 -8.87458 -0.780819 -8.90019 9
7.57194 0.0936629 5.06134 -2.25504 -0.83759 11.0481 -4.65977 -1.45657 -1.35848 -6.36886 9
6.00698 -1.01382 2.89901 1.90524 -5.42787 7.67258 -2.11532 -7.61824 -2.0351 -7.9984 9
6.75428 0.964662 4.51107 -4.25615 -2.45307 11.0347 -2.19942 -5.47721 -0.554799 -8.91769 9
8.99812 3.8714 0.684106 -1.06553 -5.94636 9.21675 -1.67172 -6.00979 0.628558 -6.86025 9
11.0484 5.78857 0.801315 -1.15617 -6.22563 7.24274 -1.15769 -4.7453 -0.692873 -7.20714 9
9.07399 4.12053 3.6763 -2.62988 1.58898 6.30493 -4.50639 -6.28362 0.951 -9.73415 9
5.9053 -1.66152 5.6508 -0.953188 -5.81599 5.58188 -2.56198 -6.15731 1.10361 -10.0223 9
6.16318 -0.920926 2.21162 -1.99607 -7.4667 9.28236 0.202254 -7.61163 0.697478 -10.4279 9
5.93476 3.04552 6.27862 4.35768 -6.56236 8.55618 1.0331 -5.67443 0.935767 -8.29339 9
5.42506 4.44556 1.30596 -0.647727 -4.89256 4.51851 -2.19717 -4.24452 -0.202367 -8.89413 9
5.72867 6.38598 1.60692 -7.03114 -9.32168 -2.42733 7.39895 4.17769 7.24594 -0.451549 10
3.56676 3.66212 2.11813 -6.08433 -8.58831 -1.79321 9.25065 5.41353 6.45907 2.47445 10
5.19858 3.76846 -1.69702 -5.3767 -6.95182 -3.19208 8.68852 4.26997 8.78295 3.60465 10
5.69011 5.13737 4.2422 -9.32327 -9.03212 2.23424 8.11141 8.14525 8.39994 2.84151 10
4.92563 0.312586 -1.39413 -9.99865 -5.91958 -5.88941 9.96088 4.93099 7.84563 1.33995 10
7.4256 6.48421 -0.102345 -4.2351 -6.46716 -3.29407 6.75787 2.72724 8.98824 3.77999 10
4.81104 10.6473 1.45312 -4.59875 -4.24831 -0.922322 9.40908 2.3402 6.95781 -0.347245 10
7.52064 4.97595 0.0377499 -8.0686 -8.89515 -4.42737 8.04717 6.38624 8.20515 4.0329 10
5.83286 8.65588 -2.69488 -10.042 -6.29203 -4.62327 6.92556 4.69259 7.79911 -0.0717316 10
7.83457 1.4364 1.76018 -4.0721 -5.82967 -1.74014 9.89178 3.95459 7.14046 1.20551 10
5.25274 2.81742 1.93389 -6.936 -5.39767 -3.63623 5.79898 5.99822 9.10985 3.31562 10
4.76144 8.28714 -2.32974 -5.24855 -6.10629 -5.81686 11.1058 6.16523 9.24058 1.96888 10
6.25184 7.859 -0.976233 -7.74675 -7.34845 -0.249459 8.50073 4.29399 7.66934 0.831404 10
5.68792 4.51089 1.7378 -6.07083 -9.56791 -3.71186 10.5282 8.78707 8.80205 2.89428 10
4.98275 4.79638 -2.27434 -9.23276 -6.09508 -6.89846 11.5713 4.20755 5.50772 1.75915 10
4.94737 4.6873 2.39839 -7.15407 -7.45028 -3.81089 8.802 3.85862 6.21993 2.69837 10
2.67542 8.92127 1.41699 -6.61064 -8.46823 -3.97117 8.83978 7.9164 6.12065 -3.25919 10
8.76627 7.01206 0.850241 -3.12276 -4.58225 0.295763 8.75186 7.62678 8.78191 2.06064 10
3.94098 8.35706 -0.0846348 -2.87476 -4.47804 -8.62347 9.64217 3.53118 8.64954 -1.73586 10
6.963 6.34029 1.58662 -6.65561 -7.90648 -1.2557 6.10796 4.77027 7.16787 2.3846 10
7.7341 1.05964 2.08998 -11.6211 -9.82955 -4.85777 6.3831 5.60993 7.78103 5.78946 10
5.87475 6.76455 2.45789 -3.70332 -6.85395 0.876309 7.56645 5.57732 5.9103 1.92881 10
6.12255 6.16863 1.60815 -7.29453 -7.36543 -2.35659 8.82361 7.75965 6.44923 0.839559 10
5.51445 9.9903 1.53288 -3.82134 -7.40004 -3.36496 8.91305 3.03482 6.43142 0.460525 10
5.24358 10.0151 4.57017 -6.24468 -10.005 -0.18034 7.70417 4.96905 8.75217 1.98167 10
4.14864 -0.937844 -0.432074 -8.63331 -6.86556 -2.88028 8.94074 3.86081 7.75434 4.17036 10
6.33958 3.1924 2.52557 -7.21221 -6.93643 2.46139 7.98732 7.3954 10.8573 2.53072 10
5.4135 4.25843 0.473212 -5.48151 -8.42865 -5.68907 5.39204 2.31864 10.2635 -0.000944518 10
5.53661 8.15686 0.334602 -4.99729 -8.01951 -7.27714 8.38206 2.56435 6.94242 0.577157 10
5.64938 5.56887 0.0604929 -8.76161 -8.21269 -3.4598 9.99324 6.92544 6.11306 2.8815 10
8.15014 2.6253 -2.23323 0.145711 -7.01645 -5.16088 9.95014 5.65505 7.45395 5.02045 10
5.56158 5.24681 0.0190969 -3.30654 -8.58466 -0.556853 11.0431 7.54212 7.61202 0.32956 10
4.6091 4.87212 0.846728 -2.82361 -7.35898 -2.31394 10.1555 8.58973 5.95638 1.19329 10
4.74289 6.74784 1.65431 -4.18056 -9.0089 0.43824 8.32654 7.82786 7.53318 0.729152 10
4.20728 3.91276 2.41116 -7.2595 -6.14067 -3.07932 9.24749 4.54148 6.71276 1.47715 10
6.29838 7.04428 1.0141 -6.22605 -6.53221 0.14876 9.69311 6.54327 9.18221 2.26818 10
4.71018 4.69229 1.23294 -7.32348 -5.45375 -4.98669 10.4645 5.46115 5.36053 -0.241467 10
3.85973 6.29286 -2.09235 -8.58555 -8.5659 -1.71085 10.4818 4.91742 8.0985 0.992352 10
5.6853 7.59229 2.34996 -3.5575 -5.28563 -5.56843 7.75936 5.49667 8.66634 -2.58668 10
6.99042 8.01821 -0.507669 -2.3067 -10.5717 -5.47803 9.65184 6.69964 3.56744 3.46808 10
8.83394 8.2127 -1.40824 -3.95965 -8.22473 -5.1925 10.1461 8.30036 9.23247 6.00812 10
4.21868 8.08211 3.75102 -5.47745 -7.42901 -1.51692 7.93196 3.11862 9.55533 0.403069 10
5.98697 9.60146 -0.10516 -6.05752 -10.0871 -1.17972 11.583 8.12232 6.78588 2.46879 10
5.98667 6.81459 0.432271 -5.24031 -8.37541 -4.03378 5.96506 6.12328 9.21483 1.43193 10
7.7432 6.14108 0.221092 -7.02611 -5.94175 -3.3225 8.04001 5.51132 7.96526 5.71637 10
5.56423 8.66812 1.19332 -7.37924 -6.51156 0.894399 8.93807 4.57909 6.843 -1.1124 10
6.90143 10.4239 -2.89378 -2.27865 -5.45609 -2.55874 11.0761 5.01179 9.30966 3.21964 10
8.02042 9.22375 -0.722588 -4.03838 -9.12263 -3.47242 9.51775 3.55348 5.39054 3.83985 10
5.70854 3.5886 0.349688 -4.00657 -7.33958 -6.98051 9.85665 2.28554 5.80373 -0.0576588 10
5.0783 9.15285 -1.09773 -8.92613 -8.87934 -1.35397 7.95118 10.663 7.48442 3.17528 10
3.49078 5.10448 -1.63718 -6.92704 -8.7908 -3.33839 10.4558 6.74625 7.04761 1.02926 10
7.01799 8.67808 -0.915951 -8.64028 -5.48365 -4.45413 7.91442 6.61596 8.88138 0.806845 10
6.43358 4.50721 -0.956279 -6.33046 -6.79812 -1.4896 10.6076 7.98741 8.85517 -1.0716 10
2.88242 6.36176 0.914071 -7.42554 -7.6887 0.465177 8.3938 5.48644 6.5888 2.30955 10
6.15627 6.29464 4.13373 -4.42415 -8.62886 -2.19475 9.19151 7.00821 4.68859 1.39359 10
3.91499 9.19371 1.1128 -7.15844 -8.6315 -0.573414 8.53662 6.35823 5.06284 1.42635 10
6.92813 14.4421 0.864106 -2.2754 -6.74501 0.409252 5.90001 5.18524 7.20834 1.48865 10
6.47389 7.2392 -2.96427 -9.00255 -9.97862 -2.23586 8.30749 7.82582 9.3166 4.41756 10
6.13356 9.32426 1.5432 -5.25454 -5.12681 -2.24085 8.92052 4.00882 5.83933 4.02478 10
5.42991 5.14872 -0.26164 -7.54738 -6.27494 -3.70512 9.63841 5.76911 6.66228 1.64362 10
7.18648 7.58049 4.17844 -3.47551 -7.8889 -2.48304 6.65669 4.13768 8.91714 4.98935 10
5.78135 6.37688 1.19088 -6.85352 -10.5605 -1.91296 12.1622 5.78706 6.65419 0.744245 10
4.38672 10.0442 -0.0887455 -8.88583 -6.66599 -7.49747 7.98029 4.21215 8.43148 -1.99819 10
6.25173 4.59243 -0.971556 -5.91938 -4.78072 -2.16769 11.9924 3.97044 7.414 0.8098 10
6.49508 -2.35382 3.38756 -6.90041 -8.17463 -1.2996 8.78429 2.38797 7.86224 3.36577 10
4.42838 10.54 -0.427811 -6.35971 -5.98886 -3.08155 9.02863 4.28817 6.03677 1.89971 10
5.76157 2.17362 -1.82569 -10.429 -7.17584 -6.51983 12.7803 4.65608 8.88017 1.31188 10
4.21164 2.56305 2.72369 -5.3618 -6.14092 -4.15714 6.42733 6.14448 7.95767 1.55393 10
6.38785 -0.293514 1.8897 -4.96287 -6.73739 -3.40684 10.6647 6.08865 7.09154 2.98626 10
3.85826 5.01815 3.01336 -7.0783 -7.35734 -4.07374 4.85577 4.95816 7.25889 3.91715 10
5.2446 2.54113 0.446372 -8.92924 -6.07037 -2.60313 8.65964 4.2932 7.20674 2.63376 10
4.99316 5.17119 0.759419 -2.69454 -8.85137 -5.62288 11.8418 2.47486 7.02354 1.10572 10
8.07581 6.79311 0.605367 -4.49475 -4.37209 -2.67092 8.81955 4.59378 8.26255 2.93264 10
5.67337 8.40704 0.949281 -1.19988 -9.52063 -1.54767 6.82238 7.34537 6.02846 2.40598 10
5.438 4.64416 3.18565 -8.85364 -9.04889 -2.4261 10.7703 8.06864 6.99285 -0.528927 10
4.20186 3.67323 2.4148 -7.32791 -4.17745 -3.48316 9.40455 4.64195 6.24281 0.532688 10
7.07486 4.10106 3.77201 -3.52441 -7.95883 -8.10595 7.08022 6.12863 6.30323 1.66528 10
4.58983 7.64719 0.760632 -6.21979 -8.80612 -1.39044 10.6228 3.54262 8.54085 2.11444 10
4.90835 3.69598 2.43362 -4.37881 -7.59145 -0.762592 8.74676 5.00658 5.63541 4.08993 10
4.5545 8.16135 -0.908435 -6.72676 -9.91964 -4.155 10.3602 7.72666 6.95832 1.59828 10
6.85826 8.94187 3.08591 -2.815 -9.16994 -2.80892 6.17899 4.48947 6.21689 3.03186 10
6.21762 7.41204 2.93743 -9.27316 -7.04007 -0.582223 9.06405 6.59157 8.26288 2.91634 10
5.1106 2.98005 1.22252 -4.44566 -8.14617 -5.26791 8.8761 2.02671 6.67176 2.68733 10
5.46922 7.36278 -0.914024 -5.58191 -8.06146 -1.66747 10.4121 4.05677 6.46448 2.01674 10
4.66098 5.71638 2.04585 -4.94458 -5.60659 -8.19158 7.20307 2.46115 7.22605 0.723654 10
6.78915 3.92545 -2.16809 -8.1062 -10.0242 -6.48328 7.84129 4.07418 7.12143 2.63863 10
4.69659 4.71404 0.437461 -3.92409 -6.78845 -4.78069 8.00693 5.84768 6.52034 2.95907 10
3.44686 6.42264 3.31165 -7.26244 -5.4223 -4.94042 9.33344 4.12282 6.89767 -0.00721216 10
4.54056 2.7867 1.82743 -6.18373 -9.22945 -1.46173 6.6094 7.20734 5.66106 1.84621 10
6.12044 8.14048 -0.427107 -3.63999 -7.90166 -1.05304 8.66438 9.10459 5.71591 0.270655 10
3.27433 2.95411 0.657992 -5.45851 -11.7755 -2.39253 8.14045 6.3201 8.53789 2.12916 10
7.44343 6.03598 0.760857 -5.23028 -8.78806 -0.448935 7.00719 3.86721 7.52812 2.58062 10
5.07264 5.1012 0.536678 -6.40016 -7.92667 -2.89946 8.79116 6.61837 6.91719 4.53011 10
6.08927 8.40352 1.96935 -4.62059 -10.9371 -2.82161 7.80418 6.75477 5.87206 3.81947 10
7.36902 5.91417 1.49039 -6.64914 -4.75001 -0.261306 10.2815 4.28007 6.42119 2.51206 10
4.28848 5.28045 0.65976 -5.17132 -7.5934 -4.74442 11.9846 6.29288 6.62503 0.295694 10
6.70716 10.3426 2.10097 -3.21322 -7.22186 -1.11313 9.02294 6.67866 8.89038 1.09099 10
4.04989 5.53192 5.30199 2.90797 -3.695 7.60798 2.05022 1.67504 1.77798 2.58056 11
-1.64045 5.57292 3.26218 1.8351 -1.13707 7.49446 0.776188 -0.420454 3.84934 6.67934 11
4.44472 7.89825 1.66666 1.80412 -4.75201 8.40688 -2.32942 1.99478 4.40166 3.84582 11
3.50948 6.98386 1.58317 1.94832 -1.60928 8.6482 -2.06396 2.58837 4.59985 -0.783572 11
-1.18181 0.761293 3.52247 0.611387 -2.78669 9.06051 -0.189119 3.65878 4.25129 4.21301 11
3.06593 8.27347 5.21168 0.499189 -4.08615 7.34955 -0.699667 1.63335 -0.797188 3.07797 11
2.66297 3.11714 7.2725 5.01207 -4.75138 10.7036 -1.45879 6.18717 5.17371 -1.36578 11
-1.15979 5.77847 5.22193 0.654376 -5.07074 9.60062 -1.60856 5.27068 4.44957 0.598106 11
-1.84735 4.88491 3.26125 -1.46918 -2.06867 7.87656 5.22056 7.92508 4.09914 5.20147 11
3.6519 2.11694 4.94789 -1.36631 -3.64501 9.48567 0.343405 2.17828 3.28262 4.93791 11
1.04517 5.66168 0.213929 0.660911 -3.27255 8.26304 -1.64622 6.3249 3.75735 4.85063 11
3.68535 6.27767 1.5519 -1.91238 -2.18488 9.49582 2.87576 -1.08469 2.63638 6.71146 11
9.86313 -0.298254 -7.76959 -5.46705 -3.34081 0.56529 -6.64783 -3.86111 -9.24286 -7.45725 12
12.4985 -3.49534 -10.7872 -4.61008 -3.61236 -1.61679 -8.05913 -5.72867 -8.48319 -6.11418 12
10.6538 -5.81646 -9.3478 -4.20464 -5.00147 -0.508897 -7.60316 -4.13974 -4.17904 -6.66302 12
12.1246 -1.73968 -10.3129 -6.76393 -3.34192 -0.317468 -7.42508 -3.86362 -10.07 -3.10438 12
8.72306 1.4386 -4.85844 -7.96341 -5.60673 -1.97907 -5.30813 -5.74264 -9.3137 -5.75829 12
8.51789 0.0288997 -7.86779 -4.71987 -6.52739 0.534353 -5.92926 -4.36102 -11.4082 -3.72331 12
10.5497 -5.3528 -10.0062 -6.28735 -2.03188 -0.136748 -10.1693 -5.72562 -6.79818 -6.85262 12
7.67405 1.58874 -11.2456 -7.96591 -3.77125 -0.451201 -8.35587 -5.65423 -5.89833 -5.13063 12
7.77912 0.63508 -6.95216 -4.05445 -1.65232 -0.42031 -8.6151 -4.33896 -8.73496 -9.59798 12
7.86432 -1.53904 -9.53341 -6.02861 -3.8762 -1.96557 -9.876 -4.66086 -6.27183 -6.19146 12
7.47189 -2.73732 -7.17031 -3.79076 -2.62226 -1.76584 -8.65162 -5.06268 -8.9934 -3.64973 12
9.86162 -0.151778 -12.2139 -6.07075 -3.34539 1.76862 -7.4557 -5.33421 -12.2343 -2.81434 12
9.77866 -2.64828 -7.23739 -4.67309 -3.05521 -0.580058 -4.63438 -4.96062 -8.51345 -10.9082 12
9.08515 2.32392 -9.37142 -5.30531 -2.37447 -1.68786 -7.58146 -6.73976 -10.8337 -5.40263 12
11.4554 -1.54206 -6.87921 -2.07642 -2.95339 -1.16193 -2.36776 -3.79167 -3.96725 -9.41463 12
11.0444 0.407696 -8.14914 -4.49139 -3.79378 0.824609 -3.86372 -4.99391 -9.17929 -3.9171 12
9.57082 1.23996 -8.78008 -2.92758 -7.46862 0.0169405 -3.86957 -4.19593 -6.18161 -3.81303 12
9.73628 -0.199381 -10.0266 -1.49704 -3.71808 -3.74409 -9.05947 -7.31062 -8.41258 -4.58036 12
9.49066 -2.29091 -11.4918 -5.40699 -2.20759 0.967397 -7.60327 -5.96574 -10.8379 -5.4518 12
8.80031 -5.01776 -10.506 -2.85712 -3.30623 -2.51197 -7.82497 -5.03841 -7.98251 -7.49658 12
8.33808 -0.226708 -9.95636 -6.56735 -5.70853 0.38035 -5.04605 -6.24305 -10.666 -7.86621 12
8.23677 -2.20394 -10.2092 -2.3151 -5.96126 -1.93535 -7.19453 -3.72345 -7.0005 -5.6374 12
9.33245 0.0554473 -10.5287 -7.21855 -5.04511 -2.52616 -2.85641 -2.19963 -9.02821 -3.86198 12
12.0451 -1.43805 -8.75069 -4.56784 -5.59777 -1.87559 -5.56248 -5.87815 -8.29278 -5.58126 12
6.73735 -2.94825 -10.5973 -7.56514 -5.72487 -1.11914 -7.47136 -1.02121 -9.64898 -5.23174 12
7.87981 -0.16019 -8.60027 -5.62314 -4.40187 -3.29029 -5.62349 -5.65714 -10.2635 -7.18473 12
8.82141 -0.469778 -7.78793 -5.69245 -4.78001 -0.746348 -5.75469 -6.77749 -9.11736 -5.5305 12
11.2291 2.06636 -8.2542 -5.14172 -3.27748 -3.33332 -2.93483 -5.168 -6.96976 -8.98631 12
9.84261 -0.43418 -8.65855 -5.19545 -3.021 -1.61608 -5.69433 -7.30343 -3.86794 -2.26695 12
10.963 -2.48141 -10.4906 -3.50684 -4.05818 -0.365918 -4.16486 -7.14417 -11.0585 -4.26527 12
8.9022 2.33146 -10.0377 -6.52606 -6.9962 -2.56428 -4.37761 -1.46009 -8.22927 -4.00823 12
11.2058 -1.04329 -8.95398 -3.16641 -4.95569 -2.88726 -1.86711 -7.69284 -10.973 -0.817632 12
10.0809 -2.66086 -7.15089 -8.48985 -3.48972 0.222372 -6.77509 -2.82886 -8.91926 -5.8759 12
8.21777 -2.6464 -9.44786 -4.87402 -3.38686 0.0580633 -8.18535 -3.9334 -7.0141 -3.53414 12
6.08198 -2.49578 -8.10625 -2.30729 -4.85877 -2.47913 -9.58928 -5.28416 -10.0159 -4.46903 12
10.2877 -1.07049 -7.56849 -4.15536 -5.50451 -1.69558 -3.44157 -6.09985 -10.0978 -4.05547 12
7.88179 0.0528732 -9.01524 -7.32913 -3.50145 -1.00503 -8.14294 -3.62828 -9.46929 -5.99171 12
10.6181 5.08335 -9.67299 -4.42169 -7.7958 -5.07042 -4.18961 -5.25762 -8.51199 -5.17254 12
9.0155 -2.13161 -9.28865 -3.22777 -6.78115 -1.56018 -7.81054 -3.46876 -6.02254 -8.66044 12
8.17164 1.13265 -8.94773 -5.46079 -3.99136 -0.483847 -5.08843 -3.04964 -7.65899 -7.43234 12
9.99678 0.348125 -7.04069 -5.28255 -3.48034 0.372855 -6.58307 -6.63375 -8.75387 -8.42601 12
12.9606 1.31213 -10.2351 -3.98358 -2.07644 -1.21415 -1.612 -5.86734 -7.44893 -8.27414 12
9.61409 -0.204586 -8.80878 -6.62256 -5.37898 -1.23593 -4.88812 -9.48487 -9.74533 0.713876 12
12.7723 1.96203 -10.4054 -4.27638 -1.97881 -2.2296 -6.28058 -6.52694 -6.2646 -7.16809 12
9.20722 1.00959 -7.33682 -2.00757 -5.24831 -4.09433 -6.22612 -6.3314 -11.0015 -7.75072 12
11.2617 -1.97399 -10.3219 -4.07751 -2.51926 1.23856 -6.13774 -2.40061 -9.92163 -1.44426 12
8.87226 -3.9345 -7.27957 -3.4427 -5.13838 -1.68235 -6.77536 -5.16726 -12.4546 -2.70443 12
11.1211 -2.87669 -9.33654 -6.93358 -7.08997 0.147869 -8.74454 -4.45591 -5.45844 -6.18891 12
8.47974 1.23368 -7.71145 -7.94526 -1.84891 1.3725 -8.45327 -6.75494 -7.47895 -5.68872 12
8.59352 -0.0709261 -8.14512 -2.96334 -4.8135 -1.82573 -0.817308 -4.75713 -10.8951 -3.02186 12
10.8575 -0.803766 -7.54808 -4.52729 -5.0579 0.70041 -7.13263 -4.11707 -8.71626 -5.493 12
8.41668 -0.652817 -8.06435 -1.67814 -5.00812 -2.47595 -5.85846 -4.55512 -11.6554 -5.13741 12
11.4864 -5.6312 -6.26277 -5.04366 0.584274 -3.54043 -5.50258 -4.19357 -8.91661 -6.06346 12
11.6743 -1.69131 -9.5029 -5.84882 -0.0927457 0.655999 -8.50969 -4.81384 -4.22551 -6.24401 12
8.21918 -1.77339 -7.36888 -7.34717 -4.04597 -0.248058 -8.97601 -3.27849 -7.56487 -5.87656 12
9.51535 -3.194 -9.14598 -7.30265 -7.06424 -1.32518 -8.01606 -6.45763 -9.79053 -7.83531 12
7.99855 0.820681 -12.2746 -5.07919 -4.84168 -1.4109 -6.38295 -4.41398 -7.28061 -1.17582 12
10.6627 -0.57629 -3.86801 -5.46095 -6.99169 -4.08448 -5.16801 -7.94847 -7.47531 -2.45793 12
8.57881 0.47125 -6.44692 -6.57633 -4.91871 -3.31817 -3.76399 -5.57458 -8.82451 -7.26923 12
10.5071 0.330824 -8.79518 -4.2309 -4.03711 0.496315 -6.17821 -4.73405 -11.2102 -2.29467 12
9.18964 -2.58573 -7.77026 -6.54502 -5.4146 -0.156464 -6.48875 -7.40854 -11.1477 -6.46537 12
9.70607 -1.77892 -8.66477 -4.45383 -5.41775 -1.56067 -4.91308 -4.12411 -10.9861 -5.19714 12
9.89502 -2.54845 -9.97701 -5.73702 -5.08314 0.232663 -5.78205 -4.38459 -10.4604 -6.28323 12
9.71351 -2.01162 -8.36521 -5.06476 -4.27349 -0.380783 -7.98832 -5.86838 -7.51097 -7.81855 12
8.1519 1.74225 -10.7077 -4.57363 -2.12738 0.393948 -5.29954 -3.54163 -9.35802 -3.01668 12
9.33372 3.43828 -9.19958 -7.32185 -6.45433 -2.61188 -5.75487 -5.54914 -10.5497 -4.80748 12
10.7002 -3.49149 -11.2878 -5.08164 -5.82989 -2.07926 -6.89213 -7.61311 -9.16696 -3.37497 12
9.27359 -2.20787 -6.81205 -6.51503 -5.17106 -2.9606 -8.60002 -5.58181 -10.3046 -5.70485 12
10.135 -0.141193 -5.98723 -4.92326 -1.8018 -2.29721 -4.88361 -4.8776 -7.83434 -6.75757 12
10.3489 -2.88018 -7.7051 -7.25711 -3.32772 -3.15787 -3.36644 -3.71231 -8.70172 -6.64397 12
11.1602 -3.97967 -8.78995 -5.26072 -3.69379 -0.102952 -8.21011 -4.66912 -6.84493 -3.29606 12
9.04634 -2.2472 -9.0149 -4.5159 -5.85911 -0.0614396 -5.07187 -5.87894 -9.5954 -6.17277 12
-1.48526 -0.587921 2.02651 4.60354 0.0289815 -7.60286 7.17593 5.37556 -11.5266 -6.89734 13
0.400692 4.5901 0.151981 -1.69288 2.66928 -5.42064 7.53717 5.76951 -10.1486 -8.99091 13
2.57072 2.82605 0.403928 -0.048729 2.70436 -6.31772 7.25764 10.0452 -6.96762 -9.2352 13
4.2645 3.93437 2.93725 -3.32233 3.43691 -6.00636 13.2961 8.83306 -9.62283 -6.08222 13
1.34005 3.21235 0.739008 -2.31386 4.41033 -5.64257 7.08037 7.81573 -8.36057 -8.20726 13
0.546137 0.984669 0.293025 0.291795 1.36242 -5.87922 11.173 6.16802 -8.91359 -9.52414 13
0.630776 1.55701 -0.620567 -1.93198 4.22008 -4.41636 9.17379 6.90981 -9.75234 -9.62189 13
3.93507 4.06928 4.41329 1.06612 2.46564 -3.76106 5.33855 9.99803 -11.8218 -10.4118 13
1.90089 4.83692 0.664187 -0.302977 4.04125 -5.55845 6.76328 6.21948 -8.44494 -10.4733 13
-1.56494 3.16051 0.0971527 -1.59595 2.49643 -8.39617 5.24254 3.53063 -8.47182 -10.1763 13
4.40011 2.67157 -3.07481 -0.457526 2.35993 -6.15268 8.37476 5.23785 -9.2754 -12.3526 13
-0.481569 4.40854 0.372621 -4.92693 5.2488 -5.24943 4.61496 6.3766 -12.6694 -10.8829 13
3.51855 5.26226 1.42815 1.94942 4.2567 -5.62638 7.58209 8.21944 -13.3068 -10.8925 13
2.05072 3.22733 0.368468 -0.285238 3.638 -6.70062 8.99915 11.042 -11.6708 -12.0931 13
-0.0697483 5.02982 -0.438623 -1.557 3.03459 -1.49925 8.26712 5.96439 -12.8405 -10.3974 13
2.28766 4.5759 2.0894 0.993233 3.82725 -4.82351 5.6729 7.35178 -7.11013 -10.1968 13
3.62408 4.86399 1.33625 1.91369 4.80677 -3.90067 7.59953 3.67598 -9.89351 -8.52917 13
-2.84359 0.85038 -0.906634 4.22875 4.2816 -3.86211 6.61049 7.0207 -14.4833 -9.27579 13
-2.14042 3.03225 -1.80474 2.54432 2.29347 -4.71607 5.97418 3.94302 -6.99059 -7.98105 13
1.11176 3.89904 0.334183 0.0690236 1.46699 -6.5423 8.66666 5.17545 -11.4883 -9.48736 13
1.35796 2.28678 -1.31357 -0.981668 3.93397 -6.29323 8.83817 6.34159 -10.4807 -11.5803 13
1.27104 1.17282 1.62934 -3.30443 1.96851 -5.31188 5.93655 10.1781 -9.63299 -6.65886 13
4.41323 5.35109 1.11336 -1.89364 2.88455 -3.44647 6.88798 5.3477 -8.16193 -11.4629 13
0.116012 4.53143 1.48531 1.35393 -0.317124 -4.48002 5.36009 6.58849 -7.73135 -7.79423 13
-0.944852 3.5295 -0.0491857 -1.91638 4.29868 -4.82199 5.99611 4.38061 -15.9105 -8.34829 13
2.15935 3.41824 -1.17489 4.52469 2.23066 -8.59062 11.0685 2.8219 -11.2825 -7.30821 13
-1.79898 4.66132 0.268997 -1.26779 5.03709 -6.15608 8.50379 2.39531 -11.7973 -8.83511 13
1.28337 3.43114 1.60056 0.00490065 3.26276 -3.69443 7.55262 9.2088 -9.5116 -9.6244 13
-0.235266 2.73386 1.84342 1.34948 5.61821 -3.80605 7.60889 7.029 -8.51121 -7.2399 13
2.75443 4.73091 1.28836 1.43351 2.79808 -5.40133 11.6906 9.99982 -8.45963 -8.66269 13
1.57987 3.48996 1.14429 0.189229 0.63711 -3.73374 10.378 6.86466 -8.80351 -7.03973 13
-1.59752 4.5005 -1.94364 -0.82109 3.04967 -5.19134 6.37543 4.91629 -11.3722 -7.96046 13
4.65385 2.23839 0.990081 0.191038 3.8387 -8.3139 7.75725 7.49235 -12.1675 -7.9038 13
-3.71293 1.54218 2.54933 -1.83722 4.15225 -7.5112 6.08917 4.75714 -9.83647 -7.37243 13
2.97586 4.4586 0.231371 -2.55678 1.22607 -5.934 8.59605 10.2484 -2.90246 -8.19364 13
2.34475 4.87958 0.956006 0.908971 2.84903 -2.52954 10.6048 5.33416 -10.0128 -9.10993 13
-1.00587 1.46657 -2.71209 0.405868 3.3025 -3.74316 9.87589 7.99365 -10.3035 -7.65818 13
1.32572 4.07832 0.0601325 0.624729 0.559549 -6.32981 8.32362 9.70581 -6.63834 -9.25279 13
4.16679 1.86619 2.20406 0.40999 3.09158 -6.8719 10.0861 7.83058 -9.79837 -6.42033 13
-0.173514 -2.11995 4.32763 -2.7391 -2.63061 11.8962 1.01727 9.14042 9.70214 -3.44643 14
-0.37641 -5.13446 5.051 -6.21906 -7.50992 10.1844 1.42647 11.0777 6.78618 -2.72881 14
0.476483 1.62051 4.87173 -6.88945 -1.0101 10.4963 1.94494 11.2118 6.90155 -1.80635 14
-1.72712 -9.17167 3.86155 -6.20531 -2.60871 9.04594 -0.497117 9.56903 2.41481 -4.21662 14
-1.76001 -8.00682 6.69839 -4.79776 -5.08212 2.07225 -0.128165 11.0613 2.61148 -0.573532 14
-2.85766 -2.19722 0.570038 -4.06928 -3.38775 11.2432 0.510424 8.83719 2.63584 -0.173985 14
-0.963682 -4.03554 6.47061 -5.8697 -6.84482 7.2949 1.30824 9.67604 8.57225 -4.84708 14
-1.46131 -1.04748 0.780259 -7.31398 -3.74802 5.47135 1.75286 11.2212 6.69831 -2.92492 14
0.707216 -5.15166 10.0741 -4.35327 -5.44596 6.95424 2.28926 7.33411 2.29864 -4.41842 14
1.76364 -4.06852 4.92987 -2.94929 -4.53925 9.80472 -1.17611 11.5878 8.23778 2.86011 14
3.21222 -0.185299 1.3497 -6.0184 -5.16926 7.67641 -1.6734 7.88323 2.13974 -1.60007 14
-1.95126 -6.77832 7.67334 -5.01029 -4.95028 9.49368 -1.5213 10.8545 6.21679 -1.86287 14
-0.466422 -10.1162 -10.5311 -8.57543 -3.51783 -5.34229 -6.42075 -4.02109 -9.90876 3.8656 15
4.13696 -6.44599 -9.32479 -7.75758 -9.55817 -4.91903 -2.81196 -2.58861 -8.723 8.08667 15
-0.155799 -11.5126 -9.6447 -8.6892 -1.95878 -9.09031 -5.34423 -5.09888 -9.08631 9.68584 15
3.19072 -6.36406 -12.4657 -4.97668 0.412823 -2.32718 -6.19671 -1.54244 -11.2292 7.10862 15
2.15841 -10.159 -11.1899 -9.99 -5.56883 0.208453 -3.5148 -1.87412 -8.24117 10.2256 15
2.67153 -12.2901 -11.5846 -12.0408 -2.91023 -4.89276 -4.5965 -5.64359 -9.09377 9.41505 15
3.16757 -9.22905 -11.4555 -5.12039 -2.32428 -5.32757 -6.81698 -6.42479 -7.41253 9.79499 15
4.18102 -8.54329 -9.00184 -7.42951 -4.76467 -6.73106 -6.09178 -2.01477 -6.81779 7.20066 15
0.565984 -11.4685 -11.8344 -10.1884 -2.3189 -3.97282 -6.84568 -6.47882 -8.42114 7.96657 15
-1.59618 -7.87427 -13.6858 0.703899 -2.64832 -4.04041 -1.56999 -3.81917 -10.3882 4.65121 15
-0.703607 -7.82745 -7.61711 -7.67555 -0.841446 -3.53831 -6.4904 -4.94242 -8.36873 6.05009 15
3.5369 -5.14542 -11.9169 -6.98456 -4.93839 -5.53858 -2.16628 -5.3858 -4.90807 8.07941 15
0.443682 -6.65528 -9.31232 -6.2272 -3.65664 -5.24278 -2.24424 -4.01202 -7.10362 8.2471 15
4.22565 -9.78745 -8.24588 -8.25275 -2.16678 -2.81082 -5.63774 -2.96053 -11.0803 3.90655 15
1.96382 -11.3459 -9.69829 -5.65082 -2.41457 -4.64776 -7.2201 -4.89031 -12.6229 5.55798 15
0.252102 -9.7365 -12.0692 -5.84966 -0.970398 -2.51674 -9.41169 -3.16791 -8.96067 3.48744 15
5.71067 -8.18683 -14.7355 -4.02095 -2.6581 -3.85686 -1.83457 -3.73422 -7.91105 8.80538 15
1.51755 -8.23549 -9.66281 -8.22255 -3.70629 -1.44352 -1.45324 -7.72818 -7.6463 8.49845 15
3.64816 -9.90071 -10.5121 -7.65814 -2.2617 -5.78606 -7.59492 -1.51676 -10.9279 7.92232 15
3.1508 -9.70477 -8.28254 -9.44795 -2.91738 -4.89982 -4.18438 -3.90622 -9.68652 3.43626 15
0.221113 -12.3675 -6.17361 -8.50324 -3.30894 -6.42932 -1.74251 -8.07778 -8.16599 7.11779 15
1.55271 -7.59715 -11.9939 -7.60687 -2.66222 -2.54832 -5.52693 -2.9452 -9.36679 8.95949 15
0.797319 -8.32275 -8.4403 -4.79939 -7.17595 -5.7136 -9.92737 -4.99916 -8.95127 4.73777 15
2.15379 -10.1318 -8.66877 -4.78718 -2.743 -3.53332 -5.67897 -4.80913 -4.09372 8.59517 15
1.40095 -11.751 -11.0516 -11.643 -3.94592 0.272021 -5.7723 -5.80376 -7.51979 12.5369 15
1.85856 -8.88215 -15.3615 -11.8159 -2.61221 -3.80538 -1.50831 -7.99343 -9.31397 6.13742 15
6.42959 -5.04359 -9.18767 -8.01634 -1.12349 -3.66972 -6.3773 -5.07782 -10.0415 6.17721 15
4.12571 -11.0529 -11.4304 -9.56288 -5.11855 -6.2321 -1.3475 -3.067 -8.26201 7.76869 15
-0.0569382 -8.71408 -11.6415 -5.24314 -2.67713 -5.81372 -7.71209 -3.57559 -7.54481 12.8378 15
4.66549 -10.7384 -8.05414 -7.79931 -1.71701 -2.6937 0.956926 -4.42357 -8.58371 6.62021 15
-0.37616 -9.15107 -12.1178 -7.06164 -1.47963 -2.88914 -2.14402 -4.42654 -8.26576 12.1162 15
2.93288 -9.65536 -8.83228 -9.00053 -1.85263 -8.41494 -7.25279 -5.28973 -4.80632 6.07804 15
3.9447 -7.89852 -7.39105 -5.7904 -3.64187 -6.49994 -4.46747 -4.74172 -6.64733 6.45549 15
3.24836 -8.71987 -9.99351 -9.82326 -3.06773 -4.83185 -4.57465 -7.49157 -10.0832 5.96568 15
-2.62867 -0.254373 -5.85213 8.55407 7.70338 -10.2839 -8.66614 -4.32287 0.82769 -11.3212 16
-5.87782 -5.71359 -7.76646 4.74535 8.13756 -5.58485 -8.37995 -2.33486 0.464716 -4.60537 16
-2.33671 -0.0026952 -8.06885 6.17087 5.3088 -8.27554 -12.1841 -5.33509 2.71065 -6.14757 16
-3.3037 -3.16249 -6.40176 6.90514 4.56178 -9.67393 -6.01367 -4.67766 -3.51371 -6.94217 16
-5.02034 -0.302122 -7.64465 4.05888 9.99445 -7.33617 -7.86436 -4.53052 1.38599 -11.2884 16
-3.27156 -3.73034 -6.85528 7.43761 7.00164 -9.30615 -7.8044 -4.25689 3.18774 -8.02689 16
-6.38298 -2.02511 -9.33586 4.02302 7.61353 -11.1121 -8.52283 -9.38419 -0.386612 -7.66251 16
-3.60428 -2.79991 -8.7103 5.49271 6.0146 -9.07613 -4.86289 -1.47494 1.61405 -7.06942 16
-2.78416 -2.16655 -8.68848 6.89838 4.46286 -9.68828 -9.12659 -0.548794 1.95334 -11.2056 16
-5.36468 -4.25248 -6.05998 4.05916 4.71134 -7.12957 -9.5815 -4.21796 0.13006 -7.24713 16
-4.57054 -2.78487 -5.26601 9.73584 6.05458 -7.11688 -12.6358 -4.04242 2.62471 -6.89584 16
-3.74001 -4.37196 -9.62645 5.02667 8.37643 -9.70247 -11.4161 -2.7883 3.01809 -9.45121 16
-4.02796 -2.56928 -7.52803 7.70361 11.197 -8.85236 -9.52477 -5.83837 1.57799 -9.15251 16
-4.52778 1.35813 -9.19234 8.41778 5.39977 -11.8926 -8.79386 -4.35061 0.701121 -6.50173 16
-6.82743 -1.54794 -6.87509 6.52211 4.90134 -5.1755 -9.72256 -0.208521 1.45699 -9.42814 16
-2.96039 0.931779 -8.10856 1.4908 5.33957 -8.09474 -4.86373 -2.43373 3.78968 -9.19849 16
-4.96805 -4.05859 -5.01026 9.26733 6.41424 -8.0442 -12.0372 -1.28455 1.65508 -9.61159 16
-6.58238 -0.61749 -4.87922 7.57222 5.45865 -6.64673 -9.55094 -1.45431 3.39269 -9.80733 16
-3.15231 -1.9061 -7.58946 8.27383 7.00556 -7.93695 -8.25439 -5.59343 1.10961 -10.9576 16
-1.93825 -3.22018 -7.80204 9.0349 7.93094 -10.1404 -9.1628 -2.65177 -1.70901 -10.5944 16
-4.82558 -1.85041 -7.10588 4.87432 4.50335 -8.539 -9.30947 -2.49043 2.87993 -8.19912 16
-1.24054 -0.598587 -9.35147 9.95277 9.44239 -7.64045 -8.34493 -0.924336 3.40294 -6.9621 16
-4.13046 -3.43571 -9.04678 6.43174 11.0656 -7.88878 -9.55811 -1.81838 0.941174 -8.10872 16
3.30814 7.17937 -6.10868 2.06292 -7.17948 -4.73679 2.38057 -8.28949 -1.41412 -4.42594 17
6.45249 8.66035 -8.60247 3.81968 -6.97678 -0.860667 5.44347 -5.96845 -1.60429 -7.40858 17
4.40755 3.834 -8.20084 4.39999 -7.85221 -4.29219 7.54935 -9.76037 2.78193 -4.14482 17
6.06484 9.38667 -0.734136 3.94948 -9.77315 -0.492221 8.10498 -5.21624 0.0670384 -2.07101 17
7.65766 6.41714 -9.6926 9.64884 -8.81386 -0.458479 6.65462 -7.69727 1.6437 -2.71806 17
7.36544 11.0401 -6.88139 2.61675 -7.08021 -3.51599 5.57506 -6.3857 0.060671 -7.29449 17
4.9581 6.81521 -7.12951 1.97785 -8.06118 -0.348116 8.9621 -9.41596 1.69969 -2.39682 17
5.58518 10.1056 -1.53719 0.877468 -7.93123 -0.994686 9.81893 -6.81873 0.860633 -2.87792 17
3.31952 8.71856 -6.75056 1.82496 -7.60877 -1.02345 6.23441 -10.0321 1.13813 -2.54235 17
7.00787 8.26599 -1.9398 4.33959 -8.07456 0.262638 4.19587 -6.84299 1.64344 -0.0461323 17
6.4151 9.40674 -10.0776 5.11037 -10.4825 0.747687 10.6187 -11.6098 0.751066 -4.33552 17
2.95341 5.53695 -5.46877 2.24704 -7.47796 -2.63887 6.20203 -6.5577 -1.32356 -5.9557 17
6.16924 7.67861 -9.72245 3.07607 -9.51527 -1.08103 9.19717 -8.40231 -2.02899 -8.05223 17
5.19911 7.78303 -5.45499 1.94398 -9.85076 -1.91638 3.68578 -5.16386 2.62677 -3.89412 17
6.68478 8.95528 -8.79717 6.70953 -9.70164 -4.46487 5.92262 -7.51753 0.335745 -4.74077 17
6.02388 6.60867 -3.53497 8.03711 -8.94345 -0.63308 6.55223 -5.41889 0.672635 -5.5978 17
5.70988 8.86122 -4.41563 5.14089 -7.01105 0.196082 9.67213 -10.0656 0.0504601 -2.173 17
7.56378 10.0372 -9.43091 4.28735 -7.82594 0.456563 8.3858 -4.6469 -1.75196 -6.21305 17
3.2738 12.4247 -9.76617 0.140035 -7.31456 -0.663854 5.83482 -8.06381 0.345523 -7.03659 17
5.20648 7.89289 -5.1243 4.19398 -8.24117 -2.43983 4.22343 -8.20152 1.16346 -10.2354 17
1.54291 9.44201 -10.2177 6.21327 -7.30982 -2.10191 3.80274 -4.55911 -1.41123 -4.1824 17
6.65493 7.52786 -2.96069 1.41322 -9.97527 -3.39277 7.16721 -4.23722 -0.9419 -5.094 17
1.98133 6.58683 -5.40527 7.32087 -6.87704 -0.332096 8.70512 -3.40176 -0.38261 -5.28987 17
5.55011 7.02144 -7.29364 5.10138 -7.54716 -2.80506 6.45272 -8.6432 0.417076 -7.00137 17
6.07235 5.71457 -2.57557 1.72322 -4.83316 -2.97317 3.15477 -4.16783 0.0981193 -2.88682 17
3.45829 9.39245 -6.96262 3.93179 -6.7633 1.12029 6.17892 -6.13198 1.37656 -3.27197 17
5.01978 6.60046 -5.04765 8.07568 -8.02122 -1.20601 6.53343 -11.3392 0.382922 -3.95661 17
5.31496 11.8394 -8.49304 2.42191 -8.09086 -0.682546 4.81678 -7.93084 -0.712139 -1.92977 17
3.21739 9.1754 -5.50545 3.53606 -8.59176 0.147012 5.49383 -3.9809 3.34212 -4.85246 17
3.57584 8.47277 -7.93115 0.687852 -7.28841 -0.406031 0.498314 -5.30813 -0.981452 -1.00435 17
4.32935 7.89065 -5.57958 7.98038 -7.08729 -1.84628 5.71203 -5.91238 0.85101 -4.34256 17
5.0353 11.7932 -8.33949 4.73429 -5.75541 -0.363056 7.4492 -3.35215 -1.97608 -3.54663 17
7.79169 10.3156 -7.62397 3.82941 -7.62508 -0.249718 8.75339 -8.42358 0.638324 -3.72967 17
5.1943 10.9021 -4.01308 4.91958 -6.23005 -2.23198 6.3156 -4.7156 1.86099 -4.32989 17
7.99983 9.25893 -5.86713 4.30096 -9.70321 -0.565607 2.82351 -5.81451 0.831341 -4.9494 17
5.45519 12.7887 -9.1087 3.02687 -9.29824 -4.48714 6.47706 -5.80192 -2.36606 -4.46472 17
6.37776 13.6428 -7.91561 2.71813 -7.16822 2.70448 8.23349 -2.50552 1.36054 -2.666 17
6.20623 8.45655 -6.65184 6.99385 -7.27043 2.38734 6.78592 -7.16832 -0.298731 -6.73437 17
0.489898 9.56989 -6.74681 5.75399 -7.40943 -2.70308 1.42763 -8.30161 0.96996 -6.75443 17
4.41148 9.43014 -3.88887 7.50943 -7.81014 -0.922017 1.60404 -7.74534 -2.40303 -1.73434 17
2.58844 10.1129 -5.32562 5.29888 -7.7992 -0.8728 6.68391 -7.38945 -0.478382 -6.79988 17
5.28026 10.0599 -5.60354 6.25565 -9.09932 0.518733 4.23695 -8.71201 -0.85022 -8.90179 17
6.65437 9.1427 -5.50459 4.2481 -6.54811 1.30447 9.83459 -7.63603 -0.741222 -6.24647 17
3.06465 11.0426 -9.86654 0.0175591 -7.80849 -2.54786 5.19055 -10.6304 0.836151 -2.52534 17
4.18712 6.91617 -4.89653 4.47934 -8.11909 1.93956 6.02088 -8.81834 -1.71959 -5.74035 17
4.66428 5.83476 -8.17018 7.9773 -8.57336 -1.65691 7.11009 -8.93117 -1.50894 -5.36524 17
6.58116 10.6165 -6.70252 4.02259 -9.46515 -0.207292 6.68262 -7.46531 -1.69649 -7.24408 17
6.12614 5.81873 -5.06795 5.57333 -11.1175 -0.716468 6.46334 -8.05049 1.90429 -5.33073 17
6.13821 9.9846 -5.87674 9.55261 -8.48634 -2.26557 7.08643 -8.26541 3.34123 -2.73472 17
6.24309 7.68601 -6.30626 1.86846 -7.59475 -0.386073 2.78078 -6.38707 2.81851 -4.31283 17
2.02317 10.182 -5.22087 3.37363 -7.41362 -0.834385 -0.729566 -6.60546 0.00522015 -2.56205 17
7.34577 6.30772 -5.69859 3.76576 -8.29117 -3.25027 4.59921 -6.68367 3.13233 -4.88665 17
3.39387 9.39767 -6.91124 2.46162 -7.34338 -0.0139025 4.79877 -9.30662 -1.47105 -10.9744 17
5.65379 9.37322 -11.7472 1.11743 -6.28242 -2.35756 4.35556 -6.56787 -3.11622 -2.47839 17
5.49148 6.39627 -10.027 8.79536 -8.48766 -3.85824 6.41626 -6.76601 -1.96539 -1.16473 17
-8.19144 -7.06579 1.23899 11.091 -8.25228 13.4895 4.46352 2.97983 11.9523 -2.16618 18
-12.2191 -3.18007 -0.428854 10.9239 -5.82379 6.44436 0.760753 3.59328 8.00292 -1.04537 18
-7.89054 -3.78194 -1.70058 5.36595 -7.39964 9.0902 2.64335 6.10827 7.77355 -1.01713 18
-10.2328 -6.28982 -0.243924 8.47616 -10.0208 7.33599 8.38068 3.19473 13.5742 -0.774739 18
-10.7372 -2.7831 -5.68779 5.74617 -2.54808 7.31104 5.76276 3.91249 6.42535 1.00419 18
-9.53825 -6.23416 -1.3076 9.50813 -5.33029 8.29331 0.5314 3.29248 6.61456 -3.64384 18
-7.85256 -6.64618 0.592864 4.61974 -3.99671 8.67613 -1.16836 2.04933 8.38301 -3.77058 18
-5.75123 -5.85971 -1.31143 3.95647 -0.330646 7.85496 1.39311 6.98726 9.40873 -2.09523 18
-7.30828 -2.66921 -3.28596 9.06195 -2.4997 12.4919 -0.851597 0.707326 11.0036 1.51088 18
-6.56998 -6.64856 -0.594091 7.98223 -1.94696 8.91111 4.22175 4.01084 9.4364 -1.69542 18
-3.39912 -6.34691 -2.23794 9.47648 -9.64015 10.366 4.48991 3.68511 9.58952 -1.00106 18
-7.6176 -2.27893 -4.01338 6.02023 -4.14938 8.48913 3.74487 5.67953 7.45598 -3.48185 18
-8.7782 -4.80755 0.235791 6.6888 -5.45797 9.20508 4.28808 4.3245 11.047 -1.42922 18
7.74331 -7.18366 -2.79439 0.288879 2.06982 9.1075 0.827343 3.86647 5.77372 -1.56624 19
5.04967 -7.96909 4.36864 5.56652 3.37081 7.82299 4.16553 8.42189 7.33525 -3.17837 19
8.29403 -9.42287 -1.28594 3.35763 2.50101 6.36152 1.27894 8.01867 5.74145 -1.80968 19
5.95012 -6.50711 -0.0870419 3.04581 5.32027 7.9332 3.45287 4.80717 7.52662 -4.21581 19
7.5544 -8.6418 0.891541 0.973855 2.84372 7.1454 0.278558 2.66517 8.61622 -4.06363 19
7.1344 -10.2923 2.48477 0.919699 1.82772 8.01241 5.26083 2.33738 4.75725 -1.81894 19
5.65483 -7.48112 2.13719 3.84191 2.18291 9.04245 2.4016 5.6329 7.38999 -4.5075 19
5.58458 -8.62006 0.90472 0.876966 3.06177 7.35047 0.443892 8.77564 9.02101 -4.31626 19
5.32355 -6.05258 2.76198 4.48687 4.16924 5.50275 5.02571 4.13034 8.46404 -4.44207 19
6.35993 -5.36216 -4.05102 -1.3808 0.585428 8.75971 2.26165 2.9489 6.01988 -4.52218 19
4.71817 -3.88585 0.306124 5.04159 2.18273 8.62932 1.9906 5.012 8.07187 -3.91011 19
5.48877 -5.68116 -0.591395 0.693389 1.7792 7.07716 0.0720702 5.94234 6.90447 -2.25052 19
4.32192 -8.2962 3.19032 3.57202 3.53698 10.251 1.84975 3.534 6.42994 -2.8907 19
7.37397 -6.82534 -3.30111 -1.33038 2.89357 4.96092 1.4093 7.18945 8.20901 -5.25838 19
6.72626 -4.32804 1.31621 1.77051 1.37952 8.09232 -0.0740167 7.30592 7.10216 -4.88024 19
7.32044 -5.67151 4.10941 1.6536 2.35122 9.24319 0.0776919 4.2381 7.15523 -4.22801 19
4.00466 -6.99554 -3.57945 0.0448385 1.8393 7.18459 1.69735 5.7292 6.25848 -4.15342 19
3.08053 -6.90121 1.38614 4.4153 4.92022 8.27923 2.74983 5.33291 7.61904 -3.28931 19
7.32991 -11.7381 1.41512 3.01756 2.76645 4.57141 2.71997 8.6493 6.33898 -2.89631 19
7.21105 -0.137424 -4.06799 0.86764 1.59401 8.10312 1.6459 5.17013 8.00117 -6.43056 19
3.59282 -1.39648 1.61553 1.31408 3.27133 7.69799 5.50088 3.80566 8.93753 -5.98368 19
8.20796 -6.57785 -1.55256 1.3679 1.06319 8.32307 2.43873 5.11811 7.57367 -2.8266 19
5.04977 -4.61869 2.30804 2.88219 2.69489 7.48292 3.81119 0.316673 7.96911 -2.59268 19
4.83751 -5.55966 3.29048 2.29723 2.4413 8.23298 2.52623 4.49243 5.29005 -4.39473 19
8.63272 -6.42343 -3.22744 -0.332563 3.31098 8.50194 4.78551 7.67269 6.84412 -5.05458 19
5.10943 -5.81468 -2.57458 3.30897 2.84695 9.63923 3.40641 7.24826 7.02491 -6.42876 19
3.06656 -4.48951 -1.12218 1.50082 2.15879 13.5852 1.50446 6.22839 7.61619 -5.2639 19
5.28034 -10.0134 0.500295 5.97625 1.55837 8.32901 4.58978 3.17397 7.76493 -2.95974 19
7.11509 -4.68172 -2.33836 -0.32749 2.60379 6.85626 -0.0792637 5.65531 6.87207 -2.37475 19
3.96293 -6.83502 -3.12837 3.15828 4.22602 9.13996 1.6819 3.58338 7.98966 -3.5806 19
3.55034 -5.23335 1.01202 3.05694 4.4064 12.8615 -2.31133 6.75933 11.7135 -5.36224 19
6.44838 -7.16854 0.186886 3.94324 4.25292 6.22515 4.36944 8.00091 7.86883 -3.7258 19
3.44429 -2.0273 0.0428147 4.69133 3.29757 7.45258 4.54431 0.621858 7.55592 -1.02939 19
5.09481 -7.91821 0.475032 2.03794 -0.0971731 12.5585 1.9407 6.75535 3.96048 -3.32846 19
6.47342 -5.95042 -0.0531389 2.3584 4.24427 7.85878 -0.660304 8.00557 7.58787 -2.03905 19
6.78446 -7.68959 0.560841 3.01155 2.53354 8.07555 4.0913 6.2056 7.8586 -3.16165 19
5.19633 -10.5504 -2.38022 3.2834 3.05527 8.88434 5.703 3.91936 5.74075 -3.16035 19
5.99986 -7.00542 -0.652608 0.0457434 2.267 10.0932 4.19814 5.2487 8.30264 -6.19455 19
7.63859 -5.86918 1.54897 0.62966 4.07587 10.2198 4.21413 3.16118 6.4904 -4.92308 19
4.87099 -6.58255 -0.312506 2.82864 3.10532 5.40422 3.52479 2.22743 6.72718 -2.25948 19
5.77686 -6.62288 5.6502 1.61561 2.52374 11.8639 5.14933 2.84148 9.48479 -3.44868 19
3.76008 -6.88018 1.1114 4.22376 3.25525 8.4473 3.08018 1.18351 9.25808 -0.103758 19
4.56805 -6.63248 -2.44946 2.43513 1.91099 9.53213 2.63146 2.82719 6.57033 -5.88566 19
5.45248 -8.25848 -2.73209 3.72178 1.99433 5.93021 5.50508 3.83114 8.34209 -4.14928 19
5.43575 -4.39744 -2.74907 4.1495 1.23972 10.0226 2.83853 8.40619 7.26931 -0.381882 19
7.0957 -6.42622 -0.743295 1.56967 4.66184 9.73484 -0.57992 6.2219 11.5508 -3.84378 19
7.3805 -6.55537 4.24201 1.97959 1.16951 6.23534 1.80011 3.33674 8.85976 -3.6594 19
5.58564 -7.15175 3.27479 0.607556 2.66912 5.33453 4.31778 3.78438 8.18 -4.08021 19
6.65823 -1.32657 -0.385463 2.54718 1.93281 10.4789 4.22011 7.70975 8.78981 -2.42597 19
4.32964 -5.93895 3.26744 3.35071 4.39135 6.37135 2.78108 0.758081 11.2509 -5.00223 19
6.82845 -9.09438 -0.777713 3.27075 3.324 5.26777 0.468933 2.37155 5.90323 -1.35656 19
6.95544 -7.39905 0.703257 1.93902 2.30988 10.1531 4.75497 3.75496 7.20329 -4.83724 19
8.91497 -6.27616 -2.66692 1.07686 3.76157 7.32332 3.54974 6.12516 6.69343 -6.4077 19
4.25977 -9.21147 3.72195 2.59463 2.40852 11.0002 3.84962 4.04187 8.33599 -4.26411 19
6.67043 -5.45432 2.64457 3.53634 2.8203 7.85928 1.32247 4.55474 10.2786 -3.46829 19
5.53953 -4.28778 -0.431949 0.965876 1.53418 8.05322 1.30989 4.12901 5.46297 -2.28212 19
5.37162 -6.86792 1.21538 3.41933 0.115055 14.2186 5.82521 1.8782 6.22096 -1.42221 19
3.99645 -6.41069 4.09485 1.53333 4.46397 6.40387 2.70413 2.32603 7.25627 -4.83995 19
9.54153 -4.7849 1.63939 2.30859 0.631595 7.5094 2.89731 3.71269 6.63407 -1.37984 19
9.73586 -7.73587 1.18461 3.06431 2.46798 7.62881 2.58812 8.92912 8.21029 -3.9506 19
6.65569 -7.19893 -5.31127 0.0451479 3.38603 6.73158 1.05388 5.80955 9.3692 -5.31203 19
4.85035 -4.74111 0.469006 1.75305 2.83509 7.65675 2.29879 4.86355 7.71844 -1.22133 19
2.22996 -9.27438 1.94514 0.0980619 1.00185 10.275 1.85098 5.92776 9.47508 -6.46654 19
5.59408 -6.21078 -1.38425 -0.0138654 1.91144 13.5197 -1.14398 3.80211 7.93938 -4.19571 19
6.82109 -5.7284 -2.24586 0.894994 2.99517 9.15213 4.58225 4.66562 6.90601 -3.56416 19
4.96467 -7.16127 0.207759 3.7566 0.793241 3.03643 4.01208 5.7392 7.92619 -4.32004 19
8.10698 -4.89483 -1.78321 4.15419 2.50726 5.1102 -0.398006 2.34441 9.41352 -2.74587 19
6.4136 -5.37687 -1.97389 4.13725 3.1687 10.511 0.243394 3.05687 8.52791 -0.765269 19
7.01567 -6.29401 1.02654 0.627664 2.93814 11.0725 -0.419063 7.65112 8.18932 -4.06413 19
5.39252 -5.78523 6.22756 0.828695 1.14074 8.41508 -0.27302 -1.95516 10.811 -3.1573 19
5.59445 -8.22776 -0.363759 4.9913 3.22641 7.1578 1.37833 5.39602 8.49651 -2.55289 19
3.87226 -8.67107 0.608517 3.98432 4.04923 8.64005 5.55485 1.57463 7.81341 -1.803 19
3.66353 -5.90276 4.39226 2.81441 2.30826 4.88574 0.727969 6.383 8.84624 -7.3203 19
9.15796 -10.7475 0.942856 1.57218 3.74865 7.63264 1.4528 4.01742 9.87023 -5.83614 19
5.04112 -5.36153 3.27586 3.63755 3.07799 7.57021 1.85352 4.77902 7.72692 -5.53576 19
7.14087 -4.94139 3.94189 4.16409 4.37583 7.94883 -0.168569 2.22617 7.28235 -0.968102 19
7.99792 -5.75254 -3.06093 0.687652 3.72482 6.44603 4.2637 8.10432 8.79472 -4.19664 19
5.03745 -5.43867 0.0101768 1.06299 1.97045 11.2315 -0.0818669 4.12125 8.69214 -4.67017 19
8.15812 -10.2432 -0.5442 2.27859 2.96146 5.79904 3.47239 7.98747 6.28395 -4.2312 19
5.85684 -8.75557 0.856998 3.69627 4.86281 -0.246853 3.77268 5.1883 7.29075 -1.72928 19
8.45185 -5.33502 1.77972 1.3255 2.47337 5.12522 -1.59598 1.83587 10.921 -4.21953 19
6.32786 -8.29873 -0.592487 2.50558 2.56045 7.86987 7.19927 8.53661 5.73522 -3.53007 19
7.93219 -4.58717 -2.84121 3.10848 4.54524 10.7505 1.88618 6.99369 9.63278 -2.56532 19
6.46435 -4.02744 0.78693 4.03894 3.90403 10.8615 1.04356 7.11124 5.69307 -2.22535 19
3.25168 -4.93735 2.5551 3.24296 1.69824 5.01059 4.29807 -0.96656 7.64566 -1.92035 19
6.53135 -4.96177 -1.77693 0.825736 2.06411 8.0028 2.64907 4.76106 7.5929 -6.2611 19
6.78751 -9.54823 -1.60672 1.87609 1.9717 10.5768 5.55424 7.90653 7.03088 -4.85966 19
5.14921 -7.42976 -2.16868 -0.60576 4.12592 8.7332 1.90011 5.06826 7.15745 -4.35973 19
4.29784 -8.00392 0.142048 2.21161 2.19728 11.5658 -2.31327 4.78429 7.70183 -6.09639 19
7.35951 -4.32664 2.63791 3.5675 3.989 9.76663 0.780556 3.53293 6.27936 -2.33588 19
5.20259 -3.04858 2.02374 3.22431 2.03113 7.73025 4.89944 3.41589 5.04564 -1.80058 19
4.7686 -5.46763 -1.5099 0.33524 0.968172 6.89036 0.12572 7.91609 8.77051 -6.86718 19
4.84362 -4.76254 -0.43113 1.52551 1.01485 8.71432 0.389821 10.0187 8.55493 -5.71973 19
4.96135 -3.653 3.03396 3.34858 2.72695 8.34287 1.04591 2.78444 6.13509 -0.887343 19
5.12381 -4.74888 2.30117 3.07844 4.81031 7.45097 2.14876 2.43571 9.16533 -5.7949 19
5.44797 -3.83041 -0.0270439 1.83094 2.89276 9.86805 0.258023 4.83377 9.67524 -3.45199 19
8.35169 -7.20853 -0.867152 3.76588 2.78156 3.68616 1.21218 3.60724 7.41546 -4.02904 19
7.36985 -6.35113 2.15292 0.0775748 4.1743 9.55398 5.06219 3.70356 9.5088 -6.83621 19
3.95397 -6.76897 -1.07152 2.46372 3.49185 5.80938 1.59251 0.948587 9.46133 -2.76288 19
5.8564 -9.40731 2.50022 -0.304001 2.9139 5.74589 -3.12391 2.15105 8.23781 -5.05158 19
5.27345 -10.6823 0.152624 1.64841 1.93181 7.06919 -3.3334 11.1341 8.6961 -4.33924 19
5.81612 -6.66609 4.95448 1.9004 3.94642 8.97138 8.1661 0.340408 6.08 -2.48564 19
