-3.83777 8.59657 9.81433 -3.5058 -6.2091 9.11661 0.95538 1.95165 5.22392 9.74894 0
1.87365 5.73724 1.073 -7.70212 -0.556304 6.50701 2.14269 0.842643 1.05098 5.94358 0
-7.56439 15.5176 11.3908 7.043 -2.35333 7.98218 -2.68457 8.3919 4.32692 3.17182 0
-4.2201 -6.86364 -2.58279 4.03842 1.23947 8.63174 -0.128318 1.66251 7.0531 -1.49162 0
1.27435 1.64747 7.43987 -0.547731 -2.64494 9.8441 -0.745497 3.0269 2.22731 6.6172 0
-4.4895 3.38377 -2.09003 6.19183 -5.68851 10.1384 2.14938 6.38036 3.49973 5.97696 0
13.4312 -7.72694 4.00673 -1.19409 -2.67982 8.82664 0.0574098 3.15898 3.71682 2.79811 0
2.785 -1.89219 2.34045 -2.66062 -4.27581 9.87723 -0.0420527 2.68263 1.0105 2.16557 0
5.90391 2.02701 7.07849 10.4116 -3.72332 7.64514 3.74748 5.38665 4.50315 2.68151 0
-3.60193 12.4999 3.01411 13.1549 -8.34489 8.13465 2.412 2.68128 2.95744 4.08518 0
6.15234 7.28628 13.2498 -1.08169 -3.78482 10.844 -0.965644 5.10244 3.74883 2.67306 0
3.92684 13.8243 2.59664 7.15133 1.35466 7.19392 1.68477 -3.04645 -1.55374 4.69282 0
2.24936 10.8954 -3.02599 5.77586 -2.60026 8.28565 3.03767 4.68207 -0.765882 7.44706 0
1.51748 15.2018 3.19862 4.01532 -0.709671 9.13801 2.52101 6.33901 4.44048 2.08887 0
0.650498 5.01647 13.7843 2.04829 -3.51802 9.68047 -0.502635 3.9919 -1.7569 8.25234 0
-4.76212 5.85805 10.333 6.34054 -1.94148 11.7537 0.017254 3.62558 5.24532 5.78597 0
1.16634 18.8191 12.9531 -0.326405 -5.15283 8.67389 3.93711 3.6313 4.33901 2.28466 0
7.93458 1.59114 7.13209 -5.78595 -4.37575 5.41152 0.586617 2.63541 4.84944 1.38407 0
3.9457 11.1977 -2.84386 14.676 -5.60384 7.68834 -4.59694 1.90632 0.606992 11.1586 0
2.50309 10.2579 3.88604 1.09075 -1.93746 10.6497 2.34543 6.61044 8.98348 5.40656 0
-0.231301 6.83456 1.44193 -6.57637 2.30868 6.66239 -2.98802 3.24299 5.28943 -1.00442 0
10.905 -6.76726 4.69691 -1.36298 0.190941 7.29584 2.43013 6.25534 3.15677 7.79364 0
4.41374 14.3895 2.10305 -1.08649 -4.45408 8.72059 -0.645784 4.3948 3.85975 12.7447 0
5.85489 -3.73353 10.0775 -3.19059 -2.60436 8.25028 -0.78416 8.53945 4.11086 6.80317 0
1.29204 2.64909 19.6286 1.95259 -1.28713 10.0745 -0.115548 0.414299 1.9177 1.2526 0
10.5312 1.31482 7.30732 3.82675 -6.10339 8.09755 2.03048 3.79984 4.58505 1.41231 0
-1.02194 14.1566 14.2687 -7.84173 -5.09998 10.8564 2.9336 -1.00185 4.41177 7.28319 0
1.44274 4.96168 3.41694 -8.67304 -1.32847 11.0001 -0.864539 1.80009 3.25595 7.11672 0
-2.46973 13.4397 8.93759 -0.8076 -3.34886 11.907 2.02054 -2.85692 6.77921 -1.93835 0
-5.96819 5.8563 2.00965 4.41086 -5.65785 9.67975 6.28824 4.69558 6.48962 3.51937 0
3.22758 13.702 -9.28363 3.37566 -3.47953 7.11178 -1.06701 -1.13007 5.33724 8.57285 0
3.68641 4.55185 14.6615 -1.14587 -3.18476 7.67064 2.08543 7.90489 0.42161 10.6454 0
1.87449 7.19089 8.36723 -1.60618 -7.83367 9.46032 5.20057 4.64293 2.08862 9.08803 0
-2.26465 9.01887 9.42007 8.34823 -4.65533 8.73654 -4.21782 6.3382 6.10158 2.65921 0
3.35345 1.31788 3.22838 2.92244 -5.71376 9.9783 -1.86645 -3.15851 4.52518 1.54137 0
7.21942 20.0041 7.64675 -1.65614 -2.25429 8.15142 2.43433 3.28261 5.29456 7.61669 0
13.5079 2.8698 3.65481 4.07187 -4.81615 8.76475 -1.95241 -3.11947 5.88446 4.72956 0
-2.99098 4.70873 8.5648 -1.5692 -2.06203 8.42179 -1.02957 6.71016 5.43442 5.8954 0
-0.341237 5.02639 10.184 6.61902 -0.0166197 7.64417 2.47828 8.36236 3.24421 4.96876 0
-5.33239 -2.16306 0.235065 -0.864207 -3.36583 8.34709 2.73921 2.07398 8.90289 5.5628 0
-5.28127 9.53943 5.43429 7.44231 -3.30949 9.96935 -0.207005 6.39457 5.64826 3.33505 0
2.91793 3.11541 -2.17882 11.7562 -4.55679 8.8632 -2.29478 4.44222 6.18759 0.240567 0
0.744108 11.1282 4.94381 4.18703 -2.62058 9.27432 -0.534821 3.80314 4.37627 -2.39941 0
16.5607 0.65913 14.1705 6.04368 -2.51514 11.2374 0.621688 2.95926 6.38169 1.10858 0
-7.18377 4.57679 -4.85091 7.77719 -4.9073 7.69338 -0.683877 7.12027 5.21248 4.33028 0
-0.185576 12.4958 4.82707 -2.23758 -3.63862 7.94921 0.688891 6.20827 1.4662 3.50735 0
-1.38568 7.38549 13.4376 2.90616 -2.7657 8.9504 1.40358 0.69295 5.79585 1.11107 0
1.93509 6.45934 7.5245 5.81607 -4.09348 9.99707 1.30794 8.71196 2.35265 10.4689 0
-2.21205 2.38853 8.98918 -11.2336 -4.9882 10.9078 3.67635 5.18737 2.8345 9.71442 0
8.72207 10.8872 -2.10443 -2.75344 -3.0075 10.7403 3.713 2.09626 3.13924 2.2793 0
6.46757 3.00875 2.60846 0.553993 -2.50756 8.73577 1.28053 0.535631 4.19489 1.41439 0
3.76341 8.34707 15.4395 -5.63014 -0.225455 9.23959 2.418 0.140843 5.94281 4.33958 0
-1.96703 11.0666 22.9537 -9.76324 -2.03285 9.48772 -1.36514 5.77083 1.47455 3.32461 0
4.74025 6.08674 1.95192 -1.64981 -5.65981 10.1568 0.984921 5.70808 4.72783 2.53244 0
1.80651 -5.96895 3.56805 0.554879 -1.71693 12.0181 1.33635 3.85548 -0.752979 4.67675 0
4.2967 8.48178 13.9661 -5.92197 -2.3962 9.34153 -2.55994 1.85174 3.84644 7.4322 0
-0.406708 8.99775 6.35249 0.371103 -2.02246 7.37921 -1.01038 2.88219 -0.266437 -0.949893 0
-1.22202 5.60016 2.57132 -7.22032 -4.80023 7.79542 3.40049 5.54421 1.44068 -0.345994 0
9.05497 -4.12652 -8.99345 -0.990417 -7.03024 3.25128 -8.1593 -5.53707 -17.0676 -15.2355 1
10.5728 -4.29316 -9.40031 -6.21575 -6.96655 -1.37208 -4.80556 -6.61961 -15.381 -14.5617 1
9.76361 -9.20689 -10.9774 2.82034 -3.80607 3.05911 -1.97293 -3.0668 -24.4056 -14.0278 1
11.7166 0.28087 -10.1837 -1.94202 -2.35803 -0.724674 -6.29 -6.74171 -15.9327 -5.24748 1
10.9143 -5.58282 -7.67179 -6.06342 -3.87024 -7.16445 -4.38785 -2.69231 -4.07593 -10.5197 1
8.08331 -1.05048 -6.55391 -2.93265 -7.53427 -2.41028 -7.29868 1.54552 -2.94399 0.950508 1
6.2144 -4.35747 -8.58059 -8.29698 -2.17954 -3.3929 -3.56018 -2.94805 -14.077 0.30942 1
6.79654 -9.14048 -7.15108 -1.79144 -4.89721 1.44413 -7.06351 -0.825148 1.37616 0.525196 1
9.77993 8.06601 -7.63487 -1.88743 -2.89318 1.11354 -5.17533 -4.53412 -7.5397 -9.42413 1
14.5181 0.623855 -8.63932 -1.66562 -4.09143 -3.6527 -2.15629 -5.5591 -8.44042 -3.90814 1
12.5009 2.27045 -8.82415 -0.103586 -7.33132 -3.29998 -4.93951 -9.21447 -9.51232 2.64782 1
7.89841 -4.66928 -10.7213 -13.2478 -8.49839 -5.14785 -4.72774 -4.32355 -16.4054 -8.10924 1
12.4567 -2.66826 -6.62483 1.89682 -2.77599 -2.59767 -5.96557 -7.28518 -18.5115 -5.63125 1
11.3437 -0.380552 -8.10227 -7.09425 -1.59409 4.4347 -10.0763 -2.53969 -3.67089 -6.80216 1
4.73713 1.59934 -8.8167 -5.07439 -4.38811 -1.80319 -6.57833 2.81589 -4.28302 5.79959 1
4.11106 1.22119 -10.0322 -10.967 -6.37263 1.48679 -5.9138 -5.08307 -13.9655 -3.31982 1
17.5606 -15.1356 -6.91291 -4.24002 -4.78466 2.45862 -5.56766 -12.176 -4.79442 7.90304 1
11.3759 9.59334 -10.9237 -3.85322 -2.34145 5.324 -8.49757 -5.79776 -10.2893 -2.481 1
10.4211 -5.19293 -7.92429 -4.52192 -1.24881 -4.7525 -9.82771 -5.35801 -9.07995 2.22948 1
10.9452 0.612506 -8.54831 -5.81956 -1.33972 -1.67509 -10.547 -6.31527 -4.27023 -4.30487 1
11.5048 -1.6699 -6.82753 -6.02732 -8.81474 -5.17186 -3.83057 -7.08808 -21.2272 -10.5845 1
14.5006 -4.85093 -7.10357 -10.8343 -4.61925 0.749058 -2.62749 -8.6939 -12.682 -7.28285 1
9.22263 -2.34415 -8.14942 -4.86311 -5.34365 -4.51035 -6.77834 -6.00059 -4.44397 -10.1601 1
8.51185 -7.56579 -10.2456 2.37416 -2.86154 4.00486 -9.07563 -5.16925 -1.4498 -20.8494 1
3.66794 2.88542 -10.1393 -8.03033 -6.41814 -1.01769 -4.99752 -7.27286 -7.24353 -3.72843 1
6.4853 -8.30899 -9.89874 -10.2481 -3.27732 -1.96037 -4.54662 -4.91677 -4.98443 -3.94454 1
11.9911 -6.89618 -8.8277 0.79686 -6.14405 -3.751 -9.99275 -8.5368 -5.51572 -4.48267 1
7.78092 0.894382 -10.3388 -8.27234 -3.29194 -3.7344 -7.45442 -8.689 -1.29185 -14.7679 1
13.1389 3.09622 -11.4891 -5.37774 -3.97186 -2.05029 -6.76204 -3.56416 0.245555 0.725024 1
7.77826 -0.668767 -6.41695 -8.9385 -5.35564 -2.6644 -8.78178 -8.11899 -16.8442 -0.916349 1
6.21115 -3.30769 -9.41943 0.639772 -1.48513 -8.7013 -7.62701 -9.43905 -5.61574 -14.3359 1
11.5365 -4.2468 -8.17623 0.293477 -5.57865 -4.7735 -4.01048 -8.3686 -1.94531 -10.31 1
7.35921 3.51859 -11.6765 -11.9874 -2.07301 -1.88536 -7.66453 -1.36402 4.61273 -11.0056 1
10.4255 -9.49314 -9.28296 -6.02828 -4.59828 -2.50535 0.351518 -3.87613 -14.3175 1.52853 1
7.03633 8.90206 -8.18182 -5.85162 -2.51202 -1.0371 -8.29648 -9.23791 -6.48893 -17.2897 1
12.3787 4.38215 -7.61614 -16.4384 -6.43769 -1.67806 -11.5118 -9.35726 -11.9792 -2.82968 1
10.3545 -0.0323999 -10.9885 1.37264 -3.87399 0.938258 -6.88981 -9.13269 -16.4545 -10.1269 1
10.7921 -1.75348 -6.8504 -12.8034 -0.739987 2.94044 -6.34933 -4.76248 -23.4518 4.51013 1
6.31704 1.36583 -8.80245 -10.0253 -5.19823 3.8062 -7.79749 -6.59399 -10.5692 -1.34705 1
10.7438 -4.43174 -7.57699 -6.26494 -3.27314 -3.18365 -4.08932 0.707667 -12.363 -5.0847 1
12.4996 -2.15306 -7.65012 -4.24433 -3.64197 1.24411 -11.8628 -2.96659 -12.9235 1.47822 1
10.7277 -3.43807 -8.8031 -7.60441 -4.65628 -5.82198 -6.5776 -4.50146 -9.3468 -3.61347 1
4.13378 -9.26055 -7.32419 -7.48809 -1.20746 1.59993 -6.9109 1.65973 -11.7826 -4.64985 1
8.52255 3.15869 -7.9647 -11.8442 -0.563855 2.48554 -7.27391 -6.23704 -6.31445 -19.2514 1
11.5483 -1.02153 -8.05946 -5.62391 -3.48773 -4.68166 -4.08049 -3.58451 -1.67621 -7.22101 1
6.78414 3.17427 -9.3495 -8.98887 -5.90706 -4.95714 -7.72319 -5.38013 -16.7638 5.86228 1
12.1432 3.11125 -11.3129 -0.483572 -2.86109 -2.83262 -7.8717 -5.00464 -14.6631 -9.21316 1
9.53127 11.6782 -10.6304 -3.54253 -1.85473 -3.65335 -7.6269 -5.52922 -2.82541 -11.2124 1
14.132 5.67727 -11.2095 -9.475 -4.66064 1.08892 -6.48025 -2.97057 -12.8695 -11.0144 1
10.2242 -6.01046 -7.51287 -18.075 -3.92971 -0.796925 -10.3389 -5.64184 -7.40617 -1.40443 1
12.9612 8.53112 -7.205 -9.02242 -7.99665 2.10168 -5.31889 -5.11142 -17.5124 -11.1467 1
12.309 -5.26597 -6.99227 -6.60326 -4.16054 -6.7574 -8.43399 -5.97302 -2.0746 -3.74163 1
9.57111 -0.897496 -10.6964 9.07311 -2.29813 -7.11162 -5.15253 -10.4173 -17.8131 -0.136893 1
16.9712 1.19685 -10.8656 -16.7991 -5.24571 0.75853 -9.52377 -7.56246 -11.1496 1.52156 1
13.3446 -4.35417 -8.38546 -7.74484 -3.47145 -1.44656 -10.0119 -3.7752 -0.949765 -8.51744 1
14.6772 -7.72099 -7.71278 -4.45046 -1.49903 -2.24432 -7.73528 -4.23026 -14.5895 -13.3073 1
7.48957 4.95342 -9.36413 -6.64718 -3.09356 -5.62045 -2.65657 -5.57662 -20.6061 -11.8849 1
14.8802 -10.1008 -11.7547 -1.47303 -2.15112 -2.97164 -9.20097 -4.79788 -15.5607 -11.7512 1
9.07206 7.59888 -7.04867 -6.10671 -4.64018 -0.648486 -6.07957 -11.0599 -7.66833 -10.6658 1
4.8134 0.061918 -9.80391 -13.0475 -4.5335 -3.62826 -7.91464 -4.47528 -8.05403 -7.87785 1
12.666 3.12371 -9.05288 -5.18965 -2.69899 3.49074 -6.04995 -6.87823 -5.9422 -11.093 1
8.79107 7.96062 -11.584 -6.82885 0.0849084 -4.55715 -10.1656 -10.7612 -14.9243 -7.67903 1
3.2651 4.82599 -9.52507 -1.53321 -2.5742 -0.225589 -11.0666 0.754268 -13.1152 -0.471362 1
10.8516 -6.18778 -6.372 -5.91595 -2.29137 0.302594 -8.77718 -6.44647 -13.5309 -4.74988 1
3.58492 -0.353863 -8.99766 -3.33023 -1.35492 -2.89094 -7.53108 -3.49639 -2.96821 4.81713 1
11.5923 4.5678 -12.0575 -6.23747 -3.23722 -0.15692 -4.94903 -9.54799 10.6714 -7.81521 1
13.7285 -5.47697 -8.66179 -0.320297 -0.610065 2.92745 1.7868 -10.6491 -1.06312 -7.85845 1
4.62345 4.15311 -8.97631 -4.67453 -4.49578 -8.08857 -6.97494 -5.2325 -11.0725 -14.4993 1
8.59674 7.09965 -8.99353 -2.40917 -2.62162 -4.36504 -7.93606 -9.20395 -16.6616 -8.2266 1
10.5324 -7.12885 -9.43062 -4.06113 -5.6668 1.05434 -7.67054 -10.2677 -2.65847 5.01243 1
12.4323 2.34054 -9.27391 -6.75671 -5.09363 -0.199539 -6.21228 -6.97249 -11.3123 -1.76811 1
11.7901 -2.48202 -9.53068 -1.47973 -2.85963 7.52131 -11.8089 -2.59811 -9.01211 1.50018 1
6.38975 -1.27915 -9.28741 -9.07093 -8.05886 1.69549 -7.7629 -0.879496 -0.947097 -7.35881 1
8.49447 1.45934 -6.84818 -6.39385 1.47392 -0.352796 -7.17856 -5.26313 -14.3975 -6.62293 1
11.5435 -7.49474 -8.39226 -4.86752 -0.635436 -0.712718 -6.52667 -1.12704 -0.687911 9.66678 1
11.053 -4.11262 -7.84878 -8.90189 -1.96205 -3.42547 -8.30402 -6.80048 -11.3735 6.6171 1
9.7385 -1.90618 -8.81626 0.187036 -5.40491 3.65786 -6.72524 -2.85264 -16.8921 -15.5281 1
11.5029 11.5916 -9.15742 -7.67706 -5.38483 -4.57204 -9.92102 -5.68972 -10.3983 -11.3509 1
7.91052 -1.43482 -9.5894 -2.33269 -2.01828 -7.26756 -14.6531 -10.1925 -4.30215 -0.0421997 1
6.4605 -5.47843 -9.91373 -9.41552 -2.14314 1.4969 -11.021 -7.63381 -6.02149 0.402599 1
9.21283 0.826235 -10.4496 -3.0205 -3.37369 -4.5585 -8.84062 -8.06216 -6.80145 -3.69925 1
1.67263 -2.23592 -6.61802 -4.84192 -1.35545 0.104557 -8.59136 -5.16552 11.9552 -8.50924 1
12.8788 0.627196 -8.05416 1.51608 -0.738409 -4.7424 -5.17816 -8.8689 -9.43906 -7.04541 1
11.6972 4.89087 -6.66932 -7.95813 -5.10833 0.70885 -7.14387 -0.894727 -12.9776 -4.41392 1
11.9594 -0.339812 -7.70172 -9.42304 -7.13568 -4.95734 -7.56859 -7.28612 8.26407 -8.51569 1
8.28895 -5.23161 -6.70568 -8.15751 -2.19339 -5.91695 -4.63311 0.112847 -5.58671 8.02359 1
7.55348 -11.6622 -7.01567 -12.2821 -2.12739 -7.89183 -11.4353 -6.69673 -14.2187 -2.07059 1
6.92047 9.28383 -11.1726 -9.27841 -3.62155 -1.03897 -8.54083 -7.2849 -10.8922 -7.67326 1
9.97851 9.59729 -8.63023 -6.05436 -3.97586 -2.02288 -9.39892 -6.30751 -12.009 -6.34161 1
8.15913 -0.111001 -6.96983 -2.0582 -3.18695 -3.81578 -7.82605 -6.68256 -2.65094 -7.60952 1
7.84999 4.27813 -8.46024 -4.73923 -4.27592 7.75089 -6.78796 -8.64821 -0.789752 -17.0665 1
5.69298 9.25011 -8.1385 -6.87867 -5.71999 3.43078 -9.17859 -6.6258 -6.36263 -5.65697 1
14.213 -7.90165 -10.0312 -5.16687 -4.77741 2.33186 -8.43274 -3.98038 -19.1825 -2.14758 1
10.2476 -7.24673 -10.2335 -3.85217 -4.13035 -4.05899 -9.06705 0.44407 -10.5738 0.808395 1
10.311 1.43737 -7.74205 -4.41835 -1.87481 0.93136 -8.6187 -4.80759 -7.27541 -2.33981 1
9.24641 0.0141336 -10.4387 5.06343 -0.659218 0.784961 -9.17797 -5.91461 -10.2281 -13.1818 1
11.8972 -4.9674 -8.33391 0.614483 -4.54385 -2.92588 -0.895314 -8.43516 7.92082 3.10267 1
7.57742 1.34974 -9.60672 -8.18308 -6.33128 -6.36111 -6.73018 -3.29706 -2.03236 1.23603 1
10.36 0.354344 -9.56256 -8.66135 -1.00242 1.17905 -7.45799 -5.31952 12.205 -14.3733 1
7.40637 -2.32559 -8.96171 -1.97951 -7.0038 3.53825 -6.61503 -6.6562 -7.49223 -0.280775 1
8.47503 -5.03612 -10.2611 -7.28766 -4.6047 3.22091 -9.99627 -4.81901 -12.9565 1.14196 1
10.9134 -0.624919 -6.67559 -5.89203 -2.85367 -1.48158 -6.22965 -5.67425 -9.28191 0.872198 1
12.1316 -5.75303 -7.07817 -2.80812 -9.62101 1.8312 -6.4719 -13.8639 -7.72719 6.52587 1
13.0631 -0.0643994 -6.47523 -11.2176 -5.78792 2.02525 -3.49893 -9.59425 -29.9147 -3.80709 1
7.8217 -1.94649 -11.1055 -11.2064 -4.0189 -6.16601 -8.65525 -9.22914 2.97282 -0.330004 1
7.57325 -4.55122 -7.6953 -0.7547 -4.5779 -0.59399 -5.63366 -2.31771 -13.1314 -10.8676 1
8.98322 -8.19085 -5.26811 -11.5395 -4.41418 -0.569264 -7.3146 -5.23819 -16.5933 2.56797 1
12.3019 -6.56356 -7.57826 -6.72607 -4.69103 4.22777 -4.99634 -11.0237 -0.623878 -5.06462 1
13.9658 -8.49852 -9.22881 -4.29758 -1.41883 0.944621 -9.88911 -5.5555 -4.15426 1.15326 1
3.57391 -6.418 -10.8767 -3.05059 -3.80499 4.44916 -9.9104 -4.13199 -15.425 -6.35178 1
7.55553 3.20991 -9.90882 -7.65469 -1.66901 -0.499594 -4.65262 -5.05749 0.899908 -12.1033 1
10.8598 -1.91651 -8.45949 -12.7527 -1.79088 -2.69119 -8.03123 -6.70438 8.33992 -21.4393 1
7.31668 -6.83353 -7.16825 -7.16657 -4.29363 7.19937 -10.1463 -10.9222 -14.5644 -11.8392 1
7.88322 5.02624 -13.6412 -9.14502 -4.44422 -1.24253 -7.11232 -7.50596 -8.12167 -12.2127 1
9.03333 -0.105118 -9.84916 -3.9194 -1.73847 -4.46772 -5.52739 -12.8486 5.82724 -2.47804 1
9.49104 0.639755 -6.85531 -3.41106 -3.31048 -2.79232 -6.48493 -6.71306 -9.4276 -10.6617 1
5.87492 6.06086 -5.83536 -8.18523 -3.6729 3.83794 -6.1364 -2.22162 -16.7721 -1.42304 1
10.862 -7.02104 -10.4703 -3.36894 -3.47349 6.68521 -3.5502 -2.27202 1.26894 -9.62545 1
6.33658 2.91028 -6.82405 -15.9305 -3.36846 -5.43921 -10.496 3.13889 1.42249 -14.1636 1
14.0438 -1.69523 -8.85798 -0.242732 -6.33466 1.62312 -9.78445 -10.2533 -10.1584 -8.00541 1
6.71941 -5.74273 -7.60764 -2.6684 -0.877027 1.93447 -7.82758 2.19058 -25.2361 0.243099 1
13.9134 -10.553 -8.58413 -6.9117 -4.30053 -5.26744 -5.05078 -9.65694 13.357 -14.1564 1
10.3633 -0.94532 -7.33319 -7.61897 -5.64599 -5.89718 -4.56278 -14.1365 -17.7021 -5.75695 1
6.0436 -2.90787 -8.37596 -6.08805 -6.74015 -3.15136 -1.86842 -5.9106 -1.94982 -1.19871 1
8.26492 1.51902 -10.9079 -8.53516 -3.77108 4.30475 -6.63698 -4.06467 -11.911 -13.4729 1
8.49884 -13.8684 -6.57441 -10.1222 -6.26071 -0.273921 -3.1568 -10.4238 0.256945 -19.8884 1
10.6676 0.846861 -6.88249 -10.0307 -6.34536 -1.3998 -4.18518 -5.43564 10.1521 -6.59469 1
2.66052 -9.21441 -10.0829 -9.27797 -1.81374 -1.29797 -11.1286 -5.13416 -6.21073 -14.9051 1
10.7134 -8.60855 -7.7593 -0.806922 -3.14531 0.158339 -7.16819 -8.23985 -12.3364 -11.5256 1
6.02196 -1.12412 -8.59834 -8.78399 -7.08649 0.407996 -8.70652 -7.29897 -18.5247 -16.3657 1
9.19215 -3.50532 -11.0444 -16.5555 -4.13028 4.13239 -8.75638 -6.33632 -10.9828 1.76274 1
10.8252 0.358539 -9.50542 -0.494614 -1.76677 -2.61893 -7.3015 -1.93876 -15.8908 -17.6336 1
8.59968 4.33608 -9.25988 -3.86654 -4.07383 -2.39748 -9.19943 -2.2479 -8.12385 -13.0607 1
13.58 0.422537 -10.394 -4.77681 -2.04722 2.70893 -5.6722 -9.50551 -18.6516 -1.25993 1
10.8523 4.51662 -7.48195 -6.36005 -4.83793 -6.84489 -3.48744 -6.47883 -13.1021 -3.0205 1
10.9733 -4.77879 -5.95695 -2.54566 -4.28629 4.09867 -6.81517 -8.59203 -9.74607 -9.26894 1
8.87183 -4.52094 -7.32821 -4.10979 -0.128094 2.32189 -2.01909 -5.35032 1.6247 -3.98761 1
12.0739 3.20483 -8.39773 -10.7397 -6.38571 -0.243384 -5.47534 -14.5408 -5.35334 -6.56497 1
10.6086 -2.98892 -8.65238 -8.06031 -3.27814 0.478232 -8.41635 -1.03574 4.03612 -3.59707 1
13.3852 -0.983019 -7.11851 -6.92424 -2.05498 -1.42994 -8.66359 -4.35703 -12.7334 -7.75286 1
10.1098 -6.33613 -9.05177 -0.907778 -4.32525 -1.52106 -6.68385 -2.67739 -13.2343 -2.99627 1
9.74917 1.99411 -9.26543 -9.44432 -2.05907 -3.25797 -4.67595 -9.65449 -1.83066 -3.51735 1
13.9251 6.16588 -9.72994 -3.01769 -5.19559 5.17258 -2.11346 -5.90153 -16.6237 -7.33442 1
11.4162 0.731507 -7.03419 -5.70431 -4.15589 -0.444626 -0.913437 -1.56825 -13.5435 -1.16151 1
7.00883 4.66468 -8.18139 -3.6038 -5.06399 -2.29211 -6.28496 -4.89328 5.21966 -14.4156 1
8.89356 -0.319202 -7.17097 -3.81625 -5.61353 -3.5454 -7.61861 -4.43644 -19.8417 -12.2706 1
14.4066 -6.57543 -7.05893 -0.90924 -0.871639 -8.22199 -8.20049 -11.7457 -12.9212 -8.16094 1
11.0006 -1.63915 -11.4078 -4.51821 -6.26088 -3.66524 -5.6017 -3.36532 -16.8175 -8.13544 1
12.6103 -0.919759 -10.7269 -6.29871 -2.83033 0.515647 -8.88288 -1.09475 -13.0454 -10.8092 1
9.52493 -4.55157 -9.64877 -5.86935 -1.12051 -0.227276 -8.45418 -7.87889 -13.5321 0.360257 1
9.83756 5.02832 -9.61877 -9.08781 0.0691031 0.545988 -5.63916 -8.95278 -5.92117 -3.15982 1
6.30056 -5.99766 -5.56035 -2.29277 -5.02539 -4.2719 -2.12433 -5.3072 -7.84785 -0.124005 1
9.84971 -0.809073 -7.06423 -8.28635 -5.93896 -4.63312 -8.30256 -12.1081 11.2353 -12.7048 1
7.30186 -17.8236 -8.03876 -1.43807 -6.71955 1.20834 -9.02974 -1.88735 -3.85813 -20.0963 1
13.1009 -6.36829 -8.09379 -6.96054 -5.72305 1.48458 -6.35402 -6.93375 -2.23125 -5.50955 1
2.85432 -1.87844 -8.95579 -0.289989 -5.6388 -5.04465 -10.2253 -1.35953 -5.27628 0.115738 1
9.2165 -0.295192 -9.9505 -3.59927 -2.41157 -1.02942 -11.6177 -10.8843 -2.69401 -13.2703 1
9.1825 -10.0523 -6.5625 -10.311 -3.935 0.0687305 -4.27648 -7.77615 -12.4819 -2.67627 1
8.14235 -1.83456 -7.94146 -5.09743 -0.236168 -0.772231 -8.40977 -4.64498 4.03084 -4.11811 1
9.4469 -4.08382 -8.9886 0.50626 -4.60171 -5.66909 -9.85824 -6.47552 -8.23709 0.469192 1
10.3651 -6.50863 -9.83276 -8.26073 -5.7354 -4.73115 -9.59701 -1.91876 -2.42456 -4.61476 1
11.0343 6.88887 -8.42691 -17.9801 -3.65823 -5.24507 -8.63434 -11.871 5.01596 -7.65029 1
14.3532 -3.48926 -9.55526 -8.89214 -1.22152 1.5188 -5.24154 -11.3638 3.18456 -0.550241 1
13.3686 -1.46003 -7.44672 -9.59876 -3.84544 0.905559 -7.73099 -10.0902 -16.3656 -6.60476 1
11.9335 1.35223 -8.67396 -7.40217 -0.794919 -0.0773653 -7.50806 -9.96925 -12.5322 4.26795 1
10.2542 -0.988231 -8.43285 -8.39232 -5.00482 -2.38785 -6.89805 -7.45188 -11.4621 -16.0181 1
11.1108 -1.04259 -9.25547 -2.37102 -1.66545 3.02305 -6.76161 -0.885778 -27.2537 -19.9695 1
9.18558 -0.126505 -6.74511 -1.5889 -2.50789 -2.56743 -5.81592 -3.27566 -8.34318 -0.791104 1
7.05897 -7.17919 -10.3916 -4.42135 -4.74417 0.727389 -3.38574 -1.86208 -7.52299 -5.57058 1
7.62576 -4.73832 -6.26869 -7.55079 -5.25984 3.59732 -8.93951 -6.15161 -11.5226 -1.18711 1
11.0309 -2.21533 -9.34399 -5.62623 -4.99159 -2.02081 -7.3418 -0.797899 -17.1827 3.36629 1
6.20098 4.04803 -7.63273 -6.10014 -4.56304 -3.05537 -5.33215 -10.3626 -12.6717 -10.6982 1
4.12107 -12.0748 -9.16845 -5.21873 -4.25221 -5.80069 -8.26523 -6.60423 -13.9904 -4.20596 1
11.215 -5.20408 -9.31352 -8.5157 -1.53809 2.85749 -6.07977 -8.26448 -5.18363 -6.21338 1
10.7682 -1.71615 -7.45576 -5.21739 -1.91969 -4.61319 -3.48825 -0.205031 -9.49597 -17.275 1
12.6362 -0.161583 -10.1638 -4.93106 -5.85797 9.05185 -6.20822 -2.99424 3.31239 -19.9419 1
13.002 -4.46808 -9.01335 -8.89192 -6.11494 3.48071 -6.97167 -2.7189 -8.87603 -10.1151 1
10.4595 -0.349482 -10.3867 -8.34285 -2.32129 2.48191 -7.75094 0.933113 -13.1744 -13.0155 1
7.97168 1.06302 -9.45964 -1.92063 -4.72784 -5.83671 -8.11791 1.36109 -12.9718 -12.7003 1
9.50045 -6.28043 -6.93739 -3.32745 -2.00864 -6.37848 -11.5253 -13.3277 10.8291 -10.4853 1
9.50843 4.6741 -6.82764 2.8523 -4.38004 -2.29147 -6.35567 -4.82651 -12.6261 -5.38945 1
12.7929 -1.12014 -10.4516 -5.71781 -2.14479 0.574282 -6.3898 -9.49892 -11.4387 -9.08726 1
10.3695 -1.50339 -7.72899 -18.276 -4.04924 -1.00263 -6.06232 -2.16486 -29.5569 4.4947 1
11.147 3.47038 -8.32036 -10.5863 -2.82501 1.15602 -8.0663 -6.65688 -26.8857 -15.6481 1
11.9978 5.41139 -9.6095 8.61408 -4.92001 -0.765462 -7.74821 -1.78401 -16.7995 -0.419484 1
6.33009 -6.44263 -10.9555 -6.13883 -3.96979 1.50817 -5.91609 -1.71681 1.84296 -11.6075 1
11.0204 6.83377 -8.72562 -0.12555 -1.76596 -4.58328 -3.74593 -8.27833 -18.6624 -6.05856 1
7.67933 5.31324 -10.2477 -9.77185 -2.10047 -2.50644 -8.2672 -6.90354 -5.13064 -10.9916 1
8.61502 1.76439 -9.42234 -5.79062 -1.39225 -6.28298 -9.42521 -8.4033 -6.84501 -3.88204 1
8.93454 -4.86484 -9.70535 -6.21387 -1.75476 3.56167 -7.88145 -3.71521 -3.04171 -9.45896 1
8.98905 -11.0216 -9.98753 -7.14445 -5.28327 -3.72849 -5.70611 -4.4241 -9.03745 -2.20336 1
6.28244 -7.5593 -5.52136 -5.32831 -5.14977 -2.82703 -6.87509 -0.573152 -14.3647 1.18352 1
8.6054 1.90889 -9.23904 -7.41154 -2.4459 5.6614 -3.83855 -8.18187 -8.19438 -10.1105 1
7.66989 2.91752 -8.75794 -8.49691 -6.08522 -3.60196 -6.03545 -4.92584 -2.98122 -9.00998 1
8.82863 -14.2661 -10.4671 -2.58129 -4.61982 -0.147323 -8.26745 -4.46372 -8.50852 -13.9556 1
6.31068 3.1434 -7.08552 -8.05091 -1.68041 -2.22889 -6.62741 -6.85586 -7.07248 2.39676 1
12.7261 7.29729 -9.31565 0.0899101 -3.63184 -2.9406 -8.37593 -2.1577 -1.03993 0.503563 1
9.96319 3.24224 -9.72927 -6.20081 -4.71642 2.0709 -4.12459 -7.05021 -19.646 -7.88215 1
11.1409 -2.06582 -9.06813 -1.15841 -6.24145 1.84907 -6.43739 -9.24847 -21.5136 2.69362 1
8.65679 -5.48878 -7.63929 -6.58142 -6.02947 -3.93618 -4.82445 -2.12839 -7.77945 -0.734211 1
12.4331 1.91442 -11.6677 -6.90744 -6.28109 -0.594682 -4.26721 -7.11768 -9.3152 -9.77204 1
9.09131 0.425315 -6.23176 -8.28272 -0.904948 -3.72987 -9.07264 -5.78658 2.48629 -4.91813 1
13.8534 -1.44638 -6.42416 -7.5218 -0.35837 -3.08579 -3.04521 -3.85621 2.21593 3.32635 1
7.62121 7.0577 -9.31565 -8.60912 -5.30167 -0.581473 -3.39228 0.0930979 -7.83416 1.53477 1
10.8665 2.13501 -6.54529 -5.56177 -3.72268 -1.23736 -6.28807 -10.4237 -7.41133 -0.9963 1
5.03519 13.1924 -8.15175 -2.84737 -3.5422 -4.22025 -1.11459 -6.26147 -22.2371 -3.3546 1
11.9103 -0.429709 -9.30234 -6.688 -6.12195 -4.65348 -10.6076 -3.48495 -24.9748 6.04834 1
4.74088 0.858447 -9.81738 2.19959 -6.7225 -4.13285 -8.06971 -3.58164 -6.13116 2.2627 1
11.2734 2.24454 -9.51812 -4.75994 -0.885199 -3.2133 -8.88609 -8.04921 -11.1587 -14.3184 1
7.97472 -1.88261 -10.5576 -1.71482 -4.02828 -2.23776 -9.63098 -7.13966 -15.8236 3.87183 1
5.00894 0.565189 -8.36354 -11.1627 -0.656165 -4.91789 -6.3926 1.54926 -13.3111 -3.41918 1
10.3365 -10.7264 -9.36301 -2.62926 -3.79821 -6.28224 -9.27859 -8.06041 0.193233 0.651623 1
7.25224 0.710185 -9.49956 -7.35174 -4.47105 3.32846 -9.86061 -7.92169 -11.7739 -5.25642 1
9.62179 -1.75047 -9.4665 -4.34472 -4.58448 2.80646 -7.28523 -1.40318 -14.7467 -5.53687 1
9.80409 -2.14939 -7.23042 -2.12624 -3.13507 -4.37691 -8.80238 -2.73257 -10.0578 -2.65013 1
10.4329 -1.94023 -8.26258 -7.6932 -4.93022 -2.70594 -5.151 -10.792 -9.66687 -3.88933 1
8.46965 1.52737 -10.6675 -10.1887 -3.8482 1.47545 -6.95954 -1.33241 0.652515 -11.0461 1
10.759 6.55363 -8.76686 -9.96919 -1.77616 -1.18387 -9.9184 -14.2437 0.153106 -11.484 1
10.1349 -3.97914 -9.96072 -4.75133 -7.76284 -1.97422 -9.61342 2.29935 -2.31345 -8.49435 1
13.8348 -1.5965 -11.2354 -12.0852 -1.93392 -3.12339 -6.02109 -5.41668 -7.05914 -10.7808 1
11.2269 6.31229 -7.40306 -4.93999 -3.80262 -5.14125 -5.36877 -4.14349 -18.1066 -0.241808 1
9.65007 -1.56218 -8.47946 -7.53489 -5.79077 0.322346 -4.37636 -3.88769 -18.6799 1.71487 1
9.66567 4.19923 -7.62338 -4.66422 -5.05199 2.12599 -6.2724 -4.26981 -8.74839 -11.1587 1
9.13876 -2.63659 -9.05482 -0.731036 -3.71523 -1.84412 -8.37908 -8.03662 -1.64015 -12.2755 1
11.6365 -0.585266 -9.17697 -8.37868 -3.39723 -0.768279 -5.60924 -3.73922 -12.0724 -4.58009 1
12.3199 -4.60299 -6.51616 -3.4388 -2.17043 -0.447633 -2.85581 -2.22512 -13.2986 1.05886 1
10.8488 2.72154 -9.06615 1.2646 -4.77616 -6.07539 -4.79843 -7.06605 1.45276 -21.5596 1
7.80135 -4.17763 -8.24603 -3.31558 -2.21194 -2.77861 -8.02679 -8.07072 -1.38187 -8.94286 1
11.6481 8.78255 -9.36456 -1.65338 -9.358 1.22555 -4.95562 -8.38191 -4.94642 -2.42385 1
5.34029 -2.33592 -7.2402 -3.06821 -2.85268 -4.78137 -4.6448 -1.29086 -23.5718 -3.17536 1
7.07908 -3.09688 -8.38986 -6.62106 -6.06402 4.41327 -2.61517 -4.03841 -9.1902 -0.553494 1
7.30787 -6.27456 -9.86217 -9.58463 -3.01075 -2.16592 -8.49214 -7.44022 -12.6608 5.28385 1
8.14334 6.46948 -9.96776 -10.8004 -3.26627 7.05053 -9.25169 0.472944 -5.67416 -1.71058 1
11.8392 2.43657 -7.99453 -2.17484 -5.00059 -0.253164 -10.4886 -1.63808 -9.60811 -4.54435 1
11.462 3.27997 -5.59869 -7.553 -2.24574 -1.0765 -4.79658 -6.28484 -6.39987 9.1082 1
6.42678 -2.67233 -8.64927 -1.59596 -4.38421 -8.86955 -5.4361 -1.43575 -20.2023 -6.9284 1
12.8949 -4.63791 -8.94045 -9.22477 -7.95919 4.74593 -5.72017 -3.10994 -23.8508 -8.84896 1
10.3536 -3.99175 -10.8368 -9.21202 -6.1727 -0.0992046 -9.86046 -0.330303 -8.89542 -6.97409 1
17.594 0.685498 -7.14694 -5.12473 -8.16969 -0.327262 -1.83803 -6.74821 -4.62679 2.80338 1
12.6008 -6.54045 -8.8575 -7.53856 -6.26657 -1.62936 -6.87654 -12.898 -0.691036 -7.5158 1
9.00937 0.492527 -8.5086 -4.89229 -3.90033 4.00894 -2.98533 -9.32464 -4.90718 8.66728 1
5.21633 -9.63889 -9.98873 -2.83255 -3.30942 5.66001 -4.84258 -3.82327 1.929 -5.89783 1
9.48731 4.74238 -8.12658 -0.108844 -3.26996 0.0188689 -6.0393 -5.78951 -11.548 0.992235 1
5.95716 3.10792 -8.94426 -4.93495 -3.65359 -1.42956 -8.66973 -5.02557 2.3067 -2.06389 1
7.75914 -3.61803 -6.85199 -16.6478 -4.75648 -2.20571 -3.14229 -7.89161 -8.08715 -6.4155 1
10.1313 18.5365 -8.26788 -9.73261 -2.87243 2.64543 -6.72118 -10.5164 -11.3081 -20.9559 1
14.8893 3.70128 -9.20058 -5.30214 -2.84569 2.36933 -6.02311 -4.55587 -3.43369 -3.64898 1
10.9601 2.26452 -9.16824 -2.761 -1.17364 -4.9554 -1.86979 -2.28398 -27.2637 2.17788 1
9.4404 1.80153 -9.82472 0.714 -4.46944 -1.57349 -8.09118 -2.38125 -13.7733 -5.08166 1
13.6006 3.16836 -7.94949 -5.47007 -2.1278 -2.83249 -3.10423 -2.36585 -2.55295 -3.9121 1
8.13538 -5.91329 -9.30271 -10.1017 -5.09126 0.418049 -9.65987 -5.08603 -11.2256 -1.9198 1
11.5649 -1.78392 -10.0571 4.86685 -5.15858 1.14317 -6.1287 -2.06681 -0.491791 -7.80772 1
11.0525 11.3052 -11.3981 -4.31845 -4.37406 -1.96735 -7.71926 -8.26261 -6.03195 -1.1285 1
11.3448 -1.58735 -7.5479 -5.95761 -3.21951 -1.66747 -5.19401 -9.14849 -8.11101 -5.04783 1
6.35812 -0.332637 -9.22617 -11.4078 -1.51553 -2.06098 -8.97177 -2.69596 -6.54849 -7.80591 1
8.53041 4.26956 -8.08363 -4.07479 -3.57513 -1.4287 -6.96518 -3.51183 -12.6696 2.9736 1
8.33371 -4.07804 -11.5798 -10.0243 -4.51501 -1.65308 -8.73003 5.54929 -19.0731 -7.17322 1
8.99473 -3.02527 -7.91173 2.445 -4.57767 2.54092 -5.29939 -5.03282 -5.77247 -9.84069 1
9.87476 -3.82513 -7.79305 -6.4565 -3.99062 -5.10947 -6.29205 -14.2702 -4.27869 -3.31678 1
4.8229 -2.25008 -6.43192 -5.18227 -2.66547 -7.20545 -7.47463 -5.87457 -12.4731 5.94076 1
9.93247 0.528596 -11.594 -6.06475 -2.25253 -0.735346 -6.19849 -2.63862 -8.51748 -4.7569 1
6.99126 -10.7684 -10.5047 -1.2162 -2.41753 -1.95918 -6.46782 -3.91626 -10.6516 -12.2691 1
8.39714 -6.03399 -5.88222 -10.7795 -5.09905 -4.489 -5.57945 -8.62352 -22.0099 2.97995 1
9.3706 2.01929 -7.82613 -3.19116 -0.526316 13.5337 -11.3675 -2.59238 -4.71316 -4.30565 1
10.2159 -6.0533 -6.96373 -9.85589 -4.7291 -5.86227 -4.85213 -7.91042 -8.56271 -9.51841 1
3.25475 -2.7457 -9.13856 -5.31477 -2.86627 3.13417 -8.87542 -5.15748 -16.1977 5.70512 1
11.9655 -1.03285 -7.96468 -13.1621 -5.59843 -5.79197 -6.22666 -1.37923 -20.8237 5.25276 1
11.7017 6.34435 -8.85023 -10.8 -5.33702 1.14474 -6.40058 -0.215317 -12.3577 -4.38141 1
7.89525 -9.08008 -8.36607 -3.49626 -0.39238 2.22208 -6.73644 -9.10561 -9.06657 -5.38264 1
9.31521 0.479742 -8.88325 -15.7673 -0.99777 -0.147119 -9.88024 -10.2231 -15.1708 -13.6002 1
8.74041 -6.64967 -8.66791 -8.15439 -1.13417 1.45732 -8.23518 -8.92959 -8.55375 1.53463 1
12.2346 5.48541 -12.7704 -1.56073 -4.15147 3.22379 -9.22157 -7.62308 -8.5669 -5.69829 1
10.1947 6.05848 -11.873 -6.06044 -3.76535 1.48649 -9.22795 -5.26388 -16.6013 -12.5253 1
12.0479 -4.30342 -8.1831 0.817067 -4.72806 -3.05805 -6.95756 0.0634362 -2.78124 -3.17073 1
12.2036 -1.48491 -7.99789 -1.53547 -4.32835 0.889556 -3.78814 -10.922 -8.68879 -9.16272 1
11.4557 -10.7074 -7.30662 -13.1741 -4.38516 -3.75681 -6.02542 -4.58466 -25.6742 -7.86481 1
11.2632 -7.20906 -9.11118 -1.8442 0.973659 -3.85904 -7.88879 -0.857489 -2.50233 -9.56225 1
11.0273 2.04333 -10.4694 -1.2752 -1.85842 -7.07567 -8.12767 -3.26313 -9.29055 8.19456 1
10.8279 -1.04791 -8.26454 -6.41899 -3.63078 4.28202 -8.40163 -2.90978 -1.13948 -12.2551 1
9.93759 -5.12936 -10.0508 -1.391 -4.63587 -5.69102 -8.76661 -9.76838 -14.8422 3.6651 1
12.5882 1.42221 -8.45471 1.83792 -4.33517 -1.28341 -6.17901 -4.06298 8.53584 -11.05 1
11.7425 -0.824002 -11.4932 -11.3935 -3.197 -1.9294 -5.26767 -4.63593 7.1272 1.89585 1
7.92597 -2.97711 -8.18233 -7.71877 -2.74161 -3.36075 -8.71344 -7.45686 -1.82466 -5.12564 1
5.67846 -2.6098 -9.18799 -13.0328 -2.72332 -4.58422 -9.24835 0.391038 8.16181 6.79335 1
6.81099 -9.88877 -9.73752 -6.50501 0.151525 -2.07458 -11.4914 -10.9402 -3.22483 -10.8208 1
13.2968 1.96413 -9.64623 -6.46917 -2.86704 -3.98569 -10.474 -4.55442 -4.98224 -3.59257 1
13.8173 -8.74434 -7.71153 -16.335 -2.64829 1.70917 -2.12832 2.81342 -0.75272 -4.57922 1
11.6398 -0.939624 -8.13429 -3.75702 -1.66036 -2.53101 -11.0887 -6.77254 -6.74239 -1.08708 1
10.54 2.59641 -9.41013 -2.72552 -4.28299 7.55738 -4.01078 -3.57023 -10.2805 -14.6874 1
7.46813 1.94047 -10.269 -2.64012 -3.83472 0.676313 -2.07762 -5.713 -15.6519 1.83855 1
7.16853 -7.53538 -9.0842 1.23297 -2.1793 -3.92965 -9.22224 -2.36365 -14.3134 -9.91981 1
11.5939 -5.66491 -7.38011 -7.57304 -5.50145 -5.19432 -6.4114 -7.07826 -12.6459 -3.8469 1
12.9076 -0.670611 -8.18025 -8.18493 -6.63609 1.33533 -7.08209 -4.76408 -7.05191 -0.314005 1
9.61229 -6.20271 -5.69622 0.610398 -1.68864 -4.40615 -7.37034 -5.01302 -0.64992 3.44486 1
5.64142 1.0017 -12.0495 -0.65845 -6.41904 -6.34697 -5.16854 -5.7612 -16.3404 -1.3123 1
9.10904 -0.572455 -8.00863 0.673012 -5.69354 1.46043 -4.57387 -13.5761 -10.6074 -2.74214 1
12.6992 -8.14197 -8.70904 -3.83485 -6.00881 -1.55904 -9.52218 -3.29561 -17.4375 -13.2124 1
5.6762 -3.56021 -7.31218 -5.72585 -2.63372 -3.58804 -13.1171 -3.93683 -22.4987 -1.06657 1
12.9849 -5.32672 -9.24903 -4.29466 -1.52988 1.93428 -15.8323 -8.57342 -12.1966 -12.7218 1
11.141 -4.26205 -8.37473 -10.754 -7.04908 1.85214 -5.29983 0.0666737 -19.1506 -9.55617 1
8.94356 -4.73239 -8.06212 -5.7957 0.210921 -12.0377 -1.52925 0.60828 2.45253 -4.86532 1
6.97621 0.293643 -7.78451 -8.49616 -3.5409 7.33639 -8.47503 -8.79238 -10.5261 2.34739 1
6.94884 -2.41697 -9.56989 -7.9132 -6.89704 -4.0411 -4.45832 -0.766092 -6.42984 -5.84609 1
6.9833 -3.11271 -8.71721 -3.46852 -3.29537 6.38921 -6.87942 -5.72143 -4.47866 -8.47897 1
8.07954 0.397813 -9.48959 -1.7537 -3.35155 -4.50923 -1.79717 -6.16499 -2.8476 -11.9358 1
11.3646 3.89387 -10.9098 -6.72704 -0.94716 -3.59603 -5.8903 -4.44597 -0.771918 -0.357259 1
7.45218 0.22497 -8.78804 -6.30073 -3.69121 -1.92759 -6.6949 -3.63775 -10.4394 -6.39258 1
5.81343 -9.3249 -8.89893 -12.0518 0.272574 2.41339 -5.04639 -8.91512 -12.2138 -7.6847 1
9.36473 2.44705 -9.70273 0.709514 -5.22324 3.30978 -5.55852 -14.9497 -7.68645 -21.6007 1
10.3817 -4.01275 -10.3968 -7.4494 -8.08766 -3.87498 -2.0144 -0.944956 -13.9249 -6.1502 1
5.77348 4.24077 -8.77119 -4.36299 -3.29845 9.83518 -7.81966 -6.56027 -22.3116 -11.9156 1
9.75199 0.858613 -8.609 -13.0879 -5.94002 -5.80109 -8.50417 -3.67029 -15.8613 0.184211 1
6.26903 4.1103 -10.515 1.96482 -3.21445 -0.608963 -6.18023 2.06217 -5.61153 -6.69663 1
8.29287 4.11555 -8.11474 1.11799 -4.03258 -4.13686 -3.92774 -6.75463 -10.1021 -6.41384 1
10.1179 -1.69235 -8.7597 -15.1837 -0.668938 -1.65594 -8.04844 -4.55268 -9.34694 -5.97103 1
10.1499 1.05501 -9.49378 -4.64535 -2.60567 -0.826008 -8.59287 -11.4024 -21.7462 -3.9091 1
10.7464 0.0335246 -8.93044 -7.03955 -4.57239 -2.22008 -3.59867 -1.2385 -1.47771 -3.30641 1
8.66623 -0.29197 -9.78356 -6.64775 -3.86471 -0.799533 -8.27039 -6.3691 -15.2145 -13.7211 1
9.66217 -2.16229 -7.18687 -4.07162 -6.28438 -6.60818 -6.64699 -10.3155 -4.15103 -4.69985 1
4.49837 -3.68604 -8.18014 1.89541 -2.42803 0.0248484 -5.85387 -2.47294 -11.2106 -5.76311 1
10.8607 -5.0135 -8.53901 -11.8359 -7.23158 -2.11465 -6.58383 -3.75512 -5.14044 -11.868 1
8.04894 -3.18464 -9.93917 -10.7063 -6.94981 -6.07986 -3.80372 -2.41496 -10.9917 -8.40577 1
13.3898 -14.5913 -9.9605 -10.636 -6.53962 0.908198 -6.66696 -5.17245 -3.66639 -18.4128 1
10.948 5.87066 -8.26737 -1.04386 -4.56532 -4.7844 -2.50796 -7.6743 -18.4175 -1.15549 1
6.263 -12.8895 -7.462 -1.44683 -5.49643 1.84693 -8.9244 3.04725 -6.0799 -8.96493 1
9.07105 3.19103 -6.31015 -1.12597 -3.59607 7.83722 -10.0832 -7.79837 -12.2221 -6.52637 1
14.2194 0.934577 -7.95474 -11.9402 -3.61873 -0.365306 -7.21538 -5.92556 -9.56182 -4.55936 1
5.66642 -6.58723 -5.21223 -11.638 -3.05415 -1.56476 -6.43842 -3.25479 -22.0548 -2.96054 1
9.43489 -6.03339 -8.89867 -10.4268 -5.52924 -6.15296 -6.95166 -10.0836 -16.6133 -12.4718 1
11.1203 -1.81617 -9.09947 -12.414 -3.22868 -4.52679 -6.64975 -8.67145 -17.5826 -2.11047 1
9.20497 5.89834 -8.59642 0.760643 -7.01428 5.63115 -4.15853 0.782039 3.34594 -2.95825 1
8.25667 3.26848 -9.82834 1.19551 -3.26072 5.08537 -6.23065 -7.55116 -20.0787 -3.38956 1
7.16391 -12.0282 -6.8763 -11.171 -5.41152 -6.24087 -9.79552 -2.87748 -14.6298 0.509755 1
10.9769 -5.25784 -8.82334 -6.93064 -3.70871 -2.15484 -7.83199 -4.9298 -6.07105 -13.0508 1
8.61278 -4.2658 -6.1218 -0.282863 -4.51474 5.14898 -1.79855 -5.62272 -31.6968 -0.883423 1
6.95276 -5.59557 -11.0982 -2.33092 -9.74279 -4.95238 -7.3717 -1.80601 0.323031 -18.4498 1
5.36528 -2.60747 -11.0744 -10.1593 -1.93212 -1.21673 -4.1075 -3.41657 1.10191 8.31827 1
6.99624 -1.01767 -7.2272 -12.9795 -6.57005 -0.560914 -4.53161 -2.56044 -7.75404 -5.75885 1
10.7821 -2.05557 -6.31507 0.0308681 -6.85686 -2.90332 -5.76373 -7.46874 -11.3072 -11.3848 1
11.8086 0.784344 -8.11867 -9.7555 -7.23813 0.722578 -7.24996 -9.17201 -15.0701 0.90233 1
13.0368 -1.12427 -9.1723 -1.62012 -1.596 -1.44805 -6.69636 -2.20449 -14.809 -3.21363 1
7.04714 2.13279 -8.13828 -2.31365 -6.7874 -2.44485 -8.94665 -2.48133 -13.0304 -12.6446 1
11.3432 -10.4763 -9.82276 -7.79708 -3.1706 0.162049 -4.63939 -7.04763 -1.77603 5.25547 1
5.05335 1.5487 -10.6391 -7.32101 -2.61233 -3.8157 -10.0648 -7.15511 -5.18311 6.83757 1
11.5962 -3.50959 -7.14772 -3.90815 -4.01971 3.44627 -6.30143 -4.69598 -13.9354 -7.64832 1
8.97949 -1.8397 -13.76 -2.88162 -6.77721 -1.86553 -7.4839 -4.15463 -10.2819 -2.57242 1
10.688 4.61667 -7.8354 -8.46626 -7.21574 0.659696 -6.91523 -2.78025 -9.08208 1.03282 1
11.8388 6.05301 -7.31568 -1.03794 -4.7031 0.221467 -4.64106 -3.75284 -11.4779 9.76309 1
6.35113 5.12297 -9.17138 -2.70459 -2.29931 2.69944 -9.09281 -6.87104 -7.57711 -5.55085 1
10.9463 -3.85 -8.84488 0.640244 -3.05922 1.25457 -7.20056 -2.73914 -13.3864 -0.284562 1
8.25823 -2.13857 -11.0292 -3.87017 -3.20232 -4.46271 -9.28622 -6.09436 -15.7679 -10.5562 1
9.48057 -11.928 -8.9445 -6.51387 -5.06417 -1.72525 -8.73164 -3.30724 -11.0401 -1.14231 1
8.35851 -0.252879 -8.93479 -6.2492 -4.21727 -2.71564 -9.8263 -6.57195 -5.07627 -13.2055 1
8.34782 -2.22856 -10.2357 -12.6358 -4.66212 -5.73247 -7.54176 -4.23679 -11.1189 -3.5297 1
9.93523 -1.06841 -6.64842 -5.99644 -7.47759 2.81047 -6.19359 -4.17391 -13.7923 -11.5307 1
7.86939 -2.10857 -7.55646 -1.43842 -5.46153 -3.54509 -8.11696 -13.0479 -15.3578 -0.221818 1
10.456 -9.52806 -9.69076 -9.556 -1.16728 2.82867 -6.39608 -0.261122 -10.0874 -2.03734 1
7.21804 5.1913 -0.959335 -3.38516 1.68913 -7.76295 13.0549 3.8204 -6.09911 -8.43218 2
4.0522 4.30371 -0.907957 -6.06818 6.39547 -7.3625 6.17194 0.68511 -5.11551 -5.0427 2
7.90957 3.71829 -0.72024 5.30457 2.24238 10.3248 3.29513 10.3987 -11.1503 -9.78279 2
-1.76997 0.651208 -2.19038 -8.85866 0.851492 -5.1148 -1.30038 -0.363468 -14.2104 -12.3158 2
2.77425 3.09663 -0.00670161 3.72852 3.05591 -0.333429 16.4926 10.0319 -12.4153 -12.6514 2
4.48439 6.33162 0.297717 1.37449 5.21143 -3.15692 14.8164 5.5313 -6.39963 -9.96086 2
3.87389 6.7956 -1.32222 -5.32352 2.23967 -8.22095 15.7319 24.2697 -1.08033 -14.564 2
0.297826 5.93233 -0.807313 -3.84815 4.3296 -4.4519 9.84431 3.97471 -14.5968 -4.60663 2
1.22714 4.47735 -4.56456 -5.77284 1.47501 -8.64046 15.4441 3.24158 -1.71929 -9.83256 2
4.12087 2.02776 -1.67682 -7.53237 5.27293 -8.25693 9.87408 11.2097 2.56539 -13.9292 2
-2.0903 2.38375 -0.878552 2.56486 3.76018 -2.20461 8.56959 2.61402 -5.21811 -10.3253 2
0.364419 1.13825 3.48725 -5.59232 2.1337 -10.8872 7.68799 2.63412 -5.8364 -6.91399 2
-8.82312 4.89605 0.71818 -0.962217 0.829242 -0.515476 11.5856 -12.9359 -9.73486 -3.90302 2
6.62031 6.80711 2.76942 -5.34205 0.51429 -8.52725 0.460968 1.55818 -8.3636 -5.83781 2
2.88792 2.01368 1.74879 8.00539 1.89779 -5.20917 1.65486 14.5674 -3.33644 -4.80692 2
-2.26236 3.57859 -3.88919 1.42533 2.16687 -1.18947 0.696277 19.9894 -8.99866 -10.2731 2
1.95394 4.45766 1.2414 -16.5438 3.6151 -8.15741 12.0422 1.69688 -17.9002 -5.87031 2
0.894009 2.60287 -0.501531 -10.4537 3.27037 -5.3063 5.64561 5.26577 -6.30252 -4.06357 2
4.03019 5.3138 -1.14368 -4.47774 2.8205 -12.401 11.1461 13.1511 -12.4128 -14.0886 2
4.56977 2.54873 0.293177 -4.38986 1.36353 -8.35135 5.0433 1.59939 -12.5405 -12.877 2
-0.465978 5.52826 0.336434 -7.41461 2.82289 -9.34422 2.73497 0.654263 -2.91439 -6.37518 2
-1.33826 4.67882 2.39318 -2.81097 1.43722 -1.11533 14.3488 9.50121 -13.0487 -14.1189 2
0.374878 4.93279 2.36265 -2.40803 4.10712 -8.82884 12.1219 18.3121 -0.621556 -7.55376 2
-2.03552 2.66011 -2.33481 -8.7128 4.09621 -7.61214 4.62534 7.44934 -4.91496 -8.07071 2
-1.9633 2.9204 1.10557 1.94158 4.33432 9.79389 5.41494 12.2769 -15.876 -6.08527 2
1.07716 3.97362 1.50209 -6.36394 1.16384 -20.2178 -6.61458 5.32902 -15.0669 -16.9647 2
3.47095 4.11497 1.32158 -3.2807 2.74718 -5.11563 19.1886 15.9082 -5.79357 -9.91935 2
4.11995 1.53443 0.552247 -3.6007 0.864525 -21.6509 32.379 5.34847 -12.8766 -10.5102 2
6.86583 -0.883131 -2.37543 -4.07942 3.94841 -3.65381 3.93281 -3.28941 0.576387 -7.6395 2
1.65242 3.23573 -2.23886 -9.37477 2.19768 -8.58798 -2.59434 -1.21843 -10.6191 -8.54913 2
4.01404 2.29344 -0.152395 4.69679 2.99507 -12.7415 5.83789 9.20538 -16.1459 -5.8869 2
6.68338 3.25395 -2.19515 -1.26755 1.88724 -3.99597 10.9318 13.9135 -9.71661 -8.39422 2
2.75957 2.77058 -3.08322 7.53105 4.21267 3.59024 -0.200966 8.50483 -6.04717 -7.15998 2
-0.499126 3.81177 -1.07447 2.53806 0.609553 -9.3708 5.44992 4.34572 -18.0316 -13.5836 2
-1.31522 1.91617 1.42522 -2.68636 4.08717 -4.25026 23.8413 14.7902 -5.19261 -6.84162 2
-0.80294 5.54453 1.86642 1.18328 2.24721 -10.543 7.70189 6.53303 -9.3349 -10.2231 2
3.17806 2.34842 -3.68058 -6.50509 0.215182 -9.27298 10.1226 -4.46812 -12.3638 -12.1883 2
4.05578 3.44037 0.184338 0.144205 6.42151 -6.01255 11.7715 -2.65228 -22.8942 -10.7815 2
1.45264 2.43556 -0.0811313 -13.9974 3.15583 -6.11053 8.95405 3.99166 -2.4459 -10.5925 2
3.1877 2.88397 1.68589 -4.75894 6.4549 -1.08204 5.43374 9.25738 -9.53668 -10.9945 2
1.6564 3.89491 -1.43902 0.80785 2.13847 -9.60257 17.0378 12.817 -15.1462 -10.8133 2
-2.22838 1.58153 -1.86397 2.88242 1.35319 0.773657 2.53901 7.42302 -8.6975 -15.6028 2
-0.908827 -1.21738 0.777665 12.2733 3.63691 -6.412 9.718 0.129982 -22.8151 -11.9457 2
-0.403283 2.73334 -0.862973 11.7239 1.93953 -9.89771 -3.17854 15.4105 -14.4302 -15.9118 2
0.699166 1.1413 0.710657 -8.21421 5.34479 -12.9427 9.00906 9.27458 -6.05924 -5.53542 2
-4.68612 5.10334 1.20376 5.36984 3.47853 -12.5511 10.449 7.54609 -4.48135 -13.9669 2
-0.240458 0.318251 -1.6306 5.85821 1.5577 8.39992 18.3014 10.8588 -3.60337 -7.54979 2
2.0804 -0.773259 0.334396 -7.03185 2.74264 -1.71839 11.0128 1.34983 -9.89051 -6.06035 2
-0.418089 3.1503 -2.15606 3.15781 3.84541 -6.93936 13.5378 7.9507 -10.4208 -9.17622 2
5.80585 1.45593 0.749533 -3.9952 5.43287 -15.694 11.9932 3.60328 -7.82016 -9.59027 2
-1.42779 5.20231 -0.198484 -7.09176 1.11609 -1.6006 17.6138 19.1323 -9.91792 -6.41498 2
3.13519 3.17209 2.01527 4.09553 2.24586 -12.3714 6.63868 4.36691 -15.6076 -10.8882 2
-0.514937 4.01074 2.50829 -0.639604 2.59286 -10.8914 6.52224 2.9649 -15.9316 -5.24825 2
11.6967 2.92984 0.397871 -7.80035 3.24529 3.74055 8.79485 -4.86208 0.16175 -9.83448 2
0.303051 2.03881 -2.63913 15.9168 4.28608 -11.6448 11.0088 4.53037 -0.656774 -6.06023 2
1.34174 1.8022 1.44157 -2.51884 4.54285 -14.087 2.29316 8.05282 -6.4871 -2.49045 2
5.672 5.3906 -1.1711 7.66522 5.76423 -9.74189 18.0206 14.9957 -5.84585 -7.67484 2
-3.97027 3.01721 -0.547907 8.66023 2.90919 -5.30297 5.28567 3.83947 -12.3248 -8.15238 2
6.01088 2.66913 0.21703 0.174355 7.61761 -9.80513 18.2259 -0.249738 -15.6893 -12.1478 2
-3.68174 2.76743 2.4431 8.92893 3.58791 0.156743 4.88111 13.821 -12.2264 -5.60269 2
0.926301 2.27856 2.21375 -4.39102 4.74376 4.36622 13.9246 2.48704 -9.16402 -11.5934 2
1.55354 4.29237 1.20683 11.3137 0.855746 -0.300235 -4.3139 3.77381 -8.43713 -4.56286 2
5.80043 4.77956 -0.751313 3.55175 1.94303 -10.8294 11.396 11.049 7.08863 -12.1582 2
0.764999 5.44931 -4.68186 1.11686 4.82385 -11.3853 5.60319 8.7777 -6.39045 -9.07836 2
-3.06698 0.84528 -1.59722 7.01742 3.68333 -0.574369 -1.15951 8.61184 -7.29802 -9.35294 2
-3.32735 4.46884 1.7523 0.892939 4.95112 -12.7619 16.3486 15.9791 -8.62169 -9.32337 2
-0.907508 3.441 -0.619145 -5.11506 4.45503 -16.9904 14.7499 12.7461 -0.930751 -16.7532 2
1.30794 4.81954 3.84416 -0.288347 2.36696 -0.994564 6.36473 13.8627 -6.86751 -7.71988 2
2.14859 5.09572 -2.11191 -8.44437 4.12923 -3.26824 9.37774 2.3799 -8.3459 -10.9109 2
3.0084 2.86706 -1.8898 7.017 1.60138 -4.05969 18.0752 8.57782 -18.0473 -11.0235 2
2.96784 -0.751186 -2.4927 -3.49063 4.89674 -6.79413 13.8362 0.752686 -8.0385 -11.7147 2
1.82962 4.31831 0.208167 12.0569 2.91426 -1.67621 12.499 6.56848 -8.88863 -11.4439 2
0.116504 2.74915 -4.06405 -5.82589 3.56684 -11.9411 13.6354 2.08242 -1.58186 -3.122 2
9.28615 3.00104 -0.197201 -5.13088 3.72297 -11.581 12.862 6.80252 -10.1667 -10.4625 2
4.28223 4.72548 3.21577 1.28628 3.95479 -14.7266 10.6384 3.61869 -10.6625 -4.00633 2
1.34699 5.64304 3.69638 3.08738 5.29441 -3.98984 6.52813 -0.133945 -8.50811 -9.33232 2
3.20435 7.8803 1.99791 -8.09095 2.84481 -10.1954 4.13175 9.62479 -5.98716 -4.71848 2
-0.538123 4.22447 4.61063 10.8605 3.93325 -2.19378 -0.276905 17.2563 -9.27269 -8.72146 2
1.25969 4.26672 -0.334371 -22.5362 5.77663 -14.4268 18.5882 9.72859 -2.78301 -0.946731 2
0.981807 1.00501 -1.83191 -7.49663 1.48002 -9.89758 5.7222 20.6134 -11.9118 -12.0529 2
0.340901 5.14754 0.724614 -18.6555 3.09723 -5.75265 -1.4589 -7.472 -14.3744 -2.94961 2
0.67839 3.34746 -1.21114 -11.7037 2.22556 -10.0275 10.9724 11.201 -9.15145 -7.63784 2
0.928003 3.78418 2.42174 -7.90485 2.09925 -8.66018 7.29975 7.72045 -17.9994 -9.28609 2
2.40263 6.00337 1.13519 -1.3803 3.34948 -4.66783 3.30232 -2.45273 -10.7333 -12.6661 2
0.0447606 3.97681 -0.438845 -2.04127 -1.01556 0.475667 14.0981 -9.67678 -14.039 -5.59801 2
-1.25107 0.422649 -1.11823 4.41362 3.97495 -6.3705 8.28348 14.2 -3.78516 -10.4951 2
6.16473 2.71411 -0.255007 1.38523 -0.748552 7.5091 4.91457 9.72269 -16.1747 -12.7466 2
-4.85378 2.60759 -0.584604 -5.11118 3.43061 -10.3454 2.08927 2.79506 -5.0701 -12.0961 2
-1.86288 3.53677 -0.0225387 3.65357 4.44089 -19.3443 9.23505 6.87793 -5.25433 -8.52474 2
6.24276 3.92003 -2.07348 3.3614 4.35223 -18.4723 -4.19524 5.47877 -4.88301 -15.4573 2
0.248346 -0.807629 0.334306 6.92504 1.47202 -2.75237 -7.86361 12.3935 -15.1757 -20.6231 2
1.75966 2.42138 -2.89988 -19.0691 1.4436 -1.40015 13.8692 11.3927 -10.2363 -8.81218 2
-4.40218 3.86591 -1.03894 -6.97716 4.04165 -7.63948 -5.9836 4.55391 -9.4923 -8.52628 2
3.36769 0.782088 2.97258 5.00521 4.19638 4.01574 4.7175 10.1362 -9.29916 -2.79892 2
2.13932 6.61396 3.38531 2.17476 4.97903 -8.86769 5.9926 1.56067 -15.5973 -8.33382 2
5.3422 4.47967 1.12336 -3.44153 4.41568 -16.4915 20.7648 1.71905 -6.74953 -10.1946 2
1.32128 1.74001 0.638492 -11.1682 1.87778 9.32875 4.08411 1.76167 -10.3761 -9.99352 2
0.636049 5.57021 -3.57256 -7.58766 2.06332 -4.32113 12.4742 13.7621 -7.19179 -4.51117 2
-2.35752 4.01912 5.0473 -0.709646 2.48657 -6.78645 15.1607 11.5343 -23.4482 -5.77988 2
-2.91648 3.43432 -2.66031 -1.33787 3.62151 -5.90567 10.8694 7.16699 -9.77444 -12.894 2
0.102916 -1.15019 0.888471 -3.08059 1.07958 -2.07434 -9.3249 -3.34979 -14.3284 -10.998 2
-2.21846 1.40387 2.86486 -2.343 4.04407 -0.270587 12.2325 8.61127 -6.09887 -10.4689 2
3.80972 3.76029 -1.88368 -5.16644 2.43779 -3.57144 4.77583 -2.31042 -11.1399 -10.49 2
0.950973 2.41817 0.90283 4.09539 4.62537 -8.48938 8.79818 5.58009 1.28558 -8.06844 2
-0.318854 1.037 -0.790608 3.45476 2.8699 -4.11029 2.56609 -1.64582 -9.44737 -7.59965 2
-2.23972 1.99218 3.23891 -2.89246 2.78619 3.33041 9.28799 8.6487 -20.6635 -14.5862 2
-0.478294 2.87049 -0.99703 -9.46717 2.97015 4.38206 10.4878 17.446 -14.1206 -13.0321 2
-0.696135 1.24194 -4.57992 -1.06247 0.723264 10.3183 3.75169 1.38129 -10.0309 -11.5842 2
4.37977 3.65398 0.716575 13.2999 3.30632 -3.26784 9.57935 9.19417 -12.8504 -10.8572 2
1.97665 -0.290568 -2.39394 2.90006 2.26549 -2.8444 7.29723 17.2868 -5.98672 -5.36894 2
-2.79967 0.534645 -0.980614 5.36664 3.27745 -11.9254 9.00217 13.2212 -11.305 -10.8807 2
7.33785 -2.10758 -1.71232 6.01254 7.22189 -4.46239 6.62579 6.14981 -14.3303 -8.37935 2
-1.37691 3.23495 1.0601 -0.524706 4.18026 -6.72901 -6.55926 2.63019 4.43086 -7.71996 2
3.96281 2.59755 -0.912556 -0.0547339 3.69425 2.26768 1.25711 0.54222 -11.0875 -6.49811 2
-2.14654 3.52509 3.80796 5.1512 1.43519 -4.77678 17.0915 6.91126 3.19922 -8.90099 2
-0.47713 2.44336 2.98689 12.5003 4.12028 -3.69675 11.0413 14.954 -15.4621 -2.53266 2
5.22057 4.56422 -4.36178 6.94801 -1.78449 -2.26219 16.0834 -0.514448 -19.5235 -8.21991 2
2.62945 2.34865 -1.62236 -1.60472 4.25991 -5.61955 12.0436 4.94024 1.58707 -8.88907 2
2.45399 2.56945 0.944367 -0.916045 6.26621 -7.22973 2.49024 18.9044 -13.5005 -13.155 2
-4.08536 1.79461 0.136151 -9.3228 4.88903 -6.03307 14.3258 7.54729 -14.7142 -8.44012 2
-1.77448 3.99671 0.156264 1.09545 1.69133 2.28443 5.26082 -3.1282 -15.4491 -8.4261 2
0.621807 7.80612 -1.90077 0.559638 5.09791 -7.90033 12.2759 7.18681 -6.65874 -15.5034 2
-3.72211 4.256 -1.27965 2.94249 2.77046 -2.15881 12.8072 4.66087 -10.9858 -9.96645 2
0.557481 1.44195 -1.81412 1.22483 2.60003 -5.03638 12.2045 -1.78745 -20.9907 -8.85704 2
4.31168 5.96364 -0.110818 -13.3027 1.87677 -14.7512 6.49868 12.2954 0.780236 -13.4961 2
-0.823521 4.02304 1.60733 -5.99469 2.70838 3.79872 14.1655 3.69059 -10.8431 -6.78478 2
3.29009 2.4652 -0.311518 7.10745 1.37853 -2.64916 8.70799 4.2035 -7.52444 -3.58828 2
3.46821 2.33172 4.04782 -4.00816 1.7516 0.508692 14.9093 -3.82253 -14.387 -11.8213 2
-2.5583 0.653252 -0.80696 -10.9617 2.83901 -12.9773 -3.5639 3.40861 -11.0076 -5.42565 2
2.71124 3.15289 -1.18097 2.97645 3.44642 -10.2077 21.089 -4.92767 -6.81209 -9.02209 2
-3.22313 3.03597 -1.45556 3.12037 4.96443 -2.63688 3.57924 5.63516 -12.071 -9.4285 2
0.101713 4.16877 0.650055 -9.33405 5.30184 1.49969 15.2736 1.38209 0.593331 -14.1452 2
1.89763 0.516911 -0.611446 -0.152401 4.28731 -14.8475 19.7607 1.1337 -8.50213 -12.619 2
-1.64835 2.23996 3.93379 -4.9835 6.47672 7.66444 -2.2783 -10.4489 -20.1353 -12.944 2
1.48403 2.09346 0.240856 10.2667 1.83124 -9.47892 13.3415 5.49995 -18.7627 -12.7494 2
2.04954 5.74021 0.55485 -4.38318 1.5912 1.52911 11.0482 14.6904 -1.35025 -11.4611 2
-1.00392 2.94619 -1.52958 -1.64515 4.50681 -13.2114 7.81027 8.61759 -13.4306 -6.34371 2
1.65922 3.04652 -2.66948 6.09029 2.18358 -8.09605 -2.85831 6.28123 -0.650101 -12.1532 2
-6.91431 1.44467 -3.67154 -0.705782 3.73064 -0.525645 0.995867 -5.40689 -10.0927 -11.3835 2
-5.57945 2.85793 3.24467 -1.69213 2.85882 -3.02097 -0.56207 8.99139 -16.2749 -8.17389 2
1.12326 1.50283 0.495836 4.32017 4.84731 4.53809 -2.08129 9.29514 -7.53544 -8.93643 2
2.67601 1.05412 1.02623 13.7739 1.9872 -6.928 13.9435 4.57355 -17.015 -16.9135 2
0.415877 3.59856 -2.8088 2.19911 2.19156 8.56104 2.51716 9.07455 1.74645 -8.12926 2
1.72668 4.03986 0.346618 1.79091 1.92489 -9.56886 10.7911 12.1739 -5.8167 -8.89649 2
-1.75888 1.30964 -0.232292 -3.07763 2.99883 -11.56 4.60709 3.36039 -13.5329 -10.0645 2
-2.78465 3.99765 3.26733 1.98476 1.43514 -13.5913 7.40671 7.67909 -15.8578 -8.38586 2
2.8035 1.74706 2.20962 -0.180303 3.41901 -2.22332 14.4558 8.55722 -19.7779 -8.95351 2
3.50839 2.68744 -2.24253 3.45627 2.31474 2.73008 1.69028 13.528 1.79215 -7.1884 2
6.37626 4.29514 5.90335 8.04628 5.04707 -3.38782 9.28136 2.38895 -10.4794 -10.0144 2
0.865813 4.21769 -0.6282 0.881509 4.74093 -8.84213 1.93801 -4.45365 -0.236016 -2.03944 2
-2.34539 3.54538 1.90201 -2.64945 3.91503 -7.22726 5.00126 8.84193 -14.2426 -4.68331 2
1.92807 2.66785 4.04377 -6.94081 2.78873 -4.77499 18.5087 17.0336 -8.67406 -5.41489 2
0.603928 6.37955 1.20901 -5.05371 1.08879 -7.09422 12.4903 12.6773 -12.3449 -9.32729 2
-0.485014 3.72724 -2.97034 1.61227 3.55705 -7.98963 22.384 9.98294 -2.84606 -6.7674 2
-5.79397 2.50734 -0.553277 -4.5659 5.17521 -3.86653 6.38308 6.50175 -12.9952 -13.5057 2
-1.54181 2.91501 -0.471205 6.4483 4.851 -9.01764 9.38207 7.78462 -14.9452 -8.23982 2
6.56953 6.22038 -3.02757 -1.90782 1.67795 -1.27079 12.545 9.93874 -1.44595 -13.4169 2
5.75045 3.83286 -1.49792 2.95986 1.71756 -3.5332 14.2188 5.14245 -18.0481 -8.37794 2
2.84165 3.38197 -0.129535 2.62708 3.54633 -6.10885 9.27443 6.12067 -6.61489 -12.4243 2
0.635959 3.48462 -2.73553 5.02881 6.23659 -4.32705 14.3256 4.55586 -2.22229 -10.1505 2
6.29636 1.5741 3.38166 5.99131 1.62573 -2.36506 3.54053 2.47976 -15.9968 -11.2368 2
4.79069 4.09885 0.0805768 -3.02615 2.22414 3.97821 15.5125 3.38029 -6.90484 -7.35953 2
3.61789 5.08265 1.63997 9.18747 6.06881 -8.80434 1.48716 -5.77854 -13.2491 -8.13858 2
-1.90836 1.90763 -0.0569626 0.215094 0.885149 -1.58923 17.4921 6.0043 -15.6832 -8.29369 2
3.99341 3.28306 -2.32 -6.88541 1.98719 -4.44919 12.1018 6.03068 0.252338 -10.2943 2
1.11596 3.4662 -2.4954 -5.91882 3.82043 5.85716 16.0294 -6.44398 -10.9676 -9.12776 2
-0.818264 1.01185 -0.39732 0.877303 5.10977 -5.57474 18.0179 9.54293 -18.7798 -8.09729 2
3.0448 3.36031 -0.273607 -0.465009 1.29971 -10.2289 10.6884 -3.90152 -5.71002 -11.3864 2
-2.29273 4.17367 0.202796 7.52274 3.0734 -1.28507 8.38333 11.326 -7.29688 -10.486 2
-0.393305 2.7815 -1.74823 -2.45684 0.442106 -13.7167 -1.56042 15.5983 -13.8712 -11.6898 2
-4.41701 4.00238 -4.89452 -8.78825 4.95119 -2.33038 12.0186 8.55234 0.636655 -14.1278 2
0.911914 4.10529 1.83865 6.76343 6.25372 -6.75326 5.51141 7.81806 -4.83123 -10.7703 2
8.65101 6.5876 -1.4406 10.1384 2.92528 -7.87769 13.8013 8.89276 -3.35125 -8.01239 2
-3.39219 2.4578 -1.58923 -8.8418 4.22097 -11.3264 13.3864 4.20675 1.17421 -7.40022 2
-1.00706 3.34392 0.205066 16.3776 3.5466 2.59841 8.88259 4.55058 -10.122 -4.80046 2
-1.16737 0.892141 -1.12377 4.27839 5.59172 1.77169 8.1486 -6.01261 -9.67747 -4.44575 2
1.57728 2.42553 0.373409 -10.1653 3.75695 -3.85732 7.20114 9.74763 -3.6582 -10.9186 2
1.57418 2.2674 1.36434 -7.15481 4.32075 -0.0860984 17.8238 4.70002 -2.45538 -13.3629 2
0.6474 4.84987 1.39638 -7.69283 2.33853 -8.02955 14.4611 -1.12366 -3.4573 -7.53245 2
-1.5532 0.872222 -3.05649 -1.79733 3.07125 -4.79052 9.66835 8.75106 -14.9358 -9.40679 2
-6.81799 3.85641 -2.44139 2.10293 3.25353 2.16985 11.3727 7.152 0.450748 -11.4527 2
6.73053 4.22909 1.37156 2.66731 4.66709 -4.18243 11.9492 5.08523 1.48913 -4.2228 2
10.1593 4.98339 0.740319 -9.21269 1.79219 -4.47631 3.4689 7.15678 -16.8777 -12.4193 2
9.37341 4.45032 3.25808 -1.88788 1.69307 2.79339 5.95146 21.1127 -13.3777 -11.1382 2
1.49898 5.4614 0.6903 -5.398 4.72949 -6.8419 7.78884 12.8274 -8.31236 -13.3556 2
-3.41097 2.86981 1.46473 4.28938 1.53251 -7.18111 -0.803003 5.80007 -9.03615 -4.06342 2
2.60388 -0.0591721 0.155709 1.77721 0.751876 -14.0072 -3.79009 -0.189104 -14.0891 -8.3914 2
-0.516188 3.67122 1.11492 1.89296 3.82541 -6.26325 10.6999 1.21615 -11.371 -7.66083 2
2.27721 2.09635 1.8423 -9.48421 3.13248 -13.4966 -2.35089 -2.32064 -3.86632 -8.03927 2
4.79651 0.152532 -0.515038 10.7702 2.67991 -8.92076 5.98935 7.79502 -11.206 -12.0015 2
2.82719 4.01525 -1.14766 8.05935 3.08924 -13.0895 7.64635 -0.567677 -6.201 -9.88892 2
-2.03991 2.66382 2.00638 -3.75178 1.58889 -5.33714 5.72589 1.09342 0.948167 0.211678 2
-9.71247 2.84615 -4.57391 -4.52178 3.21456 -17.4909 1.2868 1.8202 -12.4581 -17.4757 2
-2.38911 0.875355 2.89167 11.914 0.809807 -8.98131 6.12693 5.52778 -9.99811 -10.1033 2
-1.65377 3.38598 -0.402744 -5.19606 3.01569 -4.5954 4.93869 5.28163 2.82723 -18.6136 2
10.9189 2.46738 -4.23554 -7.64114 10.6898 -15.9555 -6.97991 11.4364 7.14662 4.61778 3
-5.27833 -3.84856 -0.193443 4.41007 8.05726 -8.79716 -1.39028 7.73466 4.62354 7.14703 3
-0.455217 -6.29472 -1.70806 -3.66164 3.92484 -15.145 -6.14641 8.5423 4.49316 6.33395 3
2.13109 -3.45817 -3.22615 -3.07097 6.47985 -12.1569 -8.50587 9.48753 3.67296 5.70186 3
-2.82328 -9.88303 -2.37018 -6.23727 4.93649 -7.62571 -9.99116 3.32146 3.42911 6.27281 3
0.774547 -2.45646 -4.96515 1.44891 0.802333 -10.7864 -6.9743 8.96062 1.19662 3.95392 3
0.796491 -4.79285 -3.17818 -5.27412 4.69395 -8.00497 -6.23727 9.37918 6.98552 7.95558 3
-3.66338 -2.49277 -3.6455 -1.41391 3.36558 -10.7963 -4.73111 -4.84961 4.02085 12.1509 3
-5.22098 3.17419 -7.02974 -11.7785 6.76524 -14.1899 1.69974 -0.118381 8.53476 9.83353 3
-8.32101 -2.78608 -1.2827 -8.03842 9.39168 -14.687 -13.9429 6.8261 6.34149 7.40578 3
1.21733 -4.52641 -5.39412 -8.82767 7.04985 -13.8798 -1.33106 5.94643 6.70778 10.2634 3
4.93694 -3.47165 0.482392 -0.516899 5.59945 -8.95126 -4.48616 10.3264 5.62647 6.11223 3
-17.5699 -5.54975 -3.31706 -9.18334 4.93958 -11.749 10.0103 10.1312 6.36898 4.90081 3
-1.48772 -8.35745 -1.01465 -8.8695 5.19974 -12.7558 -7.96572 17.0182 10.6731 8.03499 3
-11.9017 0.385855 -2.5403 -4.09891 6.67829 -0.429223 -12.3286 19.4623 3.77316 4.38891 3
3.13448 -5.17811 -4.2015 -6.31834 7.58292 -18.7146 1.19021 10.1616 4.75304 4.2936 3
3.98837 -2.08383 -2.61809 -7.62204 7.39605 -8.50938 -1.97955 19.479 6.17288 6.12072 3
-9.8189 -2.62482 -3.74496 -7.38438 4.41968 -13.1729 -7.23375 4.1024 7.42548 7.25419 3
-0.296005 -6.92075 -4.22962 3.03845 12.2614 -5.46322 -2.80071 6.84556 9.04308 6.60337 3
-15.1406 -6.77876 -5.40492 -7.9777 2.32663 -13.3232 -14.0336 23.7436 2.15446 2.90994 3
-8.34273 -7.86347 -1.18422 -2.65803 6.06167 -12.0824 -6.38376 11.2716 6.56642 4.9086 3
-2.60893 -8.44204 -1.77146 -2.09926 4.88129 -7.6824 -12.9562 2.09146 5.76881 8.40571 3
6.43813 0.176944 -4.00078 -13.1144 5.48118 -18.3116 -16.2516 12.0588 5.40089 5.82804 3
-6.40119 -3.13644 -1.22845 -5.88171 4.85333 -14.349 1.83265 -1.37058 5.75871 8.11337 3
3.80414 -6.15205 -1.89843 0.00134032 -3.68671 -3.46834 -4.99025 11.2221 4.54 7.63105 3
6.80536 -1.87471 -0.745333 -5.45738 12.3902 -16.8939 0.365899 7.8619 7.08304 7.3115 3
1.06369 -2.36699 -5.96145 -16.1667 4.79327 -1.66148 -0.0857182 6.19989 4.14081 8.87738 3
8.32304 -4.31495 -0.89061 -5.99172 -1.08726 -3.06021 7.54962 1.55692 5.44762 4.43685 3
4.12438 1.23146 -4.42298 -0.341566 9.21399 -8.02506 2.04828 7.50165 9.13865 12.0569 3
-5.09903 -7.0201 -1.17594 -10.7732 11.29 -7.84877 -2.9262 10.2706 3.78052 4.03632 3
-2.19256 5.17438 -2.72655 0.51852 1.99729 -14.4201 -6.05426 12.3994 3.60933 7.80803 3
6.99736 0.794686 -0.60365 -6.41815 -0.363422 -7.30045 -13.4001 21.9766 4.33392 4.7705 3
-1.92652 -8.85428 -1.90901 -5.54528 7.69334 -16.8261 0.819933 15.9853 5.40392 6.72782 3
0.45164 -4.56216 -4.48196 -7.79444 2.26455 -15.3783 -12.0685 12.5048 3.59325 3.45681 3
-1.62482 -4.82074 -3.14884 -1.39825 5.09955 -6.97106 -7.73705 0.952851 7.99669 6.53272 3
-7.13877 4.02583 -3.56777 -1.71068 3.09795 -16.3446 -7.47415 12.6065 6.28668 3.67582 3
-2.57684 -3.0141 -2.47928 -12.0836 -1.04043 -11.8664 -2.39188 18.8792 8.34894 9.21469 3
-3.69825 -2.06219 -0.326074 -5.89908 7.4206 -16.6813 -7.32008 8.8004 7.76205 7.72977 3
-8.29152 -0.857441 -6.06449 -4.74694 7.63893 -16.0272 1.12589e-05 11.0559 4.89079 7.32199 3
-4.31149 -1.61838 -6.00649 -7.35672 3.98402 -7.34767 -6.93342 15.2638 6.66149 9.9059 3
-5.17982 -6.14963 -2.93336 -6.75113 3.58658 -11.8368 0.217955 10.9802 6.71244 5.85822 3
-4.43915 7.47543 -4.75324 -0.0468749 4.05303 -11.6335 -8.37249 12.0674 6.33482 5.58817 3
14.1738 -2.05696 -4.58439 -5.19624 4.87834 -1.71529 -19.4153 10.5617 10.1928 5.00015 3
-11.0038 -9.39229 -1.59881 1.89713 2.97377 -2.51844 -4.44228 2.43224 7.04963 6.20452 3
10.1758 3.10326 -5.39714 -6.89476 1.55002 -13.5024 -5.51103 11.1408 5.04451 9.68891 3
2.75626 -4.66364 -5.27519 -0.0332165 3.16876 -5.6377 -9.05079 9.95597 7.13414 7.36981 3
-1.09997 -2.19172 -2.213 -2.35044 5.66508 -5.37385 -3.24542 4.65061 7.76701 7.69095 3
-0.709425 -2.29998 -2.16603 -9.11943 5.65329 -23.6255 -15.9804 15.3944 5.6629 6.96123 3
2.13847 -2.30717 -4.50781 -5.40751 11.3985 -15.2873 -6.88836 7.56745 7.37014 4.73905 3
-7.54108 -1.91935 -7.08356 0.0722481 0.295339 -11.1445 -15.1055 2.43716 5.02837 4.55579 3
19.0476 -1.44775 -0.0345677 -10.9475 7.18886 -4.13432 -0.925891 3.08099 4.18957 6.40541 3
-11.4709 -8.65041 -4.03798 -8.91905 -0.289213 -15.6534 -23.4866 6.66611 6.9221 11.0922 3
-4.4125 -2.08559 -4.34833 -10.0195 1.0431 -16.7628 6.14156 15.6867 4.14908 6.87771 3
-4.81426 -4.40123 -3.64284 -0.578485 7.83894 -3.19454 -9.98039 12.3279 1.88931 7.14922 3
-3.83362 -3.93569 -5.26424 2.4325 6.71847 -8.00398 -2.28976 22.013 4.94431 8.52303 3
-3.0351 -4.75526 -5.64087 -3.27876 10.819 -4.86411 3.39441 11.6866 6.61457 7.36906 3
11.4333 -9.23818 -4.13991 -1.65197 9.92304 -15.0122 3.39767 4.22208 8.03863 7.66584 3
-4.79033 -7.14538 -3.65601 -1.91125 7.01944 -7.77864 -12.1554 13.2185 9.44618 7.40999 3
7.40949 -2.5911 -1.99451 -9.29581 2.23517 -6.57028 -12.1272 3.88708 7.44499 8.98501 3
-14.0235 1.27162 -7.16208 0.32653 2.52267 -8.14505 -0.0910486 2.9459 5.37267 5.99692 3
5.15504 -4.19869 -4.4605 -7.30939 4.74168 -16.7257 -10.0658 14.947 5.56466 8.00888 3
3.99575 0.752844 -1.57383 -2.66862 -0.212921 -16.8116 5.18274 8.78647 9.2084 9.14674 3
-4.67658 -5.88609 -3.01431 -6.21193 6.00334 -15.0054 0.352795 7.80255 5.93423 7.41539 3
0.632512 1.7364 -0.685518 -5.49524 1.9619 -10.2136 -5.31805 -0.18949 8.05733 6.81375 3
0.821295 -6.42335 -2.46933 -6.85497 9.88186 -4.30001 -9.97955 10.1053 7.6574 5.18065 3
12.1209 -4.25323 -2.13885 -6.74232 6.89924 -14.7727 8.25458 -0.693861 6.72798 9.4403 3
1.02252 -5.133 -5.91892 -5.68998 0.789443 -14.5886 1.83464 18.5366 5.91878 5.50805 3
-6.38114 4.80274 -3.60456 -7.61693 9.44481 -6.00669 6.80869 10.4964 4.95764 3.07537 3
16.2487 -0.0798791 -4.69042 -5.07215 -0.0787853 -6.24956 -21.1365 1.19693 7.10413 9.37742 3
-0.662416 -2.39089 -1.08844 -10.4626 2.32223 -12.59 -2.57429 4.39213 7.28017 5.01834 3
-1.83109 -3.34918 -4.21119 -9.49586 8.00281 -1.10122 -15.8477 13.3504 1.12433 4.25286 3
5.91422 -6.68883 -3.46936 -3.37481 8.90273 -6.31564 -5.42419 15.1967 5.00194 7.76692 3
-3.14201 -7.42222 0.253471 -2.57358 4.0904 -13.3645 -10.393 10.1883 6.0142 8.57722 3
8.50375 0.898779 -7.97046 -7.02556 1.62252 -13.429 -3.13372 17.4483 3.229 5.37032 3
2.17503 -2.42196 -0.133379 -9.09431 1.67283 -14.8096 -7.04879 -7.98017 5.08432 4.38914 3
0.501283 -0.0276483 -3.85754 -4.03454 4.20136 -11.3034 5.9067 7.19 4.59002 12.8939 3
-8.06061 -6.15625 -3.44662 -11.737 7.6051 -7.13506 -4.07097 13.8318 6.03956 2.38451 3
5.23397 -2.22316 -4.24227 -3.38006 4.61438 -6.50895 -8.55261 6.09064 0.0540617 8.12097 3
4.49716 -5.87926 -2.09388 -3.54933 2.21335 -17.1759 0.214848 11.4332 4.42759 8.67073 3
4.00605 -0.254806 -1.56947 -4.12093 1.17877 -5.24538 4.02481 7.03672 10.0328 5.31297 3
3.63113 -10.3372 -2.85424 4.43189 2.03738 -1.3243 0.636712 13.4001 1.19342 6.91922 3
12.6119 0.665654 -2.3059 -3.53231 6.78541 -18.562 4.04573 16.4842 6.10285 5.56168 3
4.91977 -3.51344 -0.164043 -9.51873 7.67877 -16.1198 -16.2017 15.1948 6.39735 6.97816 3
-0.123191 0.0606461 -2.40059 -4.75881 0.224745 -8.49077 -10.1269 3.59923 7.99365 8.5732 3
-1.56595 -7.41732 -3.406 -4.91926 2.08159 -14.4408 -11.5073 11.1576 7.37081 8.86853 3
-20.2126 -1.13332 -3.88522 -9.14595 9.91786 -6.34683 -6.00658 6.23756 7.21357 7.30454 3
-8.63927 -5.5003 -6.88824 0.274331 11.2176 -6.22613 -6.19686 4.25925 4.57333 4.25247 3
-0.348966 -5.3177 -3.441 -5.66522 -0.925028 -20.7389 0.61977 13.1042 8.32876 11.3391 3
3.54644 -9.02729 -3.99502 -6.22051 12.4463 -12.0006 -5.4397 11.7149 1.84929 5.73399 3
9.29126 -7.90224 -5.22507 -8.36294 0.48283 -8.3883 -7.01905 10.8816 6.3225 9.77145 3
-5.8349 -12.0794 0.242441 -4.85878 5.80866 -2.17405 -3.15853 -6.1513 5.66835 6.24256 3
3.62798 -9.35033 -2.42318 -7.0728 2.27699 -5.19341 1.73627 10.7586 7.68655 6.28476 3
6.41162 -4.96753 -4.30415 -14.1229 7.95112 -11.2819 -5.04249 5.08532 7.72578 9.09388 3
8.00861 -4.88633 -1.93257 -8.21796 -3.02552 -7.82237 -10.3605 0.122435 6.00022 6.42729 3
4.22618 -1.81496 -2.84429 0.392808 0.644913 -11.2587 -4.4342 15.5285 2.34457 9.00684 3
-7.83956 -4.53984 -3.27488 -16.9863 6.12365 -6.3276 -0.581849 2.6284 6.92243 11.1262 3
15.0727 -3.29224 -4.14195 -12.8071 8.23703 -5.72009 9.03127 11.9384 7.65123 6.17041 3
7.90848 -3.10591 -6.77395 3.53621 6.01503 -9.10337 -12.2915 13.1375 9.18771 6.09889 3
-6.40848 2.23632 -4.89574 -3.25493 3.86894 -8.8984 -14.4635 0.0322268 6.80673 6.93556 3
17.1742 1.02621 -2.64276 2.60534 1.09062 -19.2923 15.1643 1.92433 10.1512 7.72466 3
6.06153 -4.15422 -2.35698 -10.8134 9.96086 -7.18565 2.04063 14.3634 9.29472 6.24611 3
9.34539 0.687871 -2.03863 -11.0729 5.6822 -2.5279 4.04518 17.5028 5.5598 7.10623 3
7.69945 -2.49603 1.44413 -10.3072 8.51725 -16.3415 -11.9625 8.56895 4.49655 9.09241 3
10.0576 -10.8261 -0.32425 -6.68178 0.548996 -13.7958 0.918427 4.99978 5.85533 6.81481 3
-1.20434 0.496056 -2.25977 -9.16388 6.90795 0.960365 18.8292 1.55248 7.885 5.15111 3
17.99 0.306136 -7.28414 -6.71201 3.43407 -12.1388 12.2716 22.1678 5.50046 3.8104 3
-8.47761 -0.131382 -4.53908 -6.85968 8.77421 -15.4594 3.86664 11.1061 6.00552 11.4532 3
0.608297 2.39887 -4.38867 -1.2718 5.77676 -4.63594 -1.74779 7.67615 7.58258 9.78486 3
-7.81397 -2.83128 -4.54793 -8.21028 5.22076 1.50978 1.36303 2.34473 5.08537 4.57738 3
-7.89474 -8.76099 -2.27815 -1.43129 4.07982 -22.3619 -5.46949 7.31435 6.70732 6.19959 3
-4.05353 -2.98083 -5.57426 -12.9035 -0.50064 -20.3475 -15.7359 8.97446 4.98388 9.64644 3
-5.75673 1.44358 0.277375 -5.6946 8.70356 -3.61349 -17.5527 10.0802 4.53258 7.48118 3
5.55439 -5.52702 -3.15897 -6.4523 4.19874 -7.8425 -6.83318 8.71983 5.4749 6.72394 3
-22.3511 -10.8903 -2.74314 -2.9827 1.35132 -2.83119 11.1992 14.9882 7.26768 6.01121 3
-7.70044 -5.87715 -3.61199 -6.5769 0.477437 -6.06201 -7.19691 7.9894 3.19528 4.65284 3
1.93149 -5.01163 -1.78772 -14.5449 8.67455 -4.30064 -5.07102 16.5493 7.90636 9.87036 3
18.4375 -4.05112 -6.07183 -8.75208 5.48878 -16.1486 1.34709 5.18556 6.12784 7.44058 3
8.46781 1.71532 -1.82082 -2.62424 4.70856 -13.6462 -0.998742 7.05833 6.07866 4.71295 3
11.4411 -4.17755 -2.63769 -6.11781 7.54551 -10.3554 -21.5557 6.64933 9.36912 7.31704 3
0.586871 -6.66941 -3.65532 -3.93642 4.34972 -7.40858 5.33137 7.49111 6.0783 8.08658 3
4.09204 -7.64072 -5.59031 0.494385 8.79648 -9.99503 5.20386 13.8136 6.51077 6.91634 3
1.06396 -7.02675 -0.831976 -2.71253 7.21552 -12.1926 -9.29743 2.53386 1.03982 6.61045 3
-2.16753 -9.23754 -1.01463 -6.13946 9.30383 -9.15368 -20.1381 3.7883 4.05242 6.34456 3
3.3373 -2.9507 -1.49634 -8.61969 2.83694 -9.59505 -11.8388 8.90511 6.48268 8.8566 3
-28.0569 -9.31025 -2.56416 -6.11505 6.66047 -9.60028 -3.27586 9.87995 7.26768 11.5956 3
-1.99167 -5.6187 -4.03578 0.125596 4.51115 -16.3582 -0.39968 7.70922 9.48617 5.68604 3
9.89801 -4.5321 -3.6576 2.01047 3.93194 -6.76988 -0.0567188 0.313173 7.83638 10.1262 3
-5.11968 -1.19698 -4.67675 -2.05718 1.60865 -9.90015 -1.72637 6.32501 3.83508 3.04984 3
5.2995 -5.7395 -4.83857 -8.04708 4.67092 -5.3763 -14.1238 4.34356 5.2962 7.37519 3
5.82735 -4.93443 -5.7729 -13.0589 4.14771 -9.50261 -20.6238 0.465874 6.03242 6.58795 3
12.2939 -3.43187 -3.55505 -2.41257 -2.09995 -11.2419 -4.45123 5.68776 8.94656 3.98065 3
-8.42538 -2.60426 -2.16964 -4.76159 3.07012 -17.0873 -3.11372 14.2573 2.4398 5.31885 3
2.08457 -0.214243 -0.697563 -2.88088 2.11571 -12.1415 -0.15949 8.09746 4.24891 7.22993 3
2.88581 2.34067 0.283502 -3.17215 4.14223 -19.3712 -7.03578 8.87429 8.38928 7.99137 3
-10.0928 1.99837 -3.00002 -8.2475 6.05106 -12.9153 -6.58795 8.87512 3.88596 8.31137 3
13.6024 -9.96008 -2.6846 -3.14434 4.95203 -11.0177 0.00505901 10.0235 8.166 9.21964 3
-0.487613 -7.69226 -0.694665 -2.13824 14.2047 -8.41383 -0.623038 9.45597 5.77772 7.15413 3
-2.2782 -6.13401 -1.81678 -6.89648 2.76748 -4.76172 -4.77597 10.2829 3.91063 8.35552 3
2.18605 3.18123 -6.0642 -5.76835 4.79495 -12.1769 -10.4369 0.979224 8.88307 7.95278 3
7.43899 1.40678 -1.75526 -2.40892 8.64466 -11.2309 -8.86687 11.2295 6.88934 6.86635 3
-1.87493 -6.71058 0.737899 -6.32421 5.56177 -5.38842 -8.52347 12.6763 5.04307 8.26072 3
-1.28715 -6.06522 -3.30636 -8.19788 7.24821 -21.1005 -13.5691 13.7003 5.37521 6.15052 3
-2.27252 -0.143562 -3.7505 -0.136853 0.985407 -16.4157 -16.6798 10.6014 6.50997 8.63348 3
-1.37962 1.264 -1.76278 5.88989 4.84745 -3.88463 -11.1721 -2.09571 4.90851 8.00548 3
-2.31329 -3.29272 0.614419 -1.58932 5.13127 -12.4715 -12.2153 13.7368 7.46285 7.06 3
4.55462 -4.06386 -3.16408 -1.92762 6.27576 -4.04448 -16.1446 6.19706 7.02149 3.95937 3
-9.22845 -3.70997 -3.78161 -0.507649 5.14101 -22.5016 -6.4769 19.6313 6.29346 9.48625 3
8.22848 -6.82755 -1.7234 -11.8979 4.68889 -5.07826 3.24331 7.76983 7.77883 6.84755 3
-9.7632 -4.25362 -3.21776 -3.48957 1.93482 -15.9678 -3.95555 14.4919 8.12562 5.21913 3
-4.95775 -15.2206 -6.22718 -8.87095 4.30352 -11.5119 -6.23159 15.2654 7.32515 5.65327 3
2.53499 -3.47583 -4.34706 -9.51207 6.99846 -11.563 2.63207 15.1959 2.45282 4.86505 3
-6.4492 2.51986 -0.572159 1.02604 11.2144 -6.47981 -7.32337 1.17656 6.63119 8.26077 3
1.93044 -9.07294 0.0199575 -2.99834 -3.35299 -15.5911 -7.38913 10.2958 5.28734 8.60204 3
-16.0709 3.4743 -3.64536 0.0247687 8.57576 -18.776 -10.2193 19.9954 5.66585 8.24662 3
-6.99115 2.84793 -3.81126 -5.90266 7.32056 -11.3737 -7.04332 9.18993 8.24212 10.6076 3
-5.98102 -2.05896 -5.79988 -8.58286 -4.43118 -9.2855 -25.1699 10.8413 7.21901 6.92769 3
1.09198 -3.40638 -0.561999 -9.93399 7.75026 -15.591 -12.0244 1.48087 5.34891 7.55864 3
-11.2168 -7.5711 0.222055 -4.26374 4.07829 -16.6976 2.82716 13.9794 6.13061 6.90405 3
-6.21181 -7.4661 -4.09708 5.00201 5.90771 -11.3747 8.38904 8.61101 6.38244 9.23881 3
-3.75688 -3.81331 -5.85806 -5.92959 0.600558 -3.5404 0.91281 8.70094 6.1276 9.07917 3
-12.7575 -0.659359 -6.48595 0.938403 3.1045 -4.97955 -5.41871 8.08856 5.99669 10.0205 3
-11.5159 -3.55723 -1.97203 -7.5439 3.51438 -19.5345 11.8896 5.68674 5.49694 7.86254 3
3.57879 -7.59991 -2.53271 -5.81179 2.64408 -18.324 -18.372 10.4151 6.70657 8.07037 3
-1.37125 -2.39609 -1.9806 -4.43382 5.1659 -7.79094 -11.7118 17.3857 5.44435 8.79432 3
-10.0812 1.72622 -3.88057 -4.95192 6.39493 -5.05174 4.29298 8.06549 2.99232 7.67173 3
-4.11393 -2.46367 -2.33011 -13.0032 3.5239 -10.4744 -6.83096 3.10685 4.5722 5.47481 3
3.11284 -3.47385 -0.612964 -10.015 4.38205 -5.47775 -21.0436 7.21934 9.32995 7.39968 3
1.42764 -0.172482 -3.49832 -3.59644 3.96537 -17.6503 -7.22702 0.156604 7.50401 7.63983 3
-7.00443 -0.325962 -4.35658 -0.691289 7.38053 -8.86952 -0.46979 8.04758 5.58449 8.33652 3
-3.51141 -2.23769 -1.50952 1.12778 3.691 -7.89608 -5.68321 13.866 6.43878 4.22359 3
-15.4731 3.95429 -1.7223 -6.23909 3.7709 -13.6959 -17.4119 11.1642 5.2678 6.81852 3
-2.87775 -8.45486 -5.54095 -5.26003 11.6828 2.1397 5.67347 17.518 7.02887 7.27969 3
1.36218 -5.28199 -0.197611 -10.279 3.47302 -9.5699 -4.60092 13.1562 6.14491 11.575 3
2.72115 4.17277 -3.25498 -5.36925 7.9674 -7.48768 -10.6674 -0.222263 4.29311 7.29275 3
9.61485 -6.68353 -2.8873 -5.81062 7.93875 -16.4915 -0.953694 6.93499 5.92316 4.49306 3
-0.454975 -8.33766 -3.9192 -10.0916 7.23051 -15.2327 -4.22926 8.20601 5.96723 8.20437 3
-11.2275 -2.32516 -3.32947 1.03824 2.88849 -11.6213 -0.244268 5.91724 6.35078 4.92244 3
-2.08543 -7.55908 2.93182 -6.61363 2.60688 -8.18228 9.48574 14.9382 6.94067 1.82326 3
-5.23802 0.26777 -7.0907 -0.467527 4.06747 -14.123 -4.37757 8.21639 5.7081 5.38991 3
-0.990166 -3.98135 -2.87965 -4.09756 1.98493 -6.2299 -9.29246 8.12543 6.53019 5.70448 3
-3.57018 -1.35211 -4.0301 -8.1233 0.541491 -5.95718 0.151453 11.6994 5.40688 5.13016 3
-6.09271 -3.48008 -3.02425 -4.27434 4.62113 -10.9667 -14.5795 10.1453 5.28762 9.43334 3
-5.73347 -1.05975 -2.0416 -6.66831 7.42473 -7.26175 -10.0548 11.6108 4.77069 6.01159 3
-1.09123 -5.35562 -0.253924 -4.7462 6.22619 -8.67825 -3.63214 12.1796 5.3047 2.70442 3
-13.2558 1.10248 -0.724524 -0.659751 9.35746 -13.8789 -6.14566 14.3061 3.29254 5.2166 3
14.6732 -3.55759 -3.03868 -1.85892 2.62878 -11.397 -6.23751 14.7922 5.97341 7.78277 3
-10.8866 -5.34122 0.0478206 -7.78737 3.22688 -4.76422 -2.22027 -3.54682 2.70296 3.51725 3
-9.23731 -2.86309 -4.33799 -0.425437 2.07903 -2.90308 -6.23435 4.53845 4.54978 6.51095 3
4.99022 -6.0394 -7.05546 -4.53078 3.60437 -11.2143 -8.03523 12.4956 9.33008 10.1508 3
4.9042 6.54286 -3.78352 -0.818847 2.8094 -9.72105 -4.18252 9.15352 4.663 6.02001 3
11.9384 -4.1535 -1.87448 -5.04378 6.7133 -10.262 -2.61671 10.5772 5.75762 8.83378 3
3.49219 -2.81275 -5.3635 -12.2452 3.31233 -1.57894 4.42232 5.04074 4.39482 8.41918 3
-4.21073 -2.27858 -3.89308 -4.27831 2.81992 -6.54978 -4.88566 8.18396 6.82081 9.30994 3
-1.24758 -4.16178 -4.05662 -10.1759 9.77973 -9.11001 -8.79584 12.2246 3.9649 7.15047 3
7.35069 -2.02728 -0.396986 -4.88583 7.2295 -4.24074 -9.94483 4.58797 5.82215 3.62419 3
-3.12687 -9.18977 -1.78077 -5.11792 4.28438 -1.13985 -2.06538 12.2012 4.75384 4.69468 3
2.60808 2.26411 -3.76372 0.563967 7.56389 -19.401 -7.43715 6.18599 6.79711 6.21868 3
15.4923 3.77632 -4.86838 -3.13569 0.443137 -7.3859 -0.566014 9.79606 7.12924 5.80489 3
2.85466 -9.60599 -4.94781 -3.481 6.15184 -16.1966 -13.9463 17.3744 7.50525 8.99105 3
-10.0131 -8.83412 -1.08509 -7.53149 3.2504 -15.247 -14.0359 8.2341 3.04772 9.5127 3
-2.56123 1.27425 -0.677062 -6.37325 5.82136 -4.00104 -18.9348 9.80446 3.42984 7.0534 3
-2.0788 -2.29595 -1.02005 1.30863 2.62502 -15.5217 -11.0103 18.1847 3.0658 6.22561 3
-6.633 -4.53222 -3.41341 -5.3656 3.78171 -10.5901 -5.91009 10.0764 5.84823 5.82832 3
-2.24983 -12.5564 -3.51768 -1.82565 10.4927 -4.03121 -13.1434 16.1454 1.55477 7.44154 3
1.23492 -3.91605 -1.33557 -9.7458 11.2074 -8.42626 4.54399 18.5895 7.97125 4.7543 3
-1.19891 -4.04606 -2.23585 -2.00695 10.2074 -12.3236 -10.1449 5.95648 6.34541 6.92551 3
0.443346 1.07929 -0.806832 -10.0754 3.81919 -16.8409 5.82586 3.34061 1.27873 8.57014 3
8.64957 -12.5963 -3.90061 -13.3199 0.419111 -6.8547 0.483888 10.0876 3.99136 2.23573 3
-2.15417 -7.08492 -2.11671 -5.84096 9.69011 -15.6609 -13.2626 12.7538 10.6881 6.52251 3
8.19029 -3.7507 -2.96272 -3.35725 4.01728 -16.2694 7.09232 12.1579 7.15083 10.8741 3
-3.92949 -3.10753 -2.79624 -6.45229 -0.852317 -13.2572 9.5157 12.5483 3.45925 2.85096 3
-7.82066 -9.38001 -1.69811 -6.48325 7.87384 -8.57746 -5.25611 10.7145 10.1195 11.368 3
12.8279 -3.29532 -2.63343 2.54814 3.79231 -6.73618 11.7146 9.06722 2.56467 5.70626 3
7.37917 -2.67845 -1.97841 -6.62305 8.1726 -4.88637 -0.615956 4.20384 3.64743 4.27209 3
-0.921299 -0.832829 -1.99413 -6.75468 4.07831 -9.06254 -5.22326 9.46902 5.42223 8.90723 3
-0.69889 0.18692 -4.78738 -5.97191 5.43855 -16.6058 -3.18749 2.14246 6.34451 9.00117 3
-8.28793 3.90433 -4.24591 -3.09371 -1.09296 0.189721 -11.8025 7.50471 6.95981 8.78826 3
-5.59655 3.56145 -0.700983 -2.5473 2.91446 -6.45777 7.56812 13.5868 6.97179 6.50738 3
-4.94429 -5.22273 -5.80363 -7.48897 -0.139289 -14.3937 -9.8879 10.0089 3.88917 4.29564 3
-1.79952 -3.71958 -1.05028 -7.71034 1.2624 -7.15193 -8.77378 3.98869 3.26549 5.8543 3
1.78314 -5.95014 -3.48456 -8.70403 1.8271 -5.58889 -1.26219 13.0142 5.49481 7.12815 3
-2.4581 -6.56957 -4.63266 -9.29989 5.63341 -13.2809 -11.7602 8.49583 7.16269 5.76047 3
7.08898 -2.71659 -4.09782 -3.37095 2.44144 -13.3576 -6.04987 4.23703 4.06679 6.11945 3
1.09075 -2.92923 -4.88639 -3.20896 3.97997 -9.59703 -9.26754 10.9951 4.37692 7.49711 3
-4.59317 -9.70454 -3.60562 -10.0155 4.79277 -17.3394 -10.0398 2.47908 8.07795 9.46977 3
-13.2256 -1.76449 -4.59455 -9.35305 9.82147 -10.7489 2.36007 7.37398 6.64097 8.21333 3
4.01589 -5.01473 -0.199755 -3.79113 4.50679 -20.0179 -12.9534 15.0166 4.84398 5.18675 3
-1.01576 -3.89075 -1.49433 -14.4868 5.22971 -10.8327 -4.86031 -1.23822 8.13325 6.43818 3
-6.01827 -3.33987 -1.83158 -15.0076 4.55505 -13.6508 0.711717 14.4593 4.33797 4.44498 3
-6.22093 -7.00951 -1.09794 -0.28737 7.74866 -4.2857 0.243706 8.81691 5.78299 6.23887 3
-15.1587 -1.30123 -7.2287 -9.19659 0.379516 -10.1943 -12.0613 14.6347 3.92352 8.64448 3
1.92228 -3.81868 -4.0481 -7.71059 5.52224 -15.6206 12.8713 10.2056 2.79083 6.34244 3
-1.79456 -5.44996 -3.44319 -8.71777 0.971747 -4.02703 -19.617 4.86225 5.52804 5.31267 3
0.553681 -2.87204 -5.56188 -4.26867 1.92817 -11.9353 -28.0484 5.12592 4.41439 7.74927 3
-2.19912 -1.9495 -2.76416 -2.87719 4.70831 -10.1326 -1.93931 11.9535 6.86287 7.05389 3
4.05913 2.84173 -4.02213 -10.804 9.55071 -14.1106 0.337587 18.3994 8.24418 7.57681 3
-8.80312 -5.69222 -4.08586 -1.03864 5.1409 -15.1826 -8.86109 16.4544 4.5946 5.37262 3
0.536127 -6.1596 -2.66911 -5.00858 -0.622477 -6.39461 5.35286 11.7474 3.95656 5.64266 3
6.4965 -1.61964 0.761038 -2.55003 5.24004 -9.44907 -1.12052 11.5029 5.00752 6.88298 3
10.1569 -1.98593 -5.32206 -8.4927 4.96778 -6.73816 -2.31917 11.5085 4.60634 8.35498 3
-0.968094 -5.34016 -1.15181 -6.0675 -2.72575 -3.31603 -14.8805 15.1809 5.75887 9.72412 3
20.9806 -8.56681 -2.15358 -8.35971 5.67867 -11.0918 -6.87277 10.2635 11.0584 8.31474 3
7.19818 -10.0936 0.0954319 -2.20552 9.99521 -11.308 -7.90848 12.6876 7.30309 6.81719 3
-0.0730839 -5.81381 -3.22964 -5.73786 1.65017 -8.88905 -16.771 5.22448 4.94499 7.76313 3
-17.7526 -0.744822 -1.47614 -4.95346 5.1769 1.86658 -4.54816 12.8761 6.53857 6.2539 3
-3.5038 -4.04918 -3.96419 -3.14438 4.07411 -10.0632 -11.4935 17.2314 6.90899 8.4132 3
0.740188 -3.64919 -2.62784 -11.4261 7.78167 -8.26296 -8.0543 10.1435 7.46561 7.51932 3
7.53712 -5.02904 -4.08755 -6.07139 7.2569 -8.17884 -2.94369 11.0141 5.05854 6.71485 3
-3.08142 -2.49831 -3.02554 -6.73978 0.81283 1.37072 -21.9481 4.93887 3.54178 7.30447 3
1.35465 -7.16313 -0.543204 -9.94283 7.33623 -8.56988 -6.9959 10.5754 3.5148 4.6142 3
4.86453 -2.91339 0.43997 0.667206 1.84789 -13.1324 -5.86023 9.22839 7.62291 7.58051 3
0.290067 1.38608 -3.02938 2.33389 11.1338 -16.0383 -7.0571 5.9271 9.87131 6.93349 3
-12.6444 0.814431 -0.365432 -3.22568 1.50259 -9.13122 -15.6776 17.3307 3.57257 6.08139 3
-1.1845 -11.0069 -0.0820253 -11.5586 8.1869 -2.89914 -4.53776 10.1678 9.61432 5.6789 3
1.6107 -2.14065 -0.600469 -9.47561 10.7522 -12.2634 -7.29198 7.18484 5.13599 6.85085 3
6.71373 -6.83583 -4.60769 -1.41481 -4.20779 -7.01414 -6.42016 14.9394 5.94206 11.6807 3
-14.3995 2.96848 -4.4153 -7.04148 -2.01508 -17.6839 -8.08485 13.4023 5.19327 6.98084 3
1.99977 -1.1247 -3.66552 -0.465992 8.08354 -13.6768 -4.72627 4.67852 2.87043 5.07964 3
10.9524 -11.9191 -4.20111 -11.0807 0.916014 -15.5419 -5.33246 6.81421 6.64792 4.56415 3
-3.52202 -6.49173 -6.34711 -7.63844 6.97598 -1.45981 -4.59763 9.25174 5.07225 5.66865 3
6.01766 -9.37819 -1.55604 -4.03672 16.548 -16.2708 -8.49084 26.9657 9.08804 6.96501 3
11.8143 -0.502416 -7.19742 -5.50515 1.36392 -8.23479 -8.85301 16.2495 6.59112 6.73602 3
1.01918 -7.33648 -2.39336 -3.69056 -0.98501 -4.08406 -6.1415 2.92074 2.76484 5.95258 3
-8.57044 -2.47111 -5.12634 5.61654 7.10628 -14.1999 -12.3791 4.17698 7.02033 9.35885 3
-0.508622 -5.46863 -4.67422 -9.52181 11.9583 -13.2072 -8.91849 9.79114 3.65209 5.24743 3
7.50148 -4.56577 -5.78833 -10.1805 2.88544 -8.74887 4.49201 10.8276 6.76837 5.38433 3
0.019063 -7.73511 -3.55939 2.78145 4.73593 -10.5805 11.0006 14.5163 4.77297 4.5542 3
-6.56519 -3.13215 -2.68751 -3.75287 8.7441 -17.8037 3.03768 15.034 3.22229 8.002 3
-5.49445 -10 -4.75202 -3.50884 6.93144 -12.8738 -5.51447 8.45888 6.07467 5.36658 3
0.16394 -7.06249 -2.47417 -6.36821 12.7979 -11.9019 -4.39153 11.4593 5.4456 5.90271 3
-4.51392 -4.28122 -0.120667 -7.47548 9.06298 -8.60692 -12.2428 5.45182 6.99665 8.70459 3
6.59233 -1.63651 -3.66784 3.6641 4.13042 -11.0946 9.36171 4.81709 5.5217 8.88628 3
-11.5646 -4.72445 -4.60795 -1.96545 8.04993 -4.62667 3.92119 13.4643 2.97212 9.50149 3
6.76544 -7.58174 -1.92643 -2.16899 4.3979 -11.6471 4.35659 6.92691 4.56496 6.18726 3
-10.7223 -4.14196 0.612655 -8.08154 1.27495 -16.1494 2.75128 1.06744 2.90338 3.74061 3
-5.51264 -9.10172 -4.02583 -10.7341 3.43487 -9.3789 -5.27963 5.22268 6.10105 3.79554 3
0.627818 -12.0646 -4.74574 -8.6291 3.57553 -4.40676 9.78218 0.74214 5.11546 3.66767 3
-0.735504 -1.92421 -4.83569 -3.95041 4.22475 -14.0269 -2.8195 14.1114 4.5887 5.54361 3
5.89853 -8.02315 -1.93128 -5.93962 0.748102 -10.8471 1.15871 16.707 8.49806 5.54029 3
0.994045 -8.19807 -5.84786 -4.67079 0.4083 -14.2975 3.34524 -3.95088 7.83371 10.4311 3
-10.7663 -9.19499 -3.42487 -11.9349 2.90579 -3.71703 -3.37447 7.63483 3.58992 5.89476 3
-9.56917 -6.73161 -3.20009 0.174556 0.930745 -7.43465 -9.96051 15.8431 6.39014 8.5111 3
-11.6333 -2.68985 -3.74596 -8.0976 2.59857 -7.41459 -1.40696 -3.6259 2.30634 4.72129 3
-9.47097 -7.55604 -7.27215 -5.45542 6.59779 -14.191 7.99607 9.03309 7.0257 5.46902 3
-1.6246 -9.85819 -1.40642 -2.12901 3.61208 -11.9917 1.37486 8.221 5.8943 8.59286 3
-8.24667 4.16349 -2.29007 -10.2046 7.33141 -16.9587 7.36246 5.84067 4.73397 7.52186 3
14.3896 3.41846 -3.45351 -11.7621 10.9595 -10.3748 -2.24017 12.4952 3.88392 6.89225 3
4.7646 -9.45395 -5.16306 -10.6915 1.63689 -8.01916 -10.8261 6.63973 4.58657 7.00029 3
-0.795898 -0.673928 -3.04844 -4.87266 -2.41206 -13.8428 -1.49585 8.26915 3.66793 7.8779 3
-1.31566 -4.42612 1.77127 -10.6752 2.70987 -8.06687 3.35433 15.0957 6.64069 11.6845 3
-3.65012 -9.70747 -0.700628 -9.30109 5.52967 -4.05494 -10.4545 3.0336 4.63604 5.55975 3
-2.14908 -2.74555 -2.50532 -6.25001 10.8208 -6.68825 3.70094 13.9811 0.240822 6.51655 3
7.1542 4.1027 -3.1346 -5.18725 8.83852 -2.66127 17.4483 10.0388 4.38417 6.15485 3
3.07961 -3.03974 -6.87186 0.940942 1.09191 -4.4796 -0.760321 -5.5297 7.11629 10.409 3
-20.2078 -3.14392 -1.50427 1.38441 2.35789 -14.178 -11.0277 6.36423 7.20539 10.7738 3
3.05972 -3.21052 -2.24169 -7.38998 16.0009 -13.5068 2.30348 10.1619 8.47989 6.34592 3
6.13387 -10.6663 0.931684 -6.43789 8.42188 -11.2023 0.102754 4.40821 4.911 10.7248 3
-2.08393 1.51189 0.177265 -2.63475 4.79363 -8.83151 8.68073 9.1721 5.78593 4.88217 3
-11.5214 2.85936 -5.42286 -7.16613 0.23181 -17.4594 -8.99649 8.90313 7.88474 8.78183 3
1.43948 -2.88346 -2.70535 -10.4774 3.0441 -4.19392 1.26728 18.7253 7.55247 11.2195 3
-4.22368 -1.7206 -4.27345 1.4743 4.3039 -3.55944 -9.78991 13.0807 5.66231 11.0175 3
23.9435 -6.01507 -3.6097 -8.85835 4.86732 -12.6798 -7.82207 0.553743 5.28077 7.40389 3
-6.89247 -2.0813 -2.71931 -6.00218 3.61209 -16.8192 -14.7516 -3.20168 3.51263 8.71071 3
1.72088 -6.50226 -5.83658 -2.65986 -0.754075 -13.4741 1.19211 13.9822 5.77483 5.34986 3
5.78702 -14.7758 2.86762 -7.51667 7.70275 -7.86735 0.816431 5.90172 7.2846 7.62206 3
-4.62813 -5.49991 -1.91542 -10.3872 2.2727 -8.47121 -6.1886 13.8478 3.87527 5.04236 3
-1.28278 -2.12123 -3.68966 -15.7113 8.23285 -4.92116 -15.6687 -4.31498 3.3229 6.403 3
-4.1601 -0.337491 -2.52758 -12.1613 5.14906 0.436696 -1.72125 -1.58815 7.35439 6.24395 3
-1.64482 0.771662 -2.5995 -5.29111 4.80267 -8.37996 13.6329 4.74316 7.45911 8.52274 3
0.19896 -2.80918 -1.65982 0.114703 3.66483 -13.6228 9.43716 10.1072 5.7592 7.99576 3
9.24104 -3.47845 -2.04859 -1.70529 7.84721 0.802247 -2.01655 -0.916544 5.56091 5.56074 3
11.2028 -7.89108 -3.767 0.107811 4.18211 -8.98976 -8.69227 8.64353 5.33261 11.5816 3
-2.72984 0.0950596 -3.87598 -4.62927 9.02156 -5.65016 -11.4196 4.91206 5.03477 6.78344 3
-10.2981 -0.329852 -2.34366 -9.54729 -0.468133 -15.1876 -4.58829 0.522771 6.97435 8.36612 3
-9.34017 -6.87494 1.049 -7.23847 -0.270007 -3.96054 1.68234 12.0475 7.39975 3.49401 3
-7.59618 -1.70518 -6.94253 -0.860675 9.59147 -8.08613 -20.7996 13.3843 6.63813 4.94559 3
-0.549671 -5.1001 -3.89745 -8.11835 4.66937 -0.519219 -6.98193 9.04746 7.15716 2.73858 3
0.446519 -3.77697 -0.425819 -5.40112 8.34345 -11.5032 -0.876869 10.838 4.58922 4.4108 3
-1.82372 3.57574 -4.90405 -10.573 2.898 -19.3433 -4.35532 16.3845 3.84635 6.83766 3
-7.99486 -1.71787 -3.41604 -2.52359 1.56173 -8.01508 2.72362 2.34148 6.92028 11.8523 3
4.14924 -7.53517 -3.17388 -4.93351 7.13677 -21.2031 1.35003 5.39071 8.09768 5.51393 3
4.4028 -4.00315 -0.269515 0.995405 5.85589 -16.4823 8.816 6.1217 5.54788 6.11515 3
7.09118 -0.447184 -5.19749 -5.86235 -0.368832 -2.77423 17.89 17.5263 2.41524 3.09393 3
