-8.9412 -4.80189 -3.50724 -2.35829 9.45232 10.8879 3.13898 9.06307 1.59791 -2.36241 0
-7.98776 -3.98937 -6.56655 -0.875033 9.28281 8.81628 0.874151 7.5925 -0.927518 -3.56211 0
-5.11877 -5.25366 -3.10422 -0.787852 4.75541 9.31037 5.94949 9.91648 1.53825 -4.33544 0
-9.60562 -1.0458 -2.10368 -2.96385 10.143 10.0503 4.13708 7.16069 1.15349 2.60439 0
-13.2237 -2.21009 -0.554666 -2.09532 10.734 7.32838 5.04933 8.44223 2.96861 0.244789 0
-9.09567 -3.67116 -2.87539 -0.0688094 9.84342 7.96124 3.15661 6.12956 1.70703 -0.294538 0
-12.1317 -5.13283 -3.21836 -2.44077 7.30522 7.20234 5.83487 6.45233 0.361981 -3.81896 0
-10.2327 -2.79636 -4.67996 -0.556352 9.53961 9.52732 5.75356 8.91111 -1.77693 -2.45215 0
-9.14471 -6.36247 -3.84822 -0.760468 6.82203 5.93569 1.7967 8.48123 0.109573 -6.45438 0
-7.16976 -5.27119 -6.64221 -1.8458 8.08481 8.23987 6.80424 5.34398 -1.0114 -5.93907 0
-8.8737 -3.83931 -2.56592 -1.47251 9.07208 11.0055 3.2762 12.6936 -0.985921 -2.24766 0
-7.61981 -3.7727 -2.58369 -5.30273 7.46878 7.50153 1.79938 5.59797 1.037 -2.35481 0
-7.18562 -2.88913 -5.01024 -2.6601 4.29299 8.33213 8.18747 5.26194 1.21806 -5.66536 0
-10.1994 -2.67536 -2.33714 -0.529132 7.21653 8.1855 5.87395 8.30558 -1.50752 -5.05225 0
-6.73126 -1.22457 -4.68291 0.332688 10.8079 5.56652 3.26372 9.71955 2.36354 -1.90566 0
-8.10503 -4.23627 -2.77548 -1.64195 6.19458 9.45895 3.23647 9.40264 -1.70163 -2.3205 0
-8.45795 -4.04822 -3.01861 0.411118 9.48034 7.9721 2.89838 8.40676 -0.854993 -3.72185 0
-5.58426 -0.0572067 -4.35871 -2.56851 6.6788 8.29792 6.10227 7.67249 3.76195 0.952302 0
-5.13883 -4.97043 -3.62859 -3.5787 9.61879 9.3795 1.54284 12.1581 1.19842 0.162411 0
-6.30385 -3.96406 -3.93011 -5.57815 7.00333 8.21211 5.80248 6.57488 1.10832 -4.15559 0
-8.95829 -2.03403 -3.6749 1.47737 10.3611 7.70776 4.89427 11.9814 -1.53911 -4.60344 0
-6.77991 -2.7838 -3.17241 -0.325739 6.67042 8.59281 0.38706 5.48166 -2.30833 -4.421 0
-11.5941 -4.93904 -2.25514 -1.07469 10.2054 6.12919 3.55306 7.89018 3.91366 -2.84684 0
-7.72759 -0.968745 -2.90979 -0.742944 11.3005 8.1056 2.15282 11.0271 -1.74217 -1.8641 0
-9.68223 -4.8902 -2.44269 -0.995974 7.93869 8.39491 1.79265 12.2185 0.482338 -2.87095 0
-7.01875 -2.29275 -5.60208 -1.77049 8.07128 7.8268 6.04846 6.66023 0.480959 -3.33333 0
-6.92569 0.395015 -5.67767 -0.252602 10.0206 5.65102 3.34851 5.10932 -1.74002 -4.54001 0
-8.56951 -4.85785 -3.32327 -1.98612 10.0655 7.67498 -0.176249 8.04256 0.200207 -3.62067 0
-9.21342 -4.0689 -3.25928 -0.384233 6.92236 7.25085 3.63318 8.63389 -1.16152 -3.44285 0
-8.1732 -3.76281 -3.06468 -4.54136 6.06344 10.0216 0.771426 7.06214 -0.994311 0.509129 0
-7.96457 0.164015 -3.33056 -0.69521 8.46573 7.27973 10.2228 4.83454 0.42321 -1.9045 0
-15.2793 -5.88549 -0.669194 -1.59629 7.45881 7.41462 6.14978 6.5654 1.12718 -2.43494 0
-9.75801 -1.53139 -3.11625 0.0750096 8.98277 8.83259 7.96453 7.59799 0.151176 -2.23345 0
-7.62715 -0.288607 -3.15663 -3.95938 7.87924 9.50361 5.63837 9.67308 3.14126 -3.43967 0
-10.2405 -3.99547 -5.12196 -0.418337 10.5472 7.04897 6.81901 7.48719 2.0276 -4.74774 0
-11.2146 -2.29637 -2.43937 -2.8762 8.91785 4.82325 6.10359 9.39838 1.40785 -2.47595 0
-11.9938 -2.09875 -1.51473 -1.29425 7.5841 8.10668 2.54627 8.45391 -3.3643 -0.683198 0
-9.0649 -3.87871 -2.56461 -4.96365 9.33239 9.41017 6.63204 8.41482 -0.601478 -2.47209 0
-8.08063 -7.32923 -6.80817 0.819398 6.81277 10.9888 5.62601 5.48564 1.13129 -3.02383 0
-11.1797 -5.06607 -3.58611 -1.66518 7.94428 8.82011 7.27232 8.18428 0.943216 -4.91759 0
-9.46267 -3.34349 -4.89311 -1.94666 9.14598 8.76604 1.87506 8.33675 1.18088 -3.92575 0
-6.13316 -1.63635 -3.63248 -0.0942593 8.85973 8.47611 7.06386 7.52167 2.20546 -3.41224 0
-10.2706 -3.68325 -1.67803 -0.262192 7.74293 9.23532 7.62045 8.51549 3.18523 1.37596 0
-13.4866 -3.33551 -1.41285 -1.87166 8.05284 7.55917 8.50652 6.86712 -1.28889 -1.28803 0
-6.72038 -2.20687 -1.96743 2.26514 6.13362 7.7228 7.70175 6.62815 1.44838 0.528035 0
-6.44742 -2.91628 -3.99918 -2.17463 7.43552 10.0542 7.11888 9.93074 -0.279314 -1.86304 0
-8.47419 -0.955688 -2.23203 -2.40886 8.15639 7.2484 4.29474 7.69985 3.18533 3.54642 0
-9.27217 -2.17359 0.0538077 -6.74049 8.42887 8.20228 3.4423 11.5945 0.208125 -3.65099 0
-10.9962 -0.155243 -4.3881 -3.49561 7.81842 5.22156 5.52815 6.43904 -0.6034 -5.8962 0
-9.42006 -1.03485 -3.98322 0.168315 9.46091 6.97667 0.00669635 6.91586 -1.94562 1.18658 0
-8.52127 -1.59508 -3.45496 -2.09971 11.4619 6.49376 3.23215 5.54718 1.19848 -3.23506 0
-8.49449 -2.00472 -4.3443 -1.43656 7.646 6.86683 5.55107 6.43026 0.698555 -0.712933 0
-11.8885 -3.37957 -2.07951 -1.01837 7.93254 7.26673 9.66585 7.71473 2.06431 -3.67918 0
-6.82845 -1.32749 -2.13285 -0.70041 8.50645 6.75506 1.76293 8.15527 0.723938 -1.22372 0
-8.25583 -1.60713 -2.58993 -3.54674 8.16198 5.24271 5.13024 7.89769 2.77152 -4.36771 0
-7.76726 -4.1383 -2.52878 -0.279809 7.49467 7.1592 2.51146 12.0583 0.70562 -1.50282 0
-9.09875 -2.17575 -1.47376 -5.47272 4.1229 7.36364 2.18065 8.49565 1.77398 0.120544 0
-8.59621 -4.12151 -2.22343 -2.0086 7.45899 9.82668 5.32521 9.18867 0.722128 -2.33131 0
-11.747 -3.91184 -2.9136 -4.17339 6.32532 9.00734 4.06436 5.43048 -1.26974 -3.41286 0
-7.67868 -4.24326 -3.03309 -0.199792 8.77232 9.05066 1.76237 8.12141 -0.592456 -0.234009 0
-10.6341 -3.52125 -2.10968 -3.78937 9.09223 8.6707 5.00638 9.46104 -2.10234 -1.98585 0
-7.00489 -3.18761 -5.36531 -2.11527 5.12071 10.1558 4.56512 9.1584 0.668531 -1.01075 0
-7.90124 -2.50977 -1.70049 -1.28926 7.20299 7.71695 6.37832 8.27543 -1.26075 -5.22813 0
-7.22704 -4.31151 -4.45972 -0.935563 7.02629 7.31107 2.76048 8.45989 -1.15273 -4.54646 0
-8.09421 -2.59366 -2.00723 -0.168981 7.93139 4.49787 3.83405 9.47092 1.09638 -3.06425 0
-8.12116 -2.05559 -4.74476 1.50415 4.89942 7.03475 7.41661 7.01911 -1.95315 -0.147997 0
-6.76587 -4.22989 -3.33166 -3.1523 6.72527 10.3961 3.71158 7.94954 -1.68102 -2.37884 0
-11.4021 -2.60618 -3.47783 -2.47244 10.3158 9.41759 5.20899 4.55962 -1.83383 -0.84095 0
-10.3419 -2.73245 -4.56771 -2.76971 8.05276 8.07069 5.29412 9.53028 0.347102 -1.80004 0
-8.25891 -3.66889 -3.55043 -1.59135 7.29882 6.50479 2.41467 4.68526 0.215668 -1.45201 0
-8.86492 -4.94108 -5.6246 -0.40926 7.78441 7.66482 5.52632 8.97185 1.45332 -1.24721 0
-10.045 -5.10911 -2.81457 -0.569897 7.52847 5.79781 1.73839 8.3426 1.70345 -1.11744 0
-8.53786 -3.1362 -2.71393 -0.142899 5.95926 9.29136 5.13914 7.27485 1.05738 1.37845 0
-9.86612 -0.0714459 -2.75831 -0.706136 10.9842 6.00793 7.28265 7.09648 1.00017 -1.88466 0
-10.3056 -4.44411 -4.23352 0.191122 6.45547 8.76982 8.59247 5.93647 0.101071 -4.95411 0
-8.07771 -2.90033 -0.80971 -1.0445 8.13373 7.42938 9.25243 8.31185 2.72407 -1.83066 0
-8.5755 -4.54224 -1.64256 -0.399031 8.96717 7.06615 4.28001 9.9696 -0.561036 -4.68816 0
-10.164 -7.96896 -2.95846 1.33366 5.81816 5.63192 3.96207 3.93232 1.54583 -5.27782 0
-8.41804 -5.05288 -1.72279 0.283818 9.10154 8.65233 6.80455 6.47934 2.18035 -1.3092 0
-9.71887 -1.55965 -2.84374 -4.34169 9.37522 8.05481 2.75815 10.9213 -0.0637772 0.406714 0
-9.64201 -1.2821 -0.912399 -0.444816 7.70659 6.89954 8.27191 10.5573 -1.25973 0.0214699 0
-5.16583 -2.61052 -2.60267 -4.93248 7.87599 6.26712 0.37293 11.273 2.72661 -3.07318 0
-6.48589 -0.822202 -2.72711 -0.906278 8.41448 11.0921 3.71794 9.31423 -0.738133 0.641721 0
-11.1955 -4.50677 -0.890039 -4.72584 10.4699 6.86258 2.88803 9.60836 0.995102 -4.22361 0
-5.05839 -5.87048 -5.54952 -2.38654 4.85822 7.32134 2.71155 6.7311 -3.24244 -2.70153 0
-9.93514 -2.94731 -3.08269 1.04423 9.25734 6.46047 4.03469 8.65195 2.77883 -4.79531 0
-8.46117 -3.17744 -3.95789 -4.11633 6.7215 7.66587 7.81798 8.00075 -2.36442 -1.34138 0
-8.56424 -4.42829 -0.784689 -1.51734 8.70997 8.24451 2.45208 8.49524 -0.0540455 -0.561625 0
-8.47412 -5.83349 -5.29361 -0.956383 10.5991 8.78052 0.906708 7.89261 0.575393 -3.86604 0
-8.60479 -3.884 -1.13271 -3.88054 6.17045 7.57119 2.57452 9.83114 -0.397855 -4.23625 0
-7.8065 -6.88807 -1.30866 -1.32236 7.99284 11.476 2.1808 9.30298 1.74401 -0.894309 0
-6.46565 -1.49823 -5.07753 0.316115 9.53469 6.49904 4.95733 7.06249 -1.18444 -3.62725 0
-10.4308 -4.08194 -0.65888 -2.27522 10.0128 7.56629 0.841509 7.8519 -1.2594 -1.2795 0
-6.61133 -3.54229 -2.72672 1.31745 9.66775 9.10476 4.41372 4.99467 -1.52083 -3.29025 0
-9.39965 -2.46863 -6.23438 -1.51559 7.98745 9.54973 3.24859 11.1905 -0.620441 0.886741 0
-10.3235 -4.62106 1.08584 -1.03071 7.78047 11.5722 7.76675 9.49255 -0.248967 0.0509463 0
-6.68604 -4.00739 -3.37902 -1.33097 8.00535 8.81055 4.75441 6.07857 1.11476 -1.08829 0
-7.58542 -3.39376 -3.34131 -1.9781 10.0992 8.47745 1.95156 7.28266 -1.86016 -1.31325 0
-8.74084 -4.27389 -3.70845 -0.283723 6.98484 8.51329 4.20549 3.87723 0.561828 -2.62215 0
-7.81027 -3.97042 -2.66628 -4.5642 7.75086 10.4918 3.15216 4.95011 -1.731 -3.12738 0
-10.6358 -1.49142 -2.18022 0.00164522 7.13738 7.17159 4.48915 6.68659 2.18866 -2.14456 0
-5.40027 -1.81549 -7.3807 -2.1738 10.6545 6.03113 3.63796 5.03607 0.537053 -3.3148 0
-10.4049 -4.87194 -3.49743 -0.388541 8.04582 10.3211 8.46797 8.47832 0.674737 -2.63653 0
-10.6834 -2.20408 -2.41423 -0.958972 7.57303 6.47861 4.92589 8.72423 0.0276444 -3.21163 0
-7.36525 0.521539 -4.04439 -4.82167 8.43351 8.58478 5.43455 8.9873 -0.507155 -2.77736 0
-8.1635 -1.77326 -0.828808 -0.901644 9.8453 6.93001 1.97888 10.926 -0.587674 0.812394 0
1.81511 -4.7043 -12.5362 -5.7446 7.43143 -8.4467 5.60975 5.06722 -7.13987 -3.05072 1
-0.476299 -6.7886 -7.67424 -6.9696 8.13538 -4.89977 8.18658 3.46042 -10.8733 -4.82968 1
1.54666 -9.02788 -4.39633 -11.5935 7.88483 -10.2389 7.84456 2.51316 -10.8472 -2.16749 1
1.75176 -9.00533 -5.96611 -9.75296 8.06639 -7.48779 5.96546 4.09712 -12.5239 -1.44196 1
2.00662 -2.19353 -11.9397 -6.98973 5.40627 -7.74215 8.53867 1.12803 -9.18576 -3.86031 1
0.360495 -5.80171 -8.82095 -7.76181 8.03808 -9.77182 7.54988 3.58949 -8.81432 -2.05333 1
2.19132 -9.23338 -9.61056 -11.1266 10.2016 -7.29683 6.12415 6.42076 -8.07703 -7.65228 1
5.46194 -2.71437 -12.3789 -9.76911 7.79683 -6.50951 8.08804 -3.04685 -10.0857 -1.56338 1
3.83056 -5.71399 -9.01769 -10.6374 10.4487 -4.41516 6.5083 2.98135 -10.485 -2.65277 1
1.42491 -6.96464 -6.72534 -13.856 5.27464 -4.99904 6.30327 6.02916 -10.1083 -0.64545 1
2.73231 -5.83028 -10.9945 -6.63767 11.0333 -6.44548 7.06873 5.28745 -10.5446 -5.68058 1
1.93447 -7.71088 -9.56001 -10.9767 7.62705 -5.00541 9.86304 7.10495 -11.5358 -5.87242 1
0.634685 -8.28739 -13.1007 -9.91231 7.35363 -10.9813 8.30462 1.23811 -7.28958 -5.01614 1
-1.9615 -4.56759 -5.80072 -7.12857 5.69397 -9.18194 5.40375 6.41576 -9.1176 -2.21237 1
3.07834 -7.4116 -7.46421 -6.62346 8.81776 -4.54682 12.3853 3.85381 -10.1235 -5.91531 1
1.04442 -8.37024 -8.0524 -11.0219 5.20261 -11.1713 11.9234 0.287953 -9.7937 -0.820151 1
3.13532 -5.88595 -5.94395 -15.0129 8.32554 -9.69157 7.907 4.10328 -7.6741 -4.74985 1
3.02285 -4.95309 -6.85633 -13.7456 10.8078 -6.64269 7.65675 3.20691 -9.58111 -3.2278 1
4.23612 -4.36557 -10.7958 -8.99271 11.0937 -3.97428 9.10905 0.953592 -12.7913 -3.5906 1
-1.01094 -8.37836 -7.83836 -7.97634 7.4714 -6.6428 8.75744 1.46093 -12.5909 -5.31896 1
1.47128 -3.66611 -9.76607 -8.41501 7.12589 -6.02674 10.8305 4.84012 -7.12668 -3.99142 1
3.2158 -9.12124 -12.8667 -11.241 9.89876 -7.05107 7.06152 0.770877 -9.58043 0.149905 1
4.28306 -4.59787 -8.09335 -9.02378 7.36328 -7.24226 5.6294 -0.721342 -12.5653 -4.42981 1
4.41542 -4.87417 -6.11341 -8.44087 8.47034 -3.95776 8.90859 -0.86405 -11.8879 -7.95578 1
2.69236 -7.84628 -7.7746 -8.79244 3.99863 -7.21933 8.97498 1.38832 -8.04641 -3.87783 1
1.52938 -4.95168 -11.3317 -8.59786 7.81828 -7.45859 11.1071 3.70126 -8.44416 -6.30841 1
2.70937 -4.86482 -8.92195 -5.23811 7.5728 -6.1435 10.8404 -0.645732 -13.3623 -4.80044 1
3.95387 -5.67263 -12.7689 -12.6636 8.44866 -6.51812 5.43452 1.46189 -9.12065 -1.59983 1
2.63595 -5.13677 -10.9012 -10.0946 6.44967 -10.4457 7.48968 -1.06294 -9.51296 -2.36423 1
2.25717 -4.81568 -14.5388 -11.1655 13.0492 -7.73196 7.71638 2.24373 -9.12929 -0.511362 1
4.66773 -7.5046 -8.08035 -8.25759 2.87784 -8.84004 9.42333 0.0321515 -9.55757 -1.51419 1
3.35844 -5.09853 -10.9669 -8.86536 6.05006 -9.50861 9.22965 -1.4213 -10.0146 -6.20976 1
1.83734 -3.2133 -10.2393 -7.10675 9.33788 -9.5531 11.5312 -3.57941 -11.1822 -3.72419 1
1.36733 -5.43232 -7.99767 -9.66863 6.11335 -10.226 11.0168 0.675709 -8.24251 -7.56394 1
4.55697 -4.54121 -8.91563 -5.38335 9.28949 -7.05988 8.28363 -0.157808 -10.4249 -3.43763 1
0.393463 -4.68328 -10.6072 -3.34312 4.83585 -5.11985 10.2551 1.12483 -8.50648 -5.55155 1
4.13976 -5.78349 -8.92252 -9.59987 6.68114 -6.77204 10.3096 1.34685 -8.715 -2.95524 1
3.42471 -5.67699 -8.36438 -8.90473 4.92301 -5.76347 9.69391 1.67418 -8.82657 -5.20914 1
-0.178145 -1.90829 -7.89601 -9.19099 7.16687 -6.92492 9.33117 3.7485 -7.91713 -6.21434 1
0.402786 -7.39118 -10.5597 -12.53 4.78066 -8.49147 9.63193 2.64835 -6.89906 -3.68502 1
3.3937 -7.53317 -9.4245 -10.1994 6.20908 -10.2948 8.70626 2.82929 -11.8988 -4.0187 1
1.9844 -7.23061 -7.8966 -13.2496 6.67691 -10.4085 9.9608 -1.75477 -7.86838 -2.18942 1
-0.328279 -5.38784 -3.66413 -7.88118 6.17085 -8.01459 8.02305 4.19852 -12.2839 -3.87972 1
1.81997 -9.50328 -15.5608 -8.89907 11.0891 -6.45862 7.48095 3.32996 -5.8299 -4.98427 1
0.32691 -5.66522 -8.47713 -7.27929 4.96812 -7.50683 9.59046 3.30873 -10.2796 -5.77719 1
0.991806 -4.01779 -10.6538 -7.53928 7.27553 -8.09256 13.0623 2.08685 -8.43059 -3.84747 1
5.65477 -6.87988 -9.59696 -12.261 9.99093 -7.37147 8.06805 4.81428 -7.90411 -5.72807 1
0.510207 -6.36263 -6.07906 -8.83847 3.71655 -8.88136 8.83984 5.42877 -9.94415 -3.72278 1
1.35994 -6.79181 -10.4765 -9.35332 10.3361 -7.20389 10.473 4.76629 -8.38146 -1.88008 1
0.0169328 -7.87518 -4.98431 -12.3129 6.84757 -10.4979 5.80432 2.30647 -10.6664 -2.06 1
1.70885 -6.61348 -10.9089 -6.29866 7.09637 -7.92368 7.4202 2.55439 -11.6714 -2.29618 1
2.02954 -5.88718 -6.76813 -11.2985 5.68841 -7.21009 8.97455 6.30659 -7.89549 -3.26596 1
1.92601 -6.63872 -10.5194 -7.40551 5.71178 -5.67184 9.77635 1.77438 -8.9139 -6.18171 1
1.44122 -7.44946 -6.33428 -11.2452 5.93839 -7.42479 9.4752 4.33338 -8.56142 -3.82156 1
-0.578483 -4.66736 -10.2511 -7.05262 8.18249 -9.21266 10.5192 -0.884136 -9.37778 -6.01717 1
0.773723 -2.70524 -10.4672 -8.5165 7.54911 -5.87288 5.86097 -0.999573 -11.7377 -3.15648 1
3.00901 -7.47873 -9.63997 -11.6683 7.58144 -9.47391 10.0185 1.44128 -9.86638 -4.97599 1
-2.48511 -4.14125 -12.0047 -10.3364 9.79974 -6.90709 8.51678 -0.0947132 -9.97444 -4.58622 1
-0.0260872 -5.0624 -7.02694 -4.66311 6.64816 -8.83476 6.70407 2.65415 -13.0745 -4.55557 1
2.36429 -8.0829 -12.7502 -8.76333 4.08058 -8.7485 4.34178 1.00584 -9.53363 -2.92625 1
2.27975 -5.84983 -11.1052 -6.8252 7.77763 -5.28395 5.90941 5.44261 -9.54279 -4.9235 1
-1.13354 -7.75023 -9.08229 -9.09608 7.61397 -10.3994 10.2049 4.79669 -6.8931 -0.541211 1
1.28542 -4.988 -7.7282 -11.2699 11.3365 -8.65144 9.60344 5.48358 -9.50542 -2.94745 1
0.46114 -9.00776 -9.59157 -2.83368 7.56752 -7.45495 8.68887 3.23397 -11.6796 -3.68654 1
1.29506 -7.62073 -11.3154 -10.9192 6.0005 -8.45575 5.29773 1.00957 -9.15467 -4.58485 1
1.63578 -10.0025 -13.641 -9.42069 10.9291 -8.37982 9.31125 4.94818 -8.96585 -1.38056 1
-0.678321 -6.44977 -10.1325 -6.57374 1.9532 -9.26503 10.5096 2.90909 -10.6463 -6.41927 1
0.603654 -7.62017 -9.48811 -11.3372 8.65275 -8.70321 9.79488 1.762 -11.0746 -5.31854 1
4.49565 -6.29531 -11.007 -9.13009 9.67348 -4.68203 6.57157 4.09565 -10.7302 -2.33478 1
0.528382 -3.1366 -6.89977 -11.0828 3.64932 -5.21837 12.2559 3.96797 -7.2785 -4.94738 1
3.00136 -5.12447 -10.9117 -8.67186 9.05737 -6.08548 8.02901 1.25341 -13.4624 -2.35223 1
1.44985 -3.92095 -9.21262 -4.87775 5.17615 -7.82746 8.80328 4.08406 -11.3292 -5.77416 1
1.42555 -4.63669 -8.2416 -10.3962 9.13689 -8.07546 8.00969 1.56446 -9.69697 -5.66208 1
0.952914 -5.38413 -4.79335 -12.7239 1.45086 -7.91862 6.69198 0.783198 -6.51004 -5.07271 1
1.03653 -8.37636 -9.82681 -10.9718 7.39154 -6.42368 9.23735 4.88716 -9.85738 -4.90819 1
1.33444 -6.7934 -9.63532 -9.52391 7.40704 -6.84317 8.6922 -2.05208 -11.6017 -4.7185 1
3.02485 -9.24171 -12.9268 -9.3978 7.6101 -6.95862 8.12687 4.04421 -13.7416 -1.77026 1
-0.210709 -3.42636 -9.59731 -6.88628 8.71584 -7.76107 9.10438 3.4158 -11.461 -5.05816 1
1.42528 -2.96965 -12.2706 -5.87688 5.40957 -7.6903 7.81953 0.0593194 -7.35953 -2.1542 1
-0.385258 -6.65545 -7.1471 -11.4893 5.05092 -7.08899 8.38799 2.23814 -10.2648 -7.31706 1
3.21967 -3.12386 -8.11122 -11.8646 4.49945 -6.43328 7.72583 1.98729 -8.93819 -4.6867 1
0.966844 -8.30658 -6.56964 -10.6046 7.42431 -10.1668 6.04066 0.680973 -7.75718 -6.6806 1
2.74965 -5.80071 -6.1366 -4.99779 6.52364 -6.86956 12.3484 5.34131 -11.3511 -3.84873 1
1.56123 -5.80524 -7.39381 -7.84066 9.6144 -7.12404 12.7977 -1.01702 -8.80487 -3.65359 1
1.91197 -6.18185 -10.0135 -6.90119 7.71589 -8.211 8.73374 -0.17255 -10.3239 -6.0273 1
-0.520457 -8.7655 -10.3449 -8.02276 11.2145 -6.15819 10.6194 3.44239 -10.5559 -2.08597 1
0.672615 -8.21435 -7.48261 -12.7306 4.47948 -7.5351 10.0299 4.00944 -6.90556 -5.64163 1
0.893787 -5.31506 -11.6065 -7.31615 9.59691 -6.39781 9.57828 1.02425 -12.6241 -6.88341 1
2.93078 -6.92254 -10.4337 -9.61012 6.0685 -7.45324 9.60076 -0.0857899 -9.89803 -3.08722 1
2.59677 -6.0984 -9.4196 -9.97703 4.54195 -9.03124 7.12109 0.822642 -9.59523 -0.425842 1
2.00062 -5.37698 -7.77576 -5.12805 5.49149 -5.2679 9.44717 5.76257 -12.2341 -6.93138 1
0.355279 -8.08225 -5.27694 -15.5959 7.32703 -9.07761 11.287 7.55755 -12.0669 -2.38715 1
3.33295 -5.67137 -7.25535 -7.20741 5.43933 -6.12374 9.62641 2.32312 -11.7428 -5.16029 1
1.3605 -3.80536 -9.38864 -9.43197 8.76131 -5.24518 7.40856 0.540694 -10.5375 -4.2938 1
0.916638 -5.51138 -9.59309 -13.0914 2.20166 -8.33379 8.34795 5.75678 -7.90764 -5.816 1
2.96986 -7.1639 -9.52231 -14.0139 10.1812 -4.52165 11.7042 5.74527 -10.647 -4.02087 1
1.73057 -6.46417 -9.87521 -11.8703 11.4833 -6.42597 9.9763 3.15925 -8.30885 -10.3813 1
0.872378 -6.50547 -8.89775 -11.3409 10.3385 -8.40679 2.72013 4.95416 -13.3598 -1.87535 1
1.8586 -7.92225 -10.1073 -6.28887 6.92648 -6.21248 8.77743 3.3414 -8.66581 -7.27591 1
1.1784 -5.89295 -12.9449 -9.59506 6.71379 -8.71302 8.33166 2.28573 -8.51992 -5.36665 1
2.40375 -6.36798 -11.3041 -7.68813 10.7577 -7.83077 10.4606 1.19462 -12.1758 -5.27692 1
2.18676 -9.07231 -9.48836 -8.98344 8.51381 -6.76324 7.29997 4.73141 -10.0981 -1.80747 1
-0.76148 -6.04896 -10.398 -11.0147 6.95139 -13.3405 10.333 0.734727 -9.69741 -4.73402 1
4.07738 -5.42337 -10.0566 -8.10044 8.22992 -6.64003 7.00191 2.48899 -11.6218 -2.59207 1
1.6074 -7.25204 -7.16017 -6.57725 7.73211 -7.50501 9.20706 2.49747 -10.9292 -3.89359 1
1.93345 -9.2921 -10.5795 -10.2539 6.78931 -7.10155 8.85988 4.57688 -8.0968 -3.83918 1
-0.0162154 -7.96157 -8.29996 -11.0496 6.0933 -8.19301 10.4448 4.10387 -6.71743 -3.81389 1
0.742524 -4.6108 -9.57723 -9.4409 8.5118 -8.69554 7.66028 0.485644 -12.5075 -3.91581 1
3.38062 -5.27212 -9.85852 -8.70145 6.88619 -7.42265 8.50519 0.128131 -11.2386 -0.0282575 1
1.6275 -4.18721 -4.27995 -8.78411 3.4325 -7.6236 6.40781 1.45916 -9.02069 -2.64285 1
10.7711 6.5389 -0.108926 -7.96154 -7.87114 -2.65019 -3.64276 -6.10421 -2.63491 6.56159 2
10.9944 9.20205 4.85951 -2.91832 -7.41938 0.000208006 -2.36079 -6.89224 -0.684688 10.6045 2
8.92239 7.02662 0.694015 -3.8949 -11.7135 -0.43457 -0.362156 -6.2035 -5.64214 9.31525 2
9.38993 9.91863 -1.3714 -6.23866 -9.39647 -3.89786 -2.00961 1.84821 -5.74818 9.45788 2
6.56395 5.43899 -1.09221 -6.85869 -8.8358 -2.40743 -2.4933 -5.26804 -7.40319 6.16395 2
7.637 13.1601 2.1834 -2.63601 -8.95562 0.0106411 -4.1008 -3.09057 -3.52814 10.6919 2
7.32318 4.63855 -3.58267 -5.6998 -11.017 -1.43887 -3.56693 -4.0813 -8.66457 7.63636 2
7.73869 8.61531 1.78169 0.152172 -6.69696 -0.93364 -3.648 -5.36348 -7.25625 13.2101 2
8.22708 3.13854 1.56864 -5.90174 -6.3442 2.53086 -6.55628 -6.27591 -7.66132 8.18436 2
9.95834 8.89256 1.5991 -3.57259 -7.85797 -0.242924 -4.58015 -4.18032 -4.26607 10.2147 2
10.9444 7.81301 -1.02787 -3.50777 -5.88394 0.315726 -0.131054 -1.44751 -8.19333 11.4566 2
6.468 7.19643 0.611901 -5.47356 -13.2031 -1.19653 -6.02019 -3.57044 -4.94081 10.5556 2
9.40035 4.0056 -1.91229 -4.81937 -10.75 1.85535 -2.12216 -4.64584 -6.91058 12.0006 2
11.9808 6.07501 -2.09758 -4.77578 -7.04427 -0.144667 -0.00306591 0.262446 -8.25115 10.2813 2
6.78555 6.68827 -0.947601 -3.97921 -7.37694 1.70834 -5.45875 -7.83972 -5.87401 12.0457 2
7.82322 8.79418 3.90059 -4.62123 -6.62827 -1.53087 -1.59203 -4.23457 -4.4875 10.0668 2
9.92572 9.98579 -1.90777 2.82539 -8.33562 -3.35453 -1.77919 -7.74757 -7.77487 13.4748 2
8.54892 8.06699 -1.01018 -1.91868 -11.985 0.743633 -5.94317 -2.03729 -4.00284 12.3882 2
7.9368 7.3592 1.96982 -2.85547 -17.5435 -2.80894 -4.03111 -7.44321 -6.79673 8.89336 2
6.89214 7.03167 1.22286 -1.38944 -10.5462 -0.0778811 -4.23387 -4.99496 -5.48074 12.4456 2
7.52933 9.41483 0.126043 -5.85497 -9.3057 -0.83069 -6.50141 -5.13427 -4.02139 10.5157 2
10.14 8.73434 -2.01435 -4.97106 -11.7413 1.75894 -4.00074 -3.71601 -5.08386 10.3168 2
7.72213 7.56608 -0.0529898 -3.31528 -9.53202 1.37341 -1.666 -4.94587 -7.62603 12.7664 2
-1.51489 1.8328 -9.19331 4.06673 -6.2746 -11.6229 -7.92416 -6.16426 5.91447 4.82353 3
-0.457277 -0.54618 -5.57767 2.58353 -5.36705 -10.4451 -9.65776 -5.64406 3.96879 3.39843 3
-0.645235 -1.30527 -5.82998 2.76858 -4.06715 -5.30569 -10.4023 -6.16532 6.71395 3.75708 3
0.411825 0.473623 -7.71927 1.0256 -1.75345 -6.56481 -12.0516 -4.95351 5.73003 -3.41665 3
-1.78319 0.169294 -9.49881 0.162015 -6.63221 -9.30741 -8.13822 -2.04924 4.06209 6.11603 3
2.37362 -1.47841 -4.56881 2.05149 -6.24161 -10.2019 -13.6611 -4.48492 5.49895 7.47265 3
1.51719 -5.25632 -7.16215 3.50517 -3.62091 -10.7741 -8.77227 -4.89717 3.13387 2.96979 3
0.786854 -3.01997 -6.01023 1.89905 -5.69749 -8.21093 -8.82452 -3.49978 4.65309 3.73035 3
4.81459 1.92953 -4.25169 2.78714 -5.38849 -10.219 -8.82903 -2.65239 4.03187 2.06656 3
-0.27188 2.02749 -6.25681 3.4806 -3.33054 -8.51788 -7.61754 -2.29305 4.04239 2.04261 3
-0.390246 -0.872815 -5.57128 1.30811 -6.54769 -10.1418 -8.81979 -4.07994 4.09177 3.80574 3
-1.04766 -3.63399 -9.72525 -2.81261 -4.7367 -9.40273 -4.731 -2.51732 6.47465 3.68036 3
-0.751749 -4.36199 -8.82413 1.39654 -5.4385 -9.25821 -7.64502 -4.59217 6.90307 8.09526 3
3.03682 -0.549403 -8.33692 2.97254 -2.30602 -10.1288 -8.59396 -7.4096 2.77596 -2.46022 3
0.144334 0.507514 -10.2038 0.200111 -5.87375 -9.39341 -5.9936 -2.72597 7.34112 3.6244 3
1.56033 -6.22593 -3.87179 3.08505 -6.19255 -10.0268 -8.48096 -5.59506 7.3727 -0.86616 3
-1.13217 -0.803424 -5.30939 2.23226 -4.52165 -10.506 -8.65961 -5.88247 6.15418 3.0671 3
0.209794 1.13659 -8.13674 -0.0217926 -10.0779 -10.3911 -6.42676 -3.46718 7.79223 -1.24096 3
-0.72881 -3.38217 -7.73531 3.628 -3.94425 -10.2731 -4.35053 -3.20135 3.06342 -0.352918 3
-0.549122 0.0228397 -9.3481 3.56331 -1.9224 -10.3455 -7.18218 -7.47363 5.16394 -0.935877 3
-2.02716 -0.137673 -6.09175 2.63523 -7.5673 -9.58639 -8.60103 -2.95218 9.41791 6.75013 3
0.794292 -7.27152 1.15455 8.33486 -12.3578 -1.32826 0.347245 3.29621 -8.53859 14.1938 4
4.20756 -8.3028 5.22626 7.49493 -7.94117 0.0569641 3.97002 0.575867 -8.43798 13.0542 4
-2.23154 -7.19796 1.14275 4.01034 -11.8959 -2.68763 -3.19666 -0.792673 -6.41813 9.66629 4
4.73202 -13.6389 4.48662 6.35419 -8.69586 -0.807471 2.43479 -1.96824 -4.81284 10.3785 4
1.86239 -11.8469 1.00919 6.09005 -11.4562 -1.01798 -1.19188 -0.76666 -9.65671 7.10531 4
0.660657 -11.8921 2.74064 6.72708 -9.60954 -0.221841 2.62795 -0.613646 -5.07513 8.20548 4
7.74965 -9.36549 1.7893 7.43096 -8.83305 -0.0308998 -0.311836 -0.903691 -7.76288 8.5109 4
-6.50211 -12.5429 4.63569 7.63598 -13.2576 -2.32895 8.04041 1.63575 -6.24059 8.93846 4
3.57847 -9.01641 -0.60519 3.48434 -8.95993 -3.11515 0.78817 -0.694701 -6.00413 8.07151 4
-0.260562 -7.87687 8.12561 4.76299 -12.6417 -2.20407 5.01949 -2.06232 -6.85901 12.6344 4
0.905328 -13.733 6.25462 9.94497 -7.34981 -2.90529 3.08058 -1.41779 -3.0997 7.44832 4
2.97639 -8.13686 0.11712 2.34579 -9.03057 -0.420055 2.35666 -1.9695 -5.96565 11.0637 4
0.926685 -14.7485 -1.21414 5.21371 -10.7058 0.258816 0.435617 -3.00561 -4.39488 10.3128 4
2.88244 -10.2025 2.95109 4.4908 -9.41786 -1.64085 -1.41055 -1.5732 -8.60729 4.90829 4
4.41565 -10.0026 1.65882 6.57759 -11.9373 -1.92219 -2.03357 0.330428 -5.55693 9.89619 4
0.256787 -7.03218 0.269663 5.79751 -9.71686 -3.08681 -1.38366 -4.82139 -7.39712 10.0682 4
3.48779 -6.97369 1.32559 2.00922 -10.6137 -1.051 0.631582 -0.489016 -6.65359 9.00945 4
0.641768 -11.4522 2.15764 7.62772 -12.6663 -6.40348 1.50244 -1.59374 -9.07476 11.4483 4
1.7175 -9.07626 -1.42083 4.79014 -9.76197 0.260638 -2.06745 1.5836 -7.14287 6.33919 4
2.05314 -13.0535 -0.72817 6.84277 -8.57381 -0.933756 0.986319 -0.628166 -4.44655 6.49018 4
2.82936 -12.2511 3.78148 2.95046 -10.5593 -2.30564 5.95524 -1.03843 -5.05397 13.5354 4
7.38258 -9.03515 1.64074 5.77491 -9.31175 -3.98856 1.82168 -2.04014 -6.90202 9.96697 4
3.25099 -8.45399 2.76161 8.09971 -5.8637 -2.35728 0.481591 -0.137227 -5.88697 11.3722 4
1.10545 -8.23472 4.3849 5.52284 -8.54881 2.51244 2.35522 -1.13107 -7.33866 9.32985 4
3.76503 -11.5649 0.804675 7.78469 -4.49053 0.709218 -3.63494 -1.0385 -8.43249 8.94538 4
4.32449 -8.35218 4.85802 4.70641 -12.0429 -2.53251 2.08268 1.29546 -6.53586 6.98968 4
2.00369 -11.1035 1.38705 7.68804 -10.5709 -1.15727 -0.0767979 0.0519053 -5.92479 10.9245 4
3.07951 -6.44305 -2.82745 5.92503 -6.61597 1.44301 1.42606 0.257065 -9.49462 6.54812 4
1.30905 -13.9883 4.43925 8.63466 -7.33829 2.77498 -0.556633 0.562784 -5.9738 7.51967 4
2.51112 -14.7757 3.81272 4.11435 -5.09008 -2.31221 -1.98685 -0.362682 -6.40167 4.56824 4
4.42477 -8.96515 1.10986 7.15154 -8.28294 3.40326 -1.52 -2.16991 -4.59606 9.32344 4
2.56339 -9.79367 2.13444 3.99794 -8.96327 -5.11314 2.80571 -2.87201 -6.4511 10.212 4
7.90109 -11.2388 1.44367 4.93555 -8.73564 -0.657392 -3.074 -3.97876 -7.11755 6.6245 4
1.67319 -10.694 4.55018 5.26837 -9.27203 1.45857 2.10437 0.169905 -8.59226 5.82096 4
1.6427 -10.2447 3.58287 7.13413 -9.33735 -1.25487 -0.860565 -3.36866 -5.85732 9.77487 4
3.24296 -10.1108 1.80755 8.18517 -6.26689 -0.70601 0.705731 -0.7064 -6.53389 10.3976 4
4.5112 -8.51817 1.95917 3.57038 -8.37659 -5.47535 2.90277 -1.46333 -8.45508 10.1666 4
2.3354 -8.89275 4.38642 5.831 -8.95303 -1.75686 0.857543 -1.52593 -4.05113 10.2578 4
6.41572 -8.35091 2.49856 9.53579 -10.9737 -3.46071 1.44087 -1.53697 -6.92212 11.9582 4
1.67764 -5.83863 7.38612 4.36182 -8.08899 -2.25845 0.730046 -1.76172 -9.59171 7.80151 4
3.11385 -10.0128 2.99887 3.14644 -8.15011 -1.45691 2.56241 1.04612 -8.25244 11.3179 4
-0.709929 -12.111 4.97858 6.66163 -2.92833 -4.15324 0.47267 -1.62444 -6.4965 4.90296 4
1.35575 -9.6828 0.00666135 6.53634 -10.8595 0.241415 1.4562 -1.28542 -7.15151 9.18544 4
3.87689 -9.28726 1.8854 9.80952 -10.1859 0.2945 -1.33732 -1.09019 -6.39568 8.94038 4
3.55773 -11.9827 3.14098 10.1267 -6.12745 -3.12668 -0.212564 0.153538 -7.55985 9.71298 4
3.28106 -11.8752 0.51168 3.77025 -9.86218 -5.68475 4.41198 -0.99313 -4.59229 15.1892 4
4.5589 -8.17933 -0.520826 5.99118 -2.68569 -3.15124 -2.26563 -0.800635 -7.27986 9.31167 4
5.38065 6.39932 -0.0804441 4.46102 -1.05261 5.94288 1.05696 -1.11874 4.6944 -7.35122 5
13.4176 4.82066 3.39581 6.49507 -0.631314 0.214107 1.03173 -0.589056 9.8441 -11.3336 5
5.69648 2.29575 -0.153554 9.06155 -0.538041 8.07606 3.4435 1.0402 7.23245 -11.334 5
3.43867 4.84623 -2.35836 5.23759 -1.91611 3.99127 -0.0846912 -3.07148 7.16992 -6.90689 5
5.09851 9.106 -0.136921 8.46022 -1.37295 5.65055 -4.12557 3.6182 6.33961 -8.5612 5
4.92563 4.36215 1.19411 6.65431 -3.92249 5.56813 0.619355 -1.52328 7.82801 -9.9767 5
9.24575 6.33925 0.598516 8.48781 -2.22277 8.28228 1.48427 3.79234 6.88601 -7.51242 5
8.22075 5.6418 -2.39549 8.26373 0.21773 5.69032 0.538477 1.29841 8.20855 -10.203 5
6.73771 6.35987 -0.702312 7.60132 -0.583333 2.98391 1.91615 -0.109901 7.86668 -9.79331 5
8.65757 6.17971 2.62276 6.22125 -1.58638 8.27516 -1.68424 -0.769016 10.4455 -8.85654 5
9.92237 3.79867 -0.662581 10.6148 1.36807 7.63853 -5.63459 2.34657 7.09561 -12.2349 5
6.87255 7.34529 -0.473957 4.83314 -3.54461 7.11062 -1.20402 2.46331 7.16207 -6.63163 5
10.2143 5.64383 -3.96978 3.98395 -0.982165 5.8842 0.666819 2.12735 6.59245 -4.36298 5
6.43929 5.58256 -1.03147 7.24386 -6.8197 1.54073 -0.819978 -3.26126 7.28832 -8.77282 5
8.20352 5.61657 -1.72343 7.04663 -0.109964 5.24635 -1.44379 3.52437 7.87515 -10.0318 5
6.81468 5.23427 -3.67232 5.44407 0.737522 7.51052 -1.42983 -1.27328 9.46127 -10.6722 5
4.44129 4.25195 -0.0232215 9.80078 -0.283921 4.86046 2.65898 1.91289 7.71278 -12.1061 5
8.7681 1.11774 0.571844 9.5212 -0.409611 5.31543 -0.444732 -0.735682 7.92452 -9.55911 5
4.87774 4.46817 -3.15356 7.34743 -1.72676 4.8174 0.000129613 -1.25585 8.61263 -10.9178 5
6.35422 6.13256 0.406557 7.40615 0.58899 10.0005 4.59747 4.54543 7.57338 -7.614 5
-3.56765 9.80506 7.03243 -6.30807 9.81315 -0.467006 9.86054 -4.95257 1.72643 -0.262075 6
-4.5166 8.12652 8.04429 -6.84665 11.701 0.0103212 7.18806 -2.18173 0.39158 -0.5345 6
-3.31262 6.43887 9.38582 -10.9579 4.86052 4.61137 10.1965 -5.5325 -0.508224 -5.07895 6
-4.88089 7.08075 8.07702 -9.39984 11.7216 -0.942868 9.37767 -5.74445 -0.217873 -4.76779 6
-6.00072 8.93526 9.69454 -5.93497 12.9738 2.74841 9.54964 -4.38718 -5.73184 -5.12728 6
-5.55183 7.94052 11.4281 -8.30072 7.52514 -1.9529 10.2078 -4.18675 -2.1948 -3.8029 6
-7.35904 7.96344 7.8385 -9.70808 8.67651 1.61843 8.22235 0.378394 1.14532 -2.61438 6
-2.54516 10.0144 10.3478 -3.35955 8.90557 0.69745 10.6197 -1.53154 -2.56849 -3.64766 6
-6.69766 9.20903 6.33799 -6.17432 10.0195 3.62069 9.67348 -1.95295 -2.35586 -1.57521 6
-0.486529 5.38121 9.66114 -10.1764 8.74391 2.57115 11.3042 -1.27028 1.2702 1.63698 6
-3.77728 10.0453 9.23538 -11.9173 9.36352 2.52564 9.38044 -2.47307 2.13765 -3.06133 6
-4.07744 8.41615 7.72736 -11.4132 8.19144 0.629803 11.4397 -0.705805 0.963502 -2.09034 6
-7.21018 7.97517 10.0906 -6.61112 10.706 -1.5379 8.63663 -3.70245 1.29469 -0.800929 6
-5.34057 8.12754 9.05443 -11.292 8.59221 1.05452 8.33776 -2.61793 -2.32424 3.34906 6
-4.87859 6.61241 7.01544 -8.85503 8.76259 1.54827 10.0929 -2.09693 -1.98783 0.321336 6
-3.23033 4.04626 10.7164 -6.55972 11.0148 2.48888 10.8284 -0.0550764 -0.968083 1.02781 6
-5.47364 9.8755 10.8892 -11.3637 5.92415 3.08461 8.25039 -4.25182 2.74235 2.04598 6
-5.47233 7.50206 8.46454 -10.4282 8.91997 2.21809 11.1496 -3.34981 1.61951 -6.35278 6
-7.11274 8.59371 8.95081 -6.87761 9.80149 -0.323285 8.4601 -2.38935 4.64925 -3.11274 6
-7.11808 5.73217 9.4314 -3.11164 11.1302 -1.95858 9.2611 -4.47885 -0.328337 -4.52677 6
-3.80704 7.16086 11.0902 -7.69831 11.698 -2.87252 9.03214 -4.52832 -1.58048 -2.16382 6
-5.01486 7.21204 8.41045 -12.0593 5.78435 1.11994 9.09046 -5.40333 4.21226 -4.48641 6
-2.70952 7.17214 9.10673 -10.4356 6.64047 4.65006 11.1008 -2.52683 -2.79823 -4.90277 6
-3.33952 9.07027 10.8962 -8.805 4.93858 -0.0662755 10.1342 -3.53251 6.19364 -2.87677 6
-4.43795 8.06184 7.67989 -11.0198 7.34899 3.89594 9.58477 -2.41606 -0.114417 -3.26643 6
-7.50208 7.03293 8.86399 -9.62617 7.55903 1.66068 9.94929 -1.87569 -0.107099 -1.29774 6
-4.3175 1.40778 9.04912 -10.8458 8.68763 1.19927 10.6531 -3.20361 -1.13486 -0.673269 6
-1.9837 5.58979 10.8097 -1.60487 11.4189 -0.374546 9.41682 -4.92922 -6.85806 -2.25048 6
-3.98198 15.3991 9.89836 -11.19 5.00303 1.999 10.2107 -1.52716 3.95075 -2.97537 6
-6.10173 9.41675 9.77196 -6.63669 8.98089 1.65219 8.73273 -0.665944 -0.33861 -0.641961 6
-1.64294 5.25509 9.72509 -9.78694 8.96011 -0.988062 8.12129 -0.988252 -2.76835 -0.382845 6
1.46251 8.76326 9.04758 -4.86509 10.965 3.21317 7.90406 -3.46619 5.14933 -0.0323709 6
-6.85039 3.84073 10.1838 -5.21411 12.3857 2.38201 8.09612 -6.06252 4.68053 -2.82622 6
-5.29294 12.0845 9.20624 -9.14819 5.46171 2.12718 12.0799 -5.20655 3.81088 -4.69848 6
-3.75615 11.467 11.0522 -5.47319 8.14407 2.29266 10.2891 -0.171707 3.59655 -2.5247 6
-6.58465 3.75978 11.7571 -8.36546 11.5268 -1.02701 11.3446 -4.76318 -1.9975 -4.33757 6
-3.92745 10.4002 11.4058 -11.5438 7.23282 3.45269 9.3394 -1.3832 3.89082 -0.169224 6
-6.77277 9.16099 8.72502 -6.22034 8.01838 3.28936 10.4667 -0.794436 -5.74027 -1.36508 6
-3.58532 -4.17463 -4.91732 7.85415 -4.39387 -11.309 5.61555 -0.903416 7.32857 6.05102 7
-3.89192 -4.55774 -4.1287 10.3911 -8.73619 -9.01926 6.36508 -4.09773 7.95394 4.09922 7
-10.371 -3.94702 -5.32042 6.87399 -6.42509 -11.9994 6.18317 -0.966363 8.91275 4.57727 7
-6.35894 -5.44233 -4.20629 9.01029 -2.84661 -12.2195 7.81149 -2.01033 6.73206 9.19699 7
-7.35755 -4.92066 -6.10387 9.57984 -7.82966 -13.4437 4.75737 -2.3005 10.9729 6.61727 7
-10.7385 -4.25882 -2.71896 9.2904 -7.46784 -14.6143 7.40628 -2.20291 8.53059 5.26749 7
-7.32942 -5.50988 -2.81591 9.75875 -6.82508 -10.0272 5.4425 -3.97031 8.102 4.20743 7
-5.71344 -5.3451 -3.77342 9.04579 -6.71621 -12.6435 5.76496 -3.28043 9.40079 9.00531 7
-7.15288 -6.807 -4.53963 9.54788 -4.39382 -9.47093 5.33121 -3.23391 6.25349 5.79542 7
-8.89318 -4.19549 1.28927 9.33339 -8.24049 -8.78173 5.07332 1.14826 6.23749 5.75681 7
-5.58075 -4.33632 -2.16429 8.83221 -4.93906 -12.4709 4.05933 1.26779 8.09466 6.57898 7
-7.65505 -5.13789 -3.67268 6.93312 -7.71836 -11.9817 7.5694 -3.53984 11.2504 7.38943 7
-7.48435 -1.22808 -6.8545 5.27825 -5.31707 -10.0684 6.3566 -1.53215 6.56146 2.28847 7
-8.46168 -4.67368 0.988167 9.85335 -7.33426 -12.5376 6.02692 -2.85143 7.84372 6.21676 7
-5.13847 -2.17865 -1.76548 -14.647 8.63304 -3.73352 0.986738 -4.5058 1.18511 1.81247 8
-1.9084 1.38175 -1.98306 -11.6452 8.31694 -0.507303 3.33849 1.03128 3.27005 -0.246898 8
-2.35735 2.68523 -3.68313 -8.07448 4.64148 -2.93788 -0.0498984 -0.194687 3.65432 -0.0486699 8
-3.88746 0.144272 0.0646019 -12.7964 6.71081 -2.68516 -0.0720844 -1.98795 -3.18797 2.84493 8
-3.52761 -1.00654 -2.34573 -9.89612 5.83885 -2.52932 -0.118942 -1.73333 1.87947 1.98061 8
-3.01732 -1.67129 -3.47093 -13.0469 7.59805 -4.77788 0.650823 -0.137104 -1.10232 3.30382 8
-3.78744 -2.44813 1.12242 -10.682 5.45734 -3.10712 2.5287 -2.56257 2.77137 0.959997 8
-5.14922 0.586251 -3.06155 -7.60924 6.40111 -4.98047 0.86722 1.69222 3.39568 0.227145 8
0.0877618 1.19069 -4.66554 -10.9882 3.98925 -4.25638 3.62279 -0.997027 1.13252 0.758261 8
-4.49094 2.50563 -1.91967 -12.4683 5.64529 -2.55683 4.09201 1.55895 1.3228 2.01192 8
-4.25865 -0.869828 -1.25451 -8.91306 8.17774 -3.07228 4.35742 -3.59979 -0.869672 3.83201 8
-4.15168 -0.901758 -3.47588 -9.05325 6.33637 -4.45436 0.727832 0.768869 1.37392 0.499725 8
0.877227 0.398019 -4.11824 -12.0312 6.78018 -5.42185 4.15957 -1.7358 4.1046 2.35835 8
-1.84135 0.389228 -1.70132 -10.8661 4.64895 -2.98082 4.10807 0.0568678 0.72126 -0.322438 8
-4.39566 -3.04208 -1.80746 -10.5503 6.73918 -2.55176 2.48455 0.845522 2.56486 0.273666 8
-7.05639 -3.05913 -1.98202 -9.35392 9.52347 -2.70748 1.58975 -0.150271 1.60669 -2.50498 8
1.55996 0.98831 -2.397 -8.97195 6.00575 -1.55291 1.60124 -5.45093 0.795491 1.23714 8
-3.288 -1.43217 -0.493333 -7.80595 6.52458 -4.82353 -2.42625 -2.61988 2.03892 0.117396 8
-3.76402 -2.77227 -3.32873 -11.5098 7.52169 -4.98539 -1.11999 -3.17987 3.32327 0.370384 8
-0.299629 -2.43065 -2.57231 -10.4303 10.7784 -2.55504 1.076 -0.679985 3.64366 2.50283 8
-7.66551 -4.41662 -1.37923 -9.19421 5.03645 -6.88599 -0.776147 -2.38161 1.27803 -0.487096 8
-4.44426 -1.70422 -2.1398 -9.56277 6.74998 -5.05461 4.02259 -3.78413 4.06815 -0.110151 8
-1.299 -2.67605 -3.6178 -11.0631 3.61354 -6.14606 1.94313 -3.96606 1.66173 0.412331 8
-7.04728 -1.71729 -1.29122 -8.84859 4.4458 -4.2192 0.256378 -1.02624 3.11076 1.15096 8
-3.01313 -2.96097 1.88288 -7.01821 5.80037 -3.52953 4.57856 -1.2973 -1.52201 3.60944 8
-1.92306 -2.7273 -4.45603 -11.2575 3.42297 -5.35654 -2.53435 -1.55447 2.32735 1.29478 8
-3.56829 -0.59296 0.809353 -7.5135 5.5294 -1.76887 -3.32118 -0.629103 -0.64003 1.35166 8
-0.0470571 -1.67335 -0.711277 -10.0316 8.29999 -2.9218 1.20214 -3.49416 -0.317201 1.1435 8
-6.50299 -0.505391 0.744787 -10.781 8.57941 -1.75011 -1.00238 -0.0916106 1.1416 0.998337 8
-8.41324 -1.34925 -0.690463 -11.1455 7.36639 -6.21871 0.234805 -0.891954 -1.23262 2.72148 8
-3.91379 -0.741189 -3.16258 -10.6339 8.22808 -2.93984 0.988387 -0.920129 -0.686992 3.9909 8
-5.4555 1.13914 -1.6592 -11.0131 4.39372 -4.83547 0.104477 -2.89384 1.03986 0.39462 8
-1.68695 0.0169725 -6.3902 -10.1738 5.06027 -5.9604 -0.265248 -1.81656 2.39194 0.266028 8
-0.383333 -1.63791 -2.64291 -10.0209 9.59515 0.0901142 2.06206 -1.75139 0.583751 1.51755 8
-1.31342 -0.416175 -1.59029 -9.74692 8.09217 -5.39149 2.88584 -3.64003 -2.09046 -0.482091 8
-2.71805 -1.10071 -0.340531 -9.9973 7.42188 -3.26769 1.91133 -3.38714 -0.48834 2.47762 8
-4.96199 0.87645 0.48605 -9.75228 7.96776 -3.65475 4.72176 -2.44179 2.42271 -2.84814 8
-3.47713 -1.06311 -0.192421 -12.9611 7.18093 -5.20464 -1.79148 -0.222388 3.24064 3.07423 8
-4.54197 -0.264936 -2.28085 -6.59113 5.70622 -4.29658 2.28182 -2.25116 2.08963 -1.77123 8
-2.30283 -0.0171048 -3.26523 -8.21086 8.4776 -2.41578 3.36096 -0.280317 -0.663356 -0.210285 8
-8.72739 5.91718 -0.725765 4.79012 -2.32757 -8.84856 4.95044 -10.4914 -1.54302 2.34885 9
-7.49016 7.57666 1.83481 3.76365 -3.28194 -8.82928 9.32928 -6.6104 -3.66984 -3.59267 9
-8.64064 9.42737 -0.599801 5.2072 -3.32623 -6.09937 8.84603 -5.58869 -2.72258 1.85077 9
-9.90249 2.08288 -2.8496 10.5899 -1.31233 -6.52304 5.51994 -8.74668 -2.50016 7.26221 9
-6.37779 8.07122 0.94284 6.48183 2.5691 -10.1074 10.1214 -8.12142 -3.60394 1.20201 9
-7.59941 6.10868 2.58793 4.44133 -5.74162 -9.12931 6.66154 -8.35214 -4.13049 2.31358 9
-8.38326 9.33263 1.65671 3.55969 -0.64112 -11.1475 10.2927 -9.82667 -1.77091 0.637014 9
-7.9828 6.19966 3.67299 2.89807 -4.40492 -9.66711 11.6859 -6.27242 -4.33308 0.888648 9
-9.30623 4.19063 -0.250748 1.27576 0.169129 -9.64112 7.67657 -7.33221 -0.426242 -1.24363 9
-10.595 8.54045 -1.42478 -1.3849 -3.61326 -5.97362 5.74887 -8.55526 -1.30052 3.83058 9
-8.32169 7.86817 -1.00354 0.395604 -2.34388 -8.9236 11.0296 -10.9887 -0.683238 0.862999 9
-8.0814 8.26618 -2.12628 4.83792 0.104767 -8.85296 7.37633 -10.097 -1.9886 0.0269967 9
-9.93746 8.34596 -0.33606 2.8815 -3.45044 -5.67977 8.3181 -7.84343 -2.44132 0.167725 9
-9.49901 11.2382 1.75542 -2.60634 -4.51571 -12.0976 9.89498 -7.6849 0.29031 0.112557 9
-6.90849 10.0695 1.38925 1.8871 -4.8375 -11.4757 6.25021 -7.38234 -2.54534 -0.336372 9
-7.1083 6.7267 -0.755348 4.70051 -1.34436 -14.3844 7.47207 -9.73815 -3.51626 -1.24821 9
-7.22974 6.23654 1.08653 2.96044 -2.1387 -10.2373 6.65244 -8.35588 -5.4726 -0.837913 9
-11.2479 3.44019 -1.29406 1.40969 -1.63168 -9.48434 10.5888 -6.66264 -2.93773 0.693929 9
-9.50553 7.46138 0.184171 0.12304 -1.43497 -5.11309 8.35591 -8.55786 -0.691249 -0.921056 9
-6.68521 6.95158 -1.62196 6.24127 -2.17272 -13.8608 9.51125 -6.76951 -1.96442 3.0537 9
-5.13951 7.17202 -0.968015 3.42467 -4.46101 -9.71013 8.70762 -5.52168 -4.38781 7.67083 9
-7.39726 6.20156 1.3462 1.14192 1.78797 -9.37233 11.462 -3.3014 -1.60958 0.0545175 9
-10.2515 4.12928 0.162447 0.361612 -1.60738 -8.32157 9.17326 -7.58826 -0.166619 1.05322 9
-9.64457 7.78449 2.60801 4.60706 -3.43471 -10.039 8.55934 -9.55505 -2.64321 -2.21256 9
-6.19071 10.5241 1.93829 6.2385 -1.584 -14.3205 8.15458 -9.49605 -7.05831 -0.162923 9
-4.98874 8.70051 0.218525 7.21766 -2.068 -9.50851 8.8378 -9.70275 -2.73227 1.82973 9
-4.88032 6.22848 -0.815681 2.28563 -1.2398 -11.1484 8.86257 -8.07709 -3.54272 2.19566 9
-9.95315 2.7441 -2.44991 5.70315 -3.71161 -6.79864 5.03368 -8.13521 -4.34952 -1.13637 9
-5.48234 5.74821 1.81889 3.957 0.384972 -11.3045 8.86305 -6.01737 -5.02215 1.49435 9
-8.47656 9.75417 -1.70066 4.57044 0.450224 -8.25635 9.80506 -5.47136 -3.44616 0.767483 9
-13.625 7.08736 0.95502 6.24255 -1.02775 -9.38158 9.45307 -7.83523 -0.927798 -2.45206 9
-9.63824 9.48712 -0.806387 3.07489 -2.56666 -9.81951 10.0586 -4.52238 -3.86839 -0.219586 9
-10.4711 4.31823 1.21251 5.27145 -0.69642 -11.1379 4.22526 -7.97649 -2.4642 -0.309107 9
-11.7037 9.89282 3.80227 2.70175 -1.76216 -9.05252 11.1006 -6.03124 -3.61793 -2.15923 9
-7.91529 5.96209 -3.80436 0.155863 -4.32161 -9.44667 8.05494 -8.73998 -3.41216 2.12352 9
-8.55035 7.56845 1.43712 -1.22401 -4.5453 -8.25449 7.04005 -5.89532 -4.28582 4.41897 9
-10.3946 6.56458 1.31977 -0.246792 0.417238 -11.4152 9.89773 -7.31762 -1.93234 3.14591 9
-5.92673 8.24678 2.04127 7.38683 2.36153 -8.07909 10.5602 -5.60004 -3.50056 -0.295159 9
-9.22465 7.62911 0.0533747 4.10191 -2.17919 -8.41992 9.61122 -4.92816 -1.19681 -0.504996 9
-7.83036 5.12882 1.72885 0.633336 -0.340828 -11.0294 8.16008 -8.22163 -3.88452 -2.72881 9
-8.92945 7.57445 0.329669 5.65872 -0.0791199 -9.90155 10.5665 -9.60821 -1.59484 1.17317 9
-9.94433 8.93275 2.81453 2.92786 -0.874251 -9.54412 8.57538 -6.96427 -2.63841 -0.475644 9
-8.75345 10.8659 2.28649 0.599332 -0.811131 -8.70977 9.77935 -7.49681 -0.986353 2.01238 9
-7.25253 6.51876 -2.69841 3.21366 -2.10134 -10.4527 9.13889 -10.5847 -3.84377 1.47184 9
-8.51993 7.72487 -0.364327 2.6167 -2.03868 -8.23645 5.15919 -10.4084 -6.07253 -2.91819 9
-9.52646 8.72115 -0.617941 4.14724 -3.86305 -7.91578 2.81645 -6.83344 -4.33728 -1.05851 9
-7.73191 10.3527 1.11009 2.95398 -0.924542 -9.74189 11.1135 -5.64517 -3.21134 2.39607 9
-10.1961 5.88545 -0.0840969 3.47572 0.0490863 -8.95678 4.82662 -5.78305 -2.19996 1.12648 9
-7.68512 6.69656 0.143605 1.84275 -3.24498 -9.09918 5.40745 -6.07171 -2.62836 0.482295 9
-11.0597 3.4589 -0.407918 6.13615 -1.45264 -6.76778 6.76461 -7.6155 -3.75274 1.73692 9
-5.45245 6.25502 -1.21218 3.20235 -0.986559 -10.8604 12.1086 -8.61545 -2.8409 1.4182 9
-7.33915 7.54794 1.47546 8.8863 1.51549 -11.5182 10.9952 -7.69302 -2.58788 -1.79241 9
-10.2875 5.63568 1.99347 7.01317 -1.58888 -8.29387 14.683 -6.34655 -3.28249 0.928819 9
-6.86554 7.47588 0.209465 3.42174 -2.72681 -9.88615 7.91391 -8.6365 -1.96465 2.63203 9
-8.71222 7.45022 -0.991463 4.61263 -1.87478 -9.36997 12.7914 -7.61821 -1.62968 3.92429 9
-6.40043 7.47803 0.241298 4.36234 -0.624913 -10.0952 5.22009 -5.43028 -2.92616 1.8174 9
-6.62321 8.01822 -2.51951 -3.33451 -3.88551 -8.34884 6.63645 -8.20189 -3.54885 4.00674 9
-2.92554 -6.70782 -0.887991 -5.05826 4.44035 -3.93402 -8.17841 6.07834 -2.93029 1.76184 10
-1.78118 -7.96387 -0.306944 -5.44365 7.62696 -3.41635 -7.30674 7.21726 0.0877376 4.56133 10
0.538747 -5.01908 -1.60328 -9.8123 7.4705 -2.7203 -8.1092 8.57395 0.7197 3.29744 10
-2.99585 -6.34757 -3.1034 -4.65375 6.10021 -4.96261 -8.44758 5.09843 -2.1892 5.47576 10
1.7402 -7.83689 -1.29008 -7.19294 5.64485 -1.95242 -9.29305 8.22829 -2.30058 1.16827 10
-0.834104 -6.2581 -2.04475 -8.95032 6.80718 -4.98536 -8.2261 10.158 -3.15797 8.1778 10
1.3192 -7.54651 1.13654 -5.68129 7.2538 -1.95541 -9.3725 6.99081 -2.60746 4.17099 10
-1.18363 -7.61116 -3.31704 -3.90398 5.07366 -5.07686 -8.33745 4.64173 -4.04231 6.93099 10
-2.06095 -8.42709 -4.18703 -5.55374 5.74353 -1.90668 -9.02636 5.1182 -2.10226 3.6872 10
-1.43278 -5.10359 -4.01164 -11.6633 5.89274 -4.29075 -4.60714 6.97581 0.850957 5.05068 10
-0.610421 -8.80753 0.365247 -9.24142 6.11208 -1.27488 -8.92127 7.13542 3.67333 1.86064 10
-0.83188 -5.87261 0.997229 -6.34449 5.68644 -5.5302 -10.0376 6.81538 -3.50442 6.99707 10
2.11963 -9.9332 -2.1537 -10.2786 6.46447 -0.368894 -8.31218 11.9334 1.22658 2.33508 10
2.73868 -9.69807 -4.73504 -7.56841 4.43419 -0.845476 -7.08123 10.4934 1.62914 4.16119 10
-0.972721 -6.52992 -1.43405 -6.53742 8.08052 -5.25898 -7.41293 8.50598 -2.58935 4.99082 10
-3.44727 -6.01174 2.37683 -3.56957 7.70808 0.306132 -8.11336 8.05602 -2.87628 0.178918 10
0.742351 -6.95031 0.76933 -7.75074 3.82288 -0.861338 -9.33632 7.28979 0.613752 2.50958 10
2.48494 -6.87275 -0.170383 -6.76918 5.45337 -0.83052 -10.3211 6.92758 -0.206389 -0.237221 10
1.40846 -8.76205 2.50494 -1.72494 9.22693 -2.61732 -6.57093 7.50518 -3.74177 2.96705 10
-2.09271 -8.45386 -1.06964 -9.7675 8.54738 -0.986518 -8.74651 6.63388 -0.942685 3.88954 10
-2.379 -6.88241 -2.17221 -6.50197 5.91664 -6.08991 -8.98966 5.05368 2.90633 3.51618 10
-1.70976 -9.4914 -1.01461 -8.65598 11.0543 -4.28568 -8.15868 2.93344 -1.90299 5.33719 10
2.0826 -7.26201 0.275845 -6.40002 9.68066 -0.248591 -9.48398 11.0433 0.343143 2.02445 10
0.652972 -9.52545 0.0625251 -12.7194 12.4538 -3.52367 -6.04987 7.635 3.38459 0.70215 10
-0.665296 -6.41758 -0.330604 -6.17417 7.47891 -4.88275 -7.50254 8.8527 0.781121 0.819252 10
-1.36067 -11.2963 -4.46239 -8.41452 7.33823 -2.27096 -7.76009 7.79477 -3.72069 1.47007 10
-1.75256 -6.51031 3.70216 -6.40953 8.98296 -3.94309 -7.06622 5.40507 -3.22029 4.2486 10
-3.50918 -4.69027 2.89505 -13.4277 10.0968 -2.83865 -8.16166 9.98656 3.00649 1.0046 10
-3.78796 -6.0427 -1.69761 -8.35629 1.34546 -4.75724 -10.0165 4.91153 -1.45845 2.58507 10
-1.36264 -6.92794 -2.49238 -3.70952 3.80213 -3.04161 -6.83643 8.37487 -5.1095 3.18881 10
-1.75886 -7.13126 -0.492291 -5.86635 3.32227 -0.995783 -7.95123 6.97581 1.97799 4.62366 10
-1.09317 -6.22756 -1.15711 -10.0666 5.95507 -2.97142 -9.04187 8.52971 3.39493 2.27228 10
-1.47723 -7.14421 -0.303297 -5.66564 11.1562 -7.27075 -8.37579 7.98457 -3.15029 3.5561 10
1.83797 -8.74769 -3.8936 -10.0916 7.41543 -2.70013 -10.7946 8.13299 1.54888 5.82126 10
-2.31148 -7.4594 -0.453557 -6.65303 7.1404 -5.70846 -7.3489 4.69109 -1.53078 4.69273 10
-3.11888 -6.76525 2.26455 -7.44584 4.54093 -2.08883 -7.18018 9.26625 3.70484 1.1666 10
-2.48344 -9.33747 -3.00388 -6.31302 5.26668 -1.74851 -10.2647 6.73102 -2.02641 2.77124 10
1.95459 -8.02335 -1.64677 -5.83257 6.60013 -3.32276 -7.53738 8.01939 -3.52366 5.43515 10
-0.202031 -7.5106 -1.99314 -9.14185 5.84235 -4.04625 -4.7949 8.45322 1.20754 2.22292 10
-0.433236 -8.10057 -4.12463 -7.1414 7.41293 -3.5089 -4.80624 7.66543 0.108812 3.54782 10
1.33391 -8.52301 -1.42782 -4.27681 4.27881 -1.75271 -7.04847 7.42657 -2.57548 5.02379 10
-3.71529 -7.82417 -2.5588 -8.89582 6.47729 -1.05249 -9.48526 7.89757 -1.67938 2.32356 10
-3.23668 -7.02179 -1.04814 -9.77205 6.45072 -6.80768 -6.28109 4.66678 5.41084 2.86144 10
3.95861 -6.94966 0.332421 -8.84668 5.04159 -0.275495 -12.4943 10.3193 -0.0573576 2.34663 10
-1.63662 -6.66059 -0.290729 -9.75882 5.96509 -1.34829 -10.6904 5.88229 -1.93782 1.82132 10
-0.772119 -7.17399 -1.32006 -9.06788 8.34211 0.78247 -4.9027 8.87826 0.438361 1.79623 10
-3.21927 -6.95764 3.90946 -7.34687 11.7401 -2.51245 -6.71918 6.94005 0.334271 0.841263 10
-0.0394799 -8.1958 -1.99225 -6.57263 9.74016 -3.9695 -7.77439 10.1721 -3.46423 4.80656 10
0.97548 -6.81535 -0.146775 -7.12778 6.18987 -4.8675 -6.21588 9.45866 -0.229017 2.12235 10
-0.377429 -10.3725 -4.62089 -6.91426 7.11584 1.50087 -10.3722 6.22357 -2.98198 3.89885 10
0.217576 -10.3466 -0.758956 -8.43017 7.272 -2.10715 -9.0941 5.77793 0.253196 0.303134 10
-1.60376 -8.01019 -4.05955 -6.12522 7.3333 -1.8586 -7.55222 7.42034 -1.38652 4.59862 10
0.140982 -8.00034 1.75545 -7.60508 3.40669 -0.705634 -11.3677 8.57368 -0.395347 1.76884 10
-0.912367 -7.87653 -0.64144 -5.75728 8.95646 -0.470218 -9.39857 7.67572 -1.31823 1.409 10
-2.8085 -6.39362 -2.55782 -5.79041 10.0204 -3.88419 -8.2216 6.39048 -5.76342 3.35391 10
1.6089 -8.31768 0.539838 -10.6504 6.00589 -6.61248 -6.19186 6.01831 1.03789 1.89863 10
-0.369483 -6.95111 -3.41788 -6.49898 10.6373 0.0803651 -7.71131 6.08467 2.21149 1.58397 10
1.85931 -9.08591 -0.573747 -7.10002 7.62837 -0.941677 -6.26399 5.87763 -4.28204 3.14279 10
-0.907194 -6.82896 1.41725 -7.12694 9.42778 -4.06265 -9.56928 8.57265 -4.5597 4.47262 10
-1.15362 -4.90324 -0.474601 -6.76352 4.86646 -4.82108 -10.1303 8.8977 0.00227492 0.749705 10
0.840618 -6.80641 0.0440358 -10.7406 4.78452 -3.07078 -6.47289 6.96486 -1.91843 2.27575 10
-0.488068 -7.3774 -0.159396 -3.4494 6.7939 -0.167944 -7.20598 7.81815 1.54996 2.40097 10
0.411251 -9.14209 -2.66382 -6.85312 6.38341 -0.371107 -10.6085 7.86245 -2.8085 2.73132 10
1.06266 -10.0584 -2.55192 -8.87101 4.81828 -2.73153 -7.56216 5.30959 -1.60298 5.10918 10
-0.205639 -6.93277 -3.0582 -7.48378 7.24625 -4.69689 -6.62318 10.8127 -1.49091 4.43856 10
-2.06808 -6.56844 0.6218 -7.39874 4.62276 -2.28905 -6.39235 6.14109 -2.86984 3.4255 10
-1.48645 -7.78966 -0.260789 -8.06578 5.74071 -2.85322 -9.56556 4.08293 -1.32644 1.73487 10
-3.56295 -9.8016 2.28768 -4.84651 1.15248 -0.700731 -11.7043 6.29397 0.247496 1.61193 10
-5.18783 -8.71242 0.522229 -4.89251 10.3987 0.0322141 -7.5593 6.66236 0.123222 5.37169 10
5.9539 6.32041 5.76759 6.29322 -3.45771 5.08084 -5.46432 7.28441 -9.7742 -0.364689 11
6.48702 5.21749 3.26154 5.50543 -0.518308 5.99342 -1.97463 9.70359 -13.91 1.308 11
10.3307 7.80174 6.43602 2.89909 -5.83431 5.26959 -5.40263 4.37518 -6.85221 -0.457087 11
4.33475 9.8449 1.85105 4.7238 -0.699724 4.5477 -5.09353 8.61682 -8.13482 1.07679 11
7.46066 11.8376 5.4822 5.14876 0.777211 6.99829 -3.12061 9.29946 -12.1226 4.31355 11
4.78072 11.4781 5.36535 5.56301 -3.57818 5.86374 -3.28646 7.83642 -7.15163 1.44309 11
6.65012 13.6925 1.05512 3.31423 -5.71126 4.1884 -5.82032 8.03385 -6.46614 3.48016 11
5.83495 8.56382 3.59678 6.65157 -0.965546 4.06182 -6.38673 6.98059 -9.55956 -0.935071 11
7.47208 9.05296 5.30045 4.38625 -5.4783 3.87552 -5.09802 8.29916 -8.63935 -3.52152 11
6.56991 11.0573 6.88739 5.47406 -2.33986 7.30924 -5.38208 2.58148 -13.6303 -0.387518 11
7.44483 9.12104 6.75569 1.3989 1.51261 8.74182 -4.83927 6.60516 -11.1849 0.733164 11
9.6393 14.4971 4.17154 3.1244 -3.6457 7.78275 -3.99056 6.13346 -12.6961 1.30347 11
6.62485 9.67708 7.74126 4.78684 -2.11227 5.1725 -5.84694 9.32367 -9.12378 3.01031 11
5.49567 11.9641 3.73349 7.2324 -3.38424 4.09605 -7.7091 4.33467 -10.2146 -1.53602 11
5.27483 10.698 4.74151 9.65756 -2.36778 7.13776 -1.44657 4.05451 -13.3177 -0.76111 11
5.47382 14.8996 2.25131 6.06288 -3.63862 5.25885 -5.33678 7.7381 -8.75666 1.59972 11
7.55973 6.58517 2.47444 5.45333 -6.41654 5.81769 -7.09973 6.70598 -9.49376 -1.28622 11
5.91211 11.1102 8.12432 5.48627 -1.2214 8.61663 -5.58616 8.26015 -9.53077 0.616238 11
8.21417 12.3079 9.01142 3.99844 -5.81009 6.83205 -4.6086 5.64347 -6.92437 -1.0445 11
4.39742 8.80496 6.95523 3.72967 -4.45969 4.13022 -3.1635 7.34349 -5.92412 -1.80176 11
6.73544 13.9617 9.37566 6.42897 -0.39276 6.57706 -5.26494 8.70287 -12.8805 1.53633 11
5.22664 6.44639 3.76138 4.5917 -1.97312 5.19886 -7.19752 7.5384 -10.8449 0.557059 11
8.73496 12.616 9.84377 2.24844 1.54438 6.93548 -7.45714 9.38042 -10.3516 -0.436746 11
7.44085 7.7828 5.68924 5.54405 -0.582203 5.54762 -6.11509 3.70834 -13.5215 0.509431 11
6.9709 13.0613 9.55504 7.52685 0.569323 6.69621 -5.52704 4.92687 -7.20487 0.371536 11
4.37029 6.12827 8.45953 6.82906 -6.49044 5.67803 -6.92844 5.62919 -12.3112 -4.2791 11
9.77778 9.67638 6.17039 4.88807 -0.841106 5.70055 -5.34306 4.11945 -10.4225 -1.45526 11
3.78648 8.64475 5.06137 7.12159 -1.67352 6.85907 -4.46454 8.17189 -8.74559 1.02568 11
6.26067 9.6105 3.79799 2.81195 -8.63945 3.9608 -4.51457 5.71725 -10.3222 0.264068 11
6.79608 10.3259 4.56398 2.45288 -2.07916 5.025 -1.32611 8.92601 -11.9753 0.652516 11
6.85098 9.10113 5.76655 7.19127 -4.39711 7.11414 -6.48476 4.88063 -9.92374 -2.99897 11
8.50429 10.1197 7.77013 5.77613 -0.11452 4.64761 -7.07916 6.20001 -6.62158 0.238166 11
3.51499 13.8769 5.38929 7.95797 0.638884 6.32397 -3.64888 7.37674 -13.6217 1.04467 11
8.09498 11.1657 6.46231 5.08178 -5.29016 4.50646 -5.35857 4.02399 -9.63599 0.593479 11
8.18341 10.378 6.45292 3.27114 0.31498 3.72975 -4.96665 10.6234 -5.87089 -0.335466 11
3.95178 11.2475 5.7633 7.1836 -0.746235 6.8726 -7.46767 8.62686 -8.68337 -0.339619 11
5.09206 10.3553 2.20968 5.85105 -2.87655 3.0092 -8.48894 7.53502 -8.59839 -0.872429 11
6.28057 5.86587 2.67555 4.42886 -1.76602 6.09205 -6.69988 7.8219 -8.76885 -0.526525 11
6.12337 9.1696 8.85235 5.85947 -0.882748 5.36212 -4.67894 8.97423 -12.6953 -0.123313 11
7.91254 14.0556 4.3181 6.72022 -3.29229 3.50436 -7.2022 7.69045 -11.5368 0.432896 11
8.46357 2.7994 10.346 4.18555 -0.537466 5.17824 -2.24155 8.30276 -10.3315 0.858182 11
7.78796 5.66562 2.15048 5.08685 -0.742662 8.18373 -5.02676 7.57442 -11.0782 0.16704 11
4.323 12.4736 9.66919 8.73256 -1.38242 4.80654 -4.08897 6.15355 -11.0597 0.401539 11
8.11459 11.1731 5.15194 3.5787 -7.51487 8.15821 -7.16064 6.82932 -13.8118 1.52642 11
4.71814 9.10241 3.672 6.81739 -4.11136 2.0524 -3.60099 8.50648 -10.233 -0.407622 11
8.7803 11.0973 5.46824 4.42289 1.90794 6.72156 -9.79096 10.6342 -7.09126 2.66482 11
6.64631 9.66738 5.14635 4.12443 0.395438 10.8036 -4.90271 8.42044 -7.59967 -1.66042 11
7.82787 10.4091 11.2309 5.77252 -3.80601 1.33764 -5.31832 8.25336 -5.57196 1.23039 11
8.89118 10.1419 6.01636 6.00415 -1.10075 7.94324 -4.75472 5.50887 -10.7372 0.0868274 11
8.22988 13.0249 2.77253 4.77068 -5.42947 6.09603 -6.04166 5.61062 -10.1504 -1.70819 11
6.97333 14.171 5.30609 6.44796 -3.59696 6.58807 -5.73743 6.33398 -13.2593 -0.744011 11
8.52668 11.3686 2.14125 3.4032 -4.32047 5.29935 -5.74642 9.96898 -8.22647 0.329126 11
8.18311 13.7133 8.50664 5.12156 1.49532 6.99388 -5.68396 11.4071 -6.51347 -1.83579 11
5.79942 12.0438 2.93921 6.76208 -4.72722 4.06913 -6.40737 6.31913 -8.55213 1.00192 11
4.77267 13.3684 5.19693 3.74783 -0.390698 7.76155 -5.16965 5.29944 -11.2094 0.0572377 11
6.43691 12.7347 6.25197 7.15704 -1.90051 5.3708 -5.92896 6.31868 -10.1995 -0.820486 11
6.06664 10.3492 5.54354 5.47269 -1.78403 6.26 -6.98343 8.24729 -8.10519 0.840722 11
6.0517 6.35047 4.12399 7.15456 -4.15053 2.94653 -7.17401 3.88646 -10.8117 2.02529 11
0.213684 -1.59815 -4.27304 8.58265 2.57769 0.534306 3.72395 -4.77807 -0.792878 -9.26655 12
0.916856 -0.740542 -5.2812 3.42161 2.61195 -1.69316 6.65082 1.34572 1.29734 -8.5555 12
2.34602 -2.6765 -3.95044 7.20922 9.53185 2.51059 2.90734 -2.91928 -0.755674 -4.19721 12
0.256152 3.02125 0.600879 8.02389 5.11097 2.49105 3.18045 -3.69617 1.56082 -6.88303 12
3.94168 -2.60154 -6.14955 5.85274 7.80474 -1.47762 5.77523 -3.60144 3.11223 -5.34247 12
0.914549 1.9109 -5.16351 6.41058 4.86195 -0.435684 3.77384 -1.46622 1.31877 -6.18582 12
1.66073 -2.06648 -5.5873 6.01617 6.6986 2.44455 6.72608 -0.963847 1.6897 -9.12784 12
2.85548 -1.81187 -6.05226 4.10777 3.80754 0.679483 1.8454 -3.87361 -1.15717 -6.71274 12
2.4043 -2.14346 -5.1769 5.21997 5.02231 0.765511 5.76944 -4.34816 0.0796754 -5.38068 12
1.71128 0.145484 -7.26961 5.92012 4.6067 0.692087 2.34892 -5.29365 3.76734 -10.3538 12
4.47696 -2.48419 -5.505 6.35067 6.20394 1.43872 2.35693 -4.78364 2.89212 -6.51005 12
2.87016 3.97003 -2.48792 4.90153 3.07985 -2.49575 0.437925 1.14757 -2.98358 -6.6707 12
1.71905 1.03225 -5.23671 6.64851 6.60029 -0.913158 2.90654 -2.1009 -0.260884 -6.43337 12
1.78184 -4.07645 -5.49371 9.31737 7.7489 0.527263 1.42302 -2.70094 1.85757 -4.05386 12
0.299788 2.29008 -6.25055 4.13281 5.34029 -1.90252 3.7571 -2.28296 2.18504 -7.32152 12
3.54608 2.54649 -4.49405 4.81244 7.98928 -0.775677 4.42259 -1.94007 0.382368 -4.50688 12
1.83718 7.14176 -2.87164 9.59176 9.61622 1.16477 2.54515 -2.15594 -0.170551 -8.28443 12
3.86359 2.95397 -3.71947 3.39869 8.15657 2.7016 6.95287 -4.08727 2.59297 -6.18556 12
1.30048 1.23576 -5.31247 5.60747 6.13119 0.618449 4.67954 -2.27414 -0.112808 -7.72411 12
1.55134 0.219626 -5.47861 6.26063 5.77295 4.20284 2.69539 2.26416 0.201734 -9.33974 12
2.07961 -2.30076 -4.46814 6.57679 7.2295 -0.92644 3.04175 -1.92257 3.06299 -8.48705 12
0.51494 -4.88857 -4.05527 7.64894 5.51748 3.12285 2.04948 -1.86627 -0.391481 -6.85563 12
1.4143 0.258662 -3.16043 5.83701 5.11662 -0.0656269 5.55802 -5.23796 1.01231 -6.33728 12
4.55328 -0.268077 -4.57131 7.82371 5.47682 -0.468503 0.46135 -2.44433 0.0275818 -7.40509 12
3.10859 -1.73148 -5.50037 7.91347 3.65817 0.531831 0.272715 -2.81514 -1.54611 -5.02421 12
6.97948 -6.09203 8.02867 4.53401 2.0653 -6.58212 2.20281 7.77495 6.92356 8.94444 13
6.99241 -5.55235 9.1836 5.6193 -2.16356 -8.03072 7.30555 7.71873 12.3128 6.99699 13
4.18468 -5.93283 8.43303 9.89435 4.97275 -3.07058 4.80163 5.84742 9.11886 10.6198 13
6.02189 -5.59046 7.31085 13.1657 3.57949 -8.007 7.06763 8.98757 6.24382 11.1881 13
3.53248 -3.19268 7.46911 11.8663 -2.10849 -11.5604 6.2747 2.84911 2.99199 11.2786 13
6.78069 -6.43262 8.59034 8.08699 2.03187 -7.41361 4.86848 7.48196 10.6996 10.3027 13
7.24718 -10.1784 11.255 7.79179 -3.07766 -7.84984 9.24214 8.49487 8.3727 9.4478 13
9.75247 -4.52254 8.40178 10.8655 3.03917 -6.95354 3.2038 4.90229 8.46601 11.3265 13
6.46195 -7.30156 7.89348 13.4844 -3.04276 -8.55858 10.6816 4.35028 6.95394 11.0105 13
8.22056 -7.06824 7.33915 6.61973 2.94064 -8.91547 6.01153 7.17692 6.70133 9.8461 13
8.68346 -3.49262 8.45607 5.91397 3.70272 -8.01245 5.23898 1.26709 8.3269 9.31075 13
5.06925 -7.79165 7.03241 8.26632 -1.51462 -8.11405 8.7272 6.5519 5.828 6.66109 13
6.01775 -6.52413 8.81774 10.5528 0.891798 -7.5325 6.05083 8.22421 5.48718 11.4607 13
4.43931 -6.08249 9.75187 6.4503 3.16466 -2.95806 5.57245 1.93561 2.6623 8.17077 13
6.85577 -7.10637 6.8196 10.2425 2.63596 -8.24541 4.73927 1.74836 8.26188 15.0733 13
7.01336 -5.53983 13.0666 8.18891 2.2551 -5.39782 4.38059 5.054 8.75873 8.87226 13
6.86221 -5.76727 8.40664 8.28692 5.24876 -1.08848 4.58729 3.04004 6.06138 15.2726 13
5.07831 -7.08916 10.6712 15.5365 0.863544 -4.77168 5.50852 -0.865351 4.5653 8.04232 13
10.4979 -5.97984 9.25061 8.82081 -1.11776 -5.82129 8.1639 3.92122 8.1543 11.7842 13
5.26481 -7.33152 8.32709 15.5936 3.32795 -3.83734 5.97059 4.16813 6.9984 14.7714 13
7.93832 -4.28984 5.8301 11.1446 1.51412 -8.98873 4.89747 5.37763 4.76184 9.27717 13
3.3033 -9.82571 8.4243 17.1274 -1.28312 -4.91506 6.14884 5.34126 7.70713 8.90668 13
3.86733 -6.2877 7.93642 11.4518 3.58371 -7.69493 9.68438 10.4164 6.16524 9.77254 13
4.67555 -4.73179 8.09241 12.4758 3.47463 -5.4864 4.17391 6.51017 7.91595 11.1424 13
8.05285 -4.1318 6.90246 12.9749 7.19807 -3.94913 5.21687 7.39524 10.9742 8.97643 13
5.07998 -8.93565 10.8259 9.63469 0.455235 -7.0003 8.67477 6.91459 7.45766 10.7127 13
4.70338 -5.53711 8.29827 9.49309 2.32618 -9.57894 7.46493 7.56487 6.82726 8.36359 13
4.66735 -4.139 9.93773 12.3829 -0.241399 -7.03999 2.36523 6.64256 6.63161 10.8465 13
5.21372 -7.56488 8.51087 6.21383 1.54928 -3.0562 2.71906 0.799787 7.69795 10.7258 13
4.5039 -7.64801 6.54591 8.31912 4.0101 -4.44197 10.0286 2.42692 5.01077 10.9099 13
3.08192 -6.75503 10.3238 10.0383 4.16032 -6.01878 7.81361 2.04201 7.42444 12.5273 13
8.13493 -5.00739 9.66253 6.05894 0.354567 -7.59517 10.0742 6.38154 5.97305 10.322 13
6.904 -5.60594 7.25036 9.28807 1.55116 -11.5019 7.53882 11.0756 9.94343 10.738 13
6.55007 -12.3275 10.4907 6.47538 1.8552 -7.11491 7.17013 7.37733 3.72306 11.3558 13
8.90122 -7.60048 12.0991 9.06049 -2.52461 -9.68125 8.4056 5.89408 10.3518 7.36503 13
4.28217 -7.38764 8.97091 6.29764 -0.797302 -10.671 7.50736 4.89809 4.61735 9.44117 13
8.92243 -7.3701 9.54733 7.91029 1.68261 -6.38821 6.9652 7.86579 5.99527 11.179 13
6.3477 -5.68698 11.4294 11.4448 0.919468 -6.83934 6.97114 -0.771446 2.54306 12.124 13
5.57558 -8.31776 6.21105 9.21074 -0.537897 -6.25981 5.17534 -0.106449 5.09558 9.37323 13
6.6798 -2.54399 7.45583 10.2194 0.653477 -10.4265 7.47157 7.80753 9.88202 12.8138 13
7.10578 -4.91614 8.40198 10.8164 3.82782 -6.21182 6.25709 3.95438 4.98504 9.64836 13
6.27606 -9.55721 9.56648 9.64761 1.36743 -4.28034 8.84796 8.18484 9.083 10.7672 13
4.55782 -8.14658 7.3562 9.57911 3.03303 -7.24567 4.09773 6.41139 6.27919 8.61555 13
8.88213 -6.34872 6.77869 10.902 1.88429 -8.32477 6.26785 3.39923 5.22955 8.77425 13
7.05374 -5.41658 8.21901 9.60027 5.46385 -6.25239 3.93469 2.9849 3.33947 9.65981 13
6.33684 -10.0579 11.1033 5.30786 -2.49702 -9.18627 10.3334 4.03655 7.93654 7.50772 13
6.96721 -8.29139 11.2146 11.629 0.835556 -7.35579 5.90378 2.61444 4.98862 9.73641 13
7.28294 -6.41593 8.10562 6.70803 3.27841 -12.166 6.12842 4.12728 4.87881 7.85437 13
7.33452 -12.1754 8.59573 10.8265 2.53026 -7.22854 9.84862 6.69887 8.97521 11.4596 13
4.22515 -8.49777 11.6704 5.87124 0.280495 -5.43466 4.35606 6.4115 10.618 10.5925 13
6.99144 -5.65399 7.93914 8.08927 0.17482 -3.48692 6.9849 5.33406 7.32431 8.66315 13
8.25022 -6.88348 7.0923 9.24011 2.25174 -5.37211 9.12082 5.27837 8.52289 9.5891 13
1.64111 -8.57205 10.3339 10.546 -0.841389 -6.74498 3.0012 3.93408 6.5183 9.24859 13
7.96165 -8.16091 8.08324 10.4916 -0.483927 -4.0564 8.31075 0.661551 5.05312 9.80376 13
5.99512 -9.47742 11.0338 12.2994 1.63876 -9.19333 8.74462 2.09264 11.8665 11.8384 13
3.98121 -2.83682 7.14823 8.81357 2.52143 -9.7052 6.5379 4.75295 7.48727 9.63302 13
7.65299 -3.44435 1.0355 7.12287 -4.19806 8.97498 -10.1065 10.4606 -11.8536 -9.21788 14
10.6437 -0.467126 2.80049 5.83003 -3.21204 9.87203 -9.70397 9.14555 -7.60441 -7.52705 14
11.492 2.57373 4.09091 5.52974 -6.62676 13.3485 -10.2956 10.5795 -9.68164 -13.4442 14
10.8045 -2.04884 9.0648 11.0409 -8.44164 12.1268 -9.21125 9.52487 -4.65552 -10.9693 14
7.98942 0.827243 5.20565 9.45909 -7.86104 7.60768 -10.1304 10.6612 -6.51761 -8.76602 14
11.1629 -5.17421 5.78592 12.8217 -5.4585 4.93853 -9.58257 10.5472 -7.52206 -5.63379 14
8.78229 1.68603 5.19844 11.4344 -6.65414 7.57231 -10.6848 8.82152 -12.773 -9.4765 14
8.22268 -1.08082 6.28429 10.7237 -8.14396 7.61296 -13.4968 13.5414 -13.2456 -10.3354 14
7.18429 -0.800582 3.08888 7.2299 -8.15646 7.64228 -7.66593 10.2015 -14.3547 -10.1907 14
4.00152 -2.02887 2.55251 6.83585 -6.58822 10.9326 -8.36727 14.3356 -12.3339 -6.0016 14
8.68219 2.42703 3.40882 7.32458 -5.79909 9.56228 -12.1298 8.64902 -11.7588 -10.0768 14
13.5672 3.13603 4.50951 10.0944 -5.02322 11.9999 -9.29666 7.1524 -11.0753 -10.9571 14
9.37226 -0.430112 3.63422 10.589 -6.02011 7.73701 -7.88693 9.71406 -11.3161 -9.09556 14
12.3947 3.70241 4.00904 7.77395 -10.3018 6.96554 -9.30723 6.40124 -12.0151 -7.332 14
5.66776 2.19689 3.05617 6.96861 -8.5872 12.7709 -10.3606 7.57641 -13.263 -9.85942 14
12.0256 3.394 2.17272 8.62026 -6.66999 8.66768 -11.3959 9.09189 -7.074 -10.6273 14
10.9274 2.96763 4.78144 7.8258 -8.65886 8.04108 -10.9957 10.0647 -10.123 -10.4716 14
10.685 1.33255 6.89303 10.9687 -8.30644 8.80597 -10.1776 6.42202 -11.3352 -13.8463 14
7.15385 0.643239 3.4951 9.02666 -7.07913 9.49905 -9.70817 8.29414 -10.9524 -10.2863 14
7.25208 -2.36867 3.39245 5.78048 -9.2026 14.459 -6.58394 12.1887 -12.5748 -12.2968 14
10.381 -2.51787 2.21512 3.05349 -8.41722 8.00211 -9.00974 10.1342 -10.1453 -5.08293 14
8.35536 0.235549 5.2061 9.32461 -8.90525 9.97709 -9.83713 9.57244 -11.1173 -7.18459 14
8.2289 2.19429 5.18114 8.39166 -8.84762 8.90268 -11.0931 10.7251 -9.8015 -9.58634 14
8.81968 2.442 3.77281 8.62488 -4.69533 10.4433 -9.32461 9.20013 -11.5963 -8.44865 14
8.14238 -1.48196 2.63417 9.4152 -9.86547 8.29764 -11.5552 6.06535 -7.22893 -10.3232 14
11.3215 0.752809 2.05307 11.6155 -5.87258 8.54165 -7.51572 10.0444 -9.93062 -7.34324 14
7.2669 1.98598 9.84998 9.45261 -9.25871 11.9323 -10.089 7.57652 -8.04314 -10.4172 14
10.6518 0.356097 2.36338 7.26121 -8.3104 8.82588 -11.5375 11.008 -13.5715 -8.8424 14
4.4999 0.255037 2.06204 6.80769 -8.13197 13.2345 -8.64267 13.8797 -8.89201 -7.4885 14
8.05979 1.06378 1.86882 10.4563 -8.14466 9.0547 -9.0484 12.3145 -11.8681 -4.18642 14
9.68911 -1.01473 3.63531 10.1116 -4.9718 12.8314 -10.7351 7.50081 -9.69605 -10.8215 14
7.1132 2.24293 2.99167 10.3473 -7.08611 11.3727 -5.87735 9.68307 -11.0074 -8.35805 14
11.1873 4.01876 3.15619 3.66379 -6.64141 10.8483 -5.2368 6.92461 -9.77972 -7.62654 14
7.51261 1.59596 1.03139 7.8906 -5.84585 8.35059 -12.325 11.2532 -10.1119 -10.4068 14
10.6614 4.02656 6.82318 4.91584 -4.62838 11.2315 -9.71737 8.30943 -11.6774 -10.3602 14
9.57547 -0.51156 4.46766 12.5287 -8.16129 9.63191 -4.76444 10.5318 -12.5479 -12.1503 14
8.36373 0.449033 2.50547 4.21077 -9.20981 9.94056 -7.31109 7.77761 -8.29563 -9.93682 14
10.5572 0.256615 2.01986 10.7132 -6.54867 10.6993 -9.2933 9.99236 -11.8094 -11.1879 14
8.94537 -2.46286 5.35533 5.08125 -9.93722 9.9149 -5.81503 9.81494 -8.69047 -6.47582 14
10.3999 -1.89759 1.14153 7.61171 -7.85087 9.35539 -8.45581 8.25903 -11.305 -9.39244 14
9.80517 1.76518 4.10081 8.96281 -7.84563 9.85581 -8.68721 6.78339 -8.76506 -9.83705 14
8.77777 -2.12427 5.05094 7.19031 -5.37452 12.0072 -8.52124 10.5294 -10.3828 -10.1021 14
8.71521 2.17117 5.43119 9.06113 -11.7079 6.96028 -7.52659 8.08887 -6.26564 -8.5197 14
5.90282 1.39169 5.07624 5.01413 -8.87801 11.4461 -8.96623 11.0209 -10.1041 -11.2089 14
9.07898 -2.83518 8.37055 5.7619 -9.82933 9.41268 -7.84364 7.10968 -9.17165 -10.8282 14
7.50634 5.45215 7.04095 9.16349 -6.09795 8.53112 -9.35233 10.1809 -13.5922 -14.1225 14
8.41435 -0.626785 4.923 11.3231 -8.38806 8.947 -8.0697 11.1407 -8.76009 -10.5683 14
10.4355 2.11608 0.599424 3.23562 -6.78193 9.33846 -8.92616 8.01082 -9.77791 -8.52408 14
9.54434 6.79043 1.48869 5.97875 -9.18665 9.43694 -9.98178 8.02266 -9.96465 -9.76103 14
8.82326 3.54503 3.48342 6.77803 -9.59192 5.91702 -10.6384 10.9302 -12.7927 -12.7026 14
10.8925 -0.557665 5.54643 7.13776 -5.46201 9.75912 -10.6492 10.572 -9.82407 -10.701 14
10.7773 4.00044 5.83553 1.92132 -5.70341 8.85928 -10.9263 7.48271 -10.4712 -10.3515 14
5.60435 -1.2391 10.0347 12.6988 -8.32926 8.85122 -13.5047 10.4976 -9.78835 -8.96803 14
8.11597 -0.870889 2.35697 10.3676 -8.70059 12.1457 -7.64251 10.1249 -13.7545 -6.65681 14
12.079 1.98073 3.22435 10.1165 -6.44866 10.5215 -7.09881 7.5047 -10.7219 -8.30039 14
10.662 0.227631 3.54103 8.577 -7.99577 10.4245 -6.26213 11.457 -6.45457 -7.71894 14
9.93242 6.1984 4.29763 4.54511 -7.44896 10.6866 -8.59759 9.71437 -14.2677 -9.2809 14
10.4571 1.23845 3.01578 5.7501 -6.20199 7.99269 -10.4624 7.20826 -4.40931 -8.27748 14
9.12926 0.539771 2.36319 8.27512 -8.24276 8.44726 -8.08748 11.0847 -9.41437 -5.06037 14
10.9837 0.0919746 1.74738 9.80377 -9.21329 11.3027 -10.4041 10.5166 -9.54533 -10.8889 14
7.99249 0.828514 6.04002 -7.25525 -3.22709 7.89925 2.32243 7.89209 -2.0482 -3.98313 15
6.49151 2.23407 3.58766 -9.09876 -2.97808 11.0802 3.85964 5.35018 -5.99178 -2.71993 15
9.38319 0.786814 1.7781 -6.79861 -3.7739 10.02 5.94248 5.26067 -3.49143 -2.90422 15
5.00967 -0.39289 6.51513 -9.98312 -2.00215 10.4226 5.84752 5.44951 -5.57314 -5.49316 15
10.0112 -0.854376 2.02338 -3.34384 -5.49131 10.1433 6.42375 7.22939 -4.23513 -5.47127 15
5.60775 1.5501 9.0401 -5.77263 -2.97789 9.35272 7.60198 10.6123 -4.08427 -5.79703 15
6.55217 -2.14553 6.76233 -6.30092 -2.23755 6.20298 0.992471 3.78923 -5.18141 -4.11302 15
6.06329 1.58897 3.0537 -4.64541 -1.88114 9.92536 3.3701 2.72321 -7.10888 -2.39415 15
8.15825 -1.05817 7.43647 -4.50909 -3.84683 6.04988 3.58748 4.70187 -7.14966 -3.34962 15
8.13008 -5.70542 5.26909 -5.80422 -3.01768 6.0012 5.29712 9.04833 -5.60353 -2.24949 15
5.53146 -3.39983 8.44848 -6.08064 -3.41696 5.50229 -1.76165 6.90857 -5.31419 -5.76598 15
9.9614 -1.17774 4.072 -1.45754 -4.16705 7.31942 3.01576 6.90648 -6.73512 -4.76379 15
6.39877 -1.11562 8.90152 -6.51992 -3.84988 9.33493 2.14439 3.4414 -3.6666 -2.9367 15
9.80203 -0.221014 5.18336 -5.23015 -2.47905 10.8167 2.49769 2.81229 -2.63484 -2.94271 15
2.15392 0.676132 4.67475 -3.53603 -4.17375 13.487 4.86689 6.99386 -1.97137 -0.16655 15
5.60142 4.58953 6.16377 -4.19763 -2.89549 5.91928 4.04779 3.57297 -3.53964 -3.12783 15
10.079 1.95972 4.35225 -8.65911 -5.83271 9.35695 5.61729 5.14819 -5.17798 -8.4717 15
4.62459 0.771189 6.92053 -9.8923 -3.07789 11.0096 2.97238 6.65032 -3.62008 -2.98427 15
8.39997 -0.938575 2.13621 -7.73412 -6.19338 10.3787 6.90823 6.84737 -2.86837 -5.52346 15
6.395 -2.72774 4.58146 -3.64133 -2.26838 5.59651 1.36454 4.80846 -2.42789 -5.6131 15
6.57448 0.845436 5.27702 -4.2114 -1.86654 7.67838 7.19434 6.19803 -0.950865 -3.57558 15
7.90449 -0.491537 4.40409 -4.95017 -3.12803 9.91478 0.307036 6.40877 -2.1196 -5.22138 15
4.63751 0.768613 4.58068 -8.37532 -2.15425 7.26883 2.9515 3.37738 -6.14887 -3.51934 15
5.43437 -2.05462 7.68159 -2.63171 -4.01989 8.35697 7.79213 3.49531 -5.39396 -2.98814 15
7.87718 -1.58801 6.75671 -7.83809 -1.05438 7.60843 6.07923 9.03576 -7.09081 -8.58053 15
1.20582 -5.46356 10.218 -5.46957 2.95976 5.5403 -8.51526 -6.12788 8.19964 -1.26387 16
-2.29559 -2.3717 8.81329 -4.37909 1.70948 2.57103 -6.37351 -10.6743 3.74163 -6.95485 16
-3.25206 -4.36861 7.73429 -3.73251 2.23482 4.47741 -6.23152 -8.14465 3.30191 -1.41021 16
0.528215 -1.72069 5.92814 -3.24293 5.21838 5.52152 -7.49827 -7.80661 9.569 -3.62317 16
-1.03287 -6.8745 6.38279 -4.66441 5.81693 6.23259 -8.06473 -8.69671 8.88934 -3.5456 16
0.710977 -3.65363 6.70619 -6.05999 3.31043 3.66054 -6.25745 -13.8095 9.765 -1.34977 16
0.0462046 -4.55054 5.54219 -2.40285 -0.0472339 2.55771 -4.728 -10.4917 13.1135 0.155418 16
1.4889 -3.829 6.19071 -2.14199 5.45883 8.52542 -7.72517 -10.1044 6.53282 -4.24814 16
1.33894 -1.76522 8.3656 -7.18074 5.36281 0.485794 -2.8956 -6.88725 10.5212 1.99763 16
-5.288 -4.49196 9.345 -5.47096 5.26206 4.89649 -5.86641 -5.38846 4.23019 -0.167787 16
0.0301134 -4.81182 9.51326 -5.92877 2.90698 8.09219 -7.49078 -10.7774 8.71657 -5.27017 16
0.851375 -2.49748 6.78333 -3.66646 7.17812 4.28394 -6.82506 -13.6983 6.23368 2.30913 16
0.417102 -3.55637 6.02483 -5.10959 8.76512 4.71578 -4.50548 -10.9331 5.14835 -0.84896 16
0.362385 -3.88677 10.9781 -5.12997 7.14319 4.37681 -7.76557 -8.20513 7.03537 -3.61574 16
1.00645 -6.56452 10.6078 -6.05017 8.40522 6.75699 -5.15811 -12.6162 8.334 -4.66973 16
-0.871661 -3.57955 8.67182 -1.56323 7.12155 6.65258 -5.21711 -7.11847 3.4118 -2.67197 16
-2.42511 -4.14498 5.12942 -3.17849 7.40042 4.93339 -3.7173 -7.20888 9.25702 -2.75391 16
-0.660246 -2.60634 9.22432 -1.58952 6.0027 5.10469 -4.99931 -13.817 10.601 0.934404 16
1.12294 -3.25313 7.00466 -2.55609 0.961188 5.42758 -6.50369 -5.49169 7.56692 -5.94214 16
-0.9965 -4.79984 4.90621 -7.22242 1.347 4.60986 -5.99545 -14.6392 8.13993 -11.3918 16
-3.20816 -5.08361 9.52676 -6.67863 3.35075 7.49307 -7.45955 -10.6974 5.44427 -0.8044 16
-0.385087 -5.11102 9.28162 -5.65502 2.85731 5.66741 -4.79858 -9.82085 4.80772 -2.69089 16
0.972954 -2.27661 6.12092 -0.218265 2.95223 3.07854 -5.39586 -13.4104 2.67697 -4.94069 16
1.28312 -5.04708 11.5919 -2.66014 6.17977 2.67559 -5.40484 -7.42487 8.63623 -4.63515 16
2.97143 -5.79044 7.28897 -7.76853 4.34883 0.560625 -7.27256 -9.29979 6.28068 -6.76316 16
-1.61591 -4.69019 9.09439 -1.18506 6.9738 6.6749 -3.94458 -10.9769 5.98292 -0.23576 16
0.575975 -2.25985 3.95083 -1.74172 4.77117 1.73784 -6.0374 -14.4329 7.44388 -3.20165 16
0.374534 -2.2843 5.5121 -1.70496 4.31528 3.17906 -6.18391 -9.82884 9.29331 -1.059 16
-0.122897 1.59717 10.5059 1.01371 2.87133 8.02243 -3.9677 -10.0139 5.1978 -4.03762 16
1.64193 -6.00947 7.53645 -6.25873 6.60188 3.72908 -5.56604 -8.94295 9.42315 -4.31806 16
1.75856 -4.18082 9.51331 -4.49953 5.54776 9.56872 -5.58872 -9.89539 8.05891 -1.18372 16
-0.762393 -3.73235 8.42278 -5.24994 4.77281 2.12229 -9.16 -5.47489 6.33328 -4.28086 16
-2.30585 -1.94216 9.48351 0.407924 6.78002 5.52085 -7.79291 -5.29094 8.45641 -0.153951 16
0.601787 -2.62135 7.39854 1.38466 8.59327 5.58023 -5.86638 -6.61562 10.3292 -5.02276 16
2.53618 -4.35435 6.66209 -3.18921 3.2497 5.9871 -6.7783 -7.39312 3.70746 -5.82785 16
0.0404804 -3.17234 9.0193 -2.46605 4.35998 1.11359 -7.73721 -10.5889 9.85154 0.428645 16
-2.05516 -5.26638 9.098 -1.98677 2.20924 3.62022 -6.46381 -13.0027 7.42772 5.16904 16
-0.850071 -5.70483 9.33304 -5.92893 6.25322 5.08278 -8.31762 -8.95668 6.67337 2.31583 16
-0.315996 1.02509 11.5368 -3.87883 4.39475 4.97837 -7.16067 -7.22703 13.1048 1.64648 16
-0.776217 -5.24902 10.4684 -2.49582 3.89859 7.28532 -6.25085 -13.2137 7.95528 -2.94157 16
-4.83078 -4.60376 5.21241 -4.79394 5.84435 0.791673 -6.3759 -9.85387 7.01035 2.34733 16
-4.9599 -7.8876 8.46241 6.95248 0.734362 -4.75097 0.51079 5.69344 -5.86184 2.14258 17
-6.10909 -7.18031 5.71061 5.83004 0.769725 -1.87646 4.01327 2.02834 -10.6576 0.226224 17
-6.1463 -8.24372 6.39385 9.66372 1.14341 -2.19536 1.06793 6.90992 -8.25104 0.434648 17
-6.64166 -4.19674 4.20257 8.7876 0.547267 -2.09836 1.94903 8.73324 -11.0774 2.24157 17
-8.41406 -7.2363 5.89354 10.1315 1.80517 -2.76358 1.23574 8.96267 -9.1686 7.12821 17
-3.58897 -8.03055 5.15508 8.37457 2.19137 -2.41707 3.36823 9.31529 -14.4306 0.821661 17
-7.21442 -6.44732 7.17187 10.588 -0.836857 0.494224 -0.249343 8.21382 -7.6279 3.24668 17
-12.1123 -7.79955 6.53168 8.87599 4.31709 -4.73896 1.11842 7.97515 -6.79643 0.193601 17
-7.71533 -9.1768 1.54472 6.17994 2.72575 -4.42007 3.15372 8.38406 -6.85568 -0.0693719 17
-3.75902 -9.73762 6.75569 8.10409 -1.57438 -0.264119 2.43608 8.14964 -8.62205 1.91722 17
-10.9386 -4.95038 3.67137 8.90929 -0.197487 -0.108174 2.61139 4.72503 -6.01308 -1.1771 17
-7.91345 -8.96108 3.69495 6.27983 -0.479859 -0.610057 4.16476 6.84188 -5.26926 -2.09375 17
-9.92046 -5.13546 7.29396 9.91653 4.61137 -3.88701 0.750944 7.75401 -9.92852 -0.660154 17
-8.95238 -1.4618 5.76294 8.53121 1.01647 -8.3403 2.51915 5.19645 -7.50031 0.807613 17
-6.65648 -10.8165 9.51296 9.16178 0.517198 -3.37152 -0.046726 7.12619 -6.82586 2.37976 17
-9.2382 -4.67304 6.20336 9.5947 -3.19639 -2.94074 1.81558 4.50493 -8.27328 0.855211 17
-7.67744 -5.15586 4.57606 7.37581 3.21929 -2.95639 0.205875 5.06586 -5.45158 3.8473 17
-12.5872 -6.22548 4.79141 9.60731 2.73165 -0.964254 0.869572 8.61084 -6.4357 1.82681 17
-7.90631 -6.41711 2.99945 8.09218 1.2703 -2.74857 2.10929 9.68428 -14.8079 2.8389 17
-8.32207 -2.48682 5.18204 6.75173 2.74397 -2.95141 0.193618 10.3297 -10.3928 -0.0597094 17
-5.81643 -6.56481 4.54464 10.3455 -0.685333 -3.22959 3.60232 7.64889 -11.3908 1.90711 17
-9.61435 -5.63393 5.992 9.89305 -1.59041 -3.45504 1.1438 9.34511 -8.65713 4.64041 17
-8.60933 -6.03542 3.95884 6.53016 0.698595 -0.399097 3.93497 7.23064 -10.825 -0.327812 17
-9.21466 -5.68237 4.54469 9.36712 1.02993 -1.02975 1.4844 8.26457 -10.7005 -1.53 17
-7.5844 -7.74942 3.8135 9.36981 -1.18867 -4.89803 2.46298 7.10978 -10.2781 1.5099 17
-10.803 -6.78458 3.53427 9.21367 0.927316 -4.20113 0.0863275 3.79054 -8.93845 -0.226068 17
-8.48956 -3.2421 4.16119 8.00252 3.13872 0.00729565 1.99829 14.0271 -6.74462 2.79413 17
-8.18555 -10.6731 6.96935 10.5187 -0.925358 -1.84884 -0.189478 10.9456 -10.1316 3.49038 17
-7.56471 -8.89718 7.38066 10.3601 4.76376 -5.40751 0.299695 9.32393 -8.42498 1.3353 17
-5.01376 -8.41156 3.9091 9.21883 -0.190521 -0.878492 -0.112725 8.1166 -10.9078 2.00923 17
-13.2698 -3.46476 4.79389 8.96561 -1.20967 -7.71637 4.43946 6.14653 -8.94821 1.94234 17
-10.8153 -6.79317 5.55985 10.9084 2.09794 -2.01489 1.11438 10.3722 -8.79557 0.841968 17
-5.21505 -9.8808 3.93171 9.37701 0.97444 -1.19745 1.12619 10.1462 -10.0361 -0.144378 17
-5.58141 -12.335 6.63039 7.8556 -2.32315 -6.01832 0.775007 5.96157 -8.62538 -3.1057 17
-6.65172 -5.33611 6.92218 8.26287 1.53361 -0.0214119 1.1903 7.06026 -8.76324 -0.506379 17
-8.87006 -5.28107 6.28521 9.53267 -0.162448 -5.53508 4.25337 5.71482 -9.67849 2.50273 17
-4.80813 -10.9311 4.91112 7.7328 -2.57309 -0.947078 3.90777 7.21387 -10.8619 -0.121765 17
-8.15434 -13.1011 3.16894 9.16447 -0.459504 -0.632363 2.22232 6.78222 -9.32497 2.07049 17
-8.82588 -7.66042 4.42899 7.6486 1.96816 -4.09532 2.48101 6.92321 -7.38498 -2.41098 17
-7.66612 -3.46911 4.38298 7.87173 2.16516 -3.51747 1.29351 8.30149 -7.92526 5.4562 17
-10.0569 -2.83433 8.90319 7.91044 2.01434 -4.26307 1.14267 9.73748 -6.61988 6.2229 17
-6.93698 -5.30137 5.95332 9.48777 0.494031 0.420227 2.03532 5.52978 -7.73718 2.05268 17
-4.30284 -2.01589 6.84773 10.2721 0.456468 -2.35428 2.25723 12.3307 -10.8132 0.233597 17
-6.21977 -9.56667 7.36273 9.61443 -0.554031 -2.10369 3.38836 5.75156 -11.4217 1.60203 17
-6.68339 -7.21824 7.2815 8.51629 3.23469 -0.37211 2.18958 10.5287 -8.92417 1.3192 17
-9.17411 -5.47352 4.67978 8.78813 2.30964 -2.31758 2.52917 7.5429 -11.0316 1.60128 17
-4.32415 -10.7503 4.60715 7.58897 -5.06219 -2.4372 3.02961 7.49778 -9.42828 2.94931 17
-8.70827 -4.36254 4.77185 7.01431 -3.1503 -5.3207 2.40884 7.31124 -8.84563 1.19673 17
-4.76363 -5.06345 5.0378 6.21694 -3.38794 -4.77045 3.97964 5.80302 -9.64276 1.23454 17
-5.42769 -9.08098 6.00957 6.51198 -1.07498 -2.2536 3.17242 8.75772 -6.5842 3.091 17
-9.7125 -7.19344 4.79856 7.91646 1.0643 -2.37401 3.54535 10.2244 -9.50365 -1.0125 17
-7.28129 -7.89992 4.54069 6.93047 -1.07567 -5.49422 1.06024 4.31844 -13.5273 1.00779 17
-6.35976 -7.66669 5.03393 7.95997 0.237814 -2.83337 2.31902 12.6783 -9.05605 1.14141 17
-6.72019 -8.42364 6.33323 8.41438 0.0175996 -5.30874 2.43786 5.57695 -9.409 0.399969 17
-6.9455 -6.78432 4.71755 8.01909 0.549293 -3.47087 0.662704 12.7467 -8.76164 3.37047 17
-8.1132 -8.17926 5.84934 9.18248 -2.06542 -6.97148 0.567041 6.88026 -9.84414 -0.921069 17
-6.36516 -7.20964 7.73594 7.24019 1.3956 -1.03739 1.2939 8.63224 -10.041 -3.38897 17
-8.30347 -8.46616 6.04513 8.75845 0.331771 -0.611091 1.97056 6.87338 -9.39563 0.921891 17
-8.29661 -9.85683 7.47573 7.62547 -0.808837 -2.20805 2.4214 8.67088 -7.64067 2.8492 17
-8.59859 -5.10827 3.89841 11.0216 0.334665 -6.51442 2.62874 5.14853 -12.7907 2.33254 17
-7.40345 -6.65891 5.76652 9.91405 2.54014 -0.973647 0.64376 9.26571 -8.11841 -0.0575859 17
-6.2674 -9.32717 4.78918 7.03649 0.719276 -4.18687 2.61385 6.70689 -12.3968 2.01639 17
-9.18832 -12.21 7.9918 6.20815 -1.19288 -2.61879 1.2995 6.35532 -7.81387 5.64511 17
-8.08298 -7.05801 4.45701 8.60731 3.00847 -6.93136 0.597711 10.6769 -11.3118 -2.3438 17
-5.93625 -9.82482 5.63906 7.58159 0.491158 -3.48574 1.02227 4.38138 -10.8698 2.37197 17
-6.7212 -6.51705 4.93134 8.66524 -0.468386 -3.04069 2.72117 6.05657 -11.2103 -3.7955 17
-11.4341 -8.27007 3.94922 7.86261 1.65223 -1.01714 4.57232 4.19273 -8.74339 1.45093 17
-0.737192 -1.86229 -3.46487 11.6634 4.55121 -8.41949 1.82524 -9.89591 3.64458 -5.18583 18
7.69424 0.7826 -3.39616 9.85894 7.24214 -9.34437 -1.80725 -6.71175 1.64852 -6.97449 18
2.66497 -2.01279 -2.24378 7.14809 6.7401 -6.05369 0.530788 -7.47337 6.6235 -4.91441 18
5.51169 -0.258012 -4.16644 5.8201 3.47513 -5.68149 0.308709 -3.89323 2.31825 -3.38541 18
0.897699 -2.07442 -2.95913 11.9634 10.2858 -9.69889 1.08693 -9.80065 1.34079 -7.15566 18
4.6817 -2.7802 0.77995 8.21729 8.48376 -8.98373 5.45826 -13.2016 1.09263 -4.63858 18
3.57152 -4.46497 -1.31224 6.09484 5.43367 -5.45648 -0.707779 -9.87248 3.88831 -4.34656 18
4.71847 -5.7386 -1.67698 3.0471 5.23411 -8.38581 -0.0147844 -7.91771 3.67817 -1.21111 18
7.14373 -7.74176 0.561865 7.40365 2.89787 -10.7525 -3.11393 -8.45879 4.84716 -2.29559 18
-0.919388 -2.94036 -6.31206 8.08681 5.07721 -7.12842 0.879131 -11.3254 2.55927 -5.14875 18
6.96867 -3.52259 -2.47116 3.90635 5.0476 -6.28079 0.0256808 -4.38493 5.12125 -4.737 18
-0.204183 -4.71703 -2.73128 9.27332 8.56233 -5.10714 0.673875 -10.564 -0.076514 -4.15551 18
6.34947 -2.27353 -0.378304 2.98815 6.60639 -8.91523 -5.35796 -7.12246 4.63122 -4.15092 18
5.27076 0.732287 -2.44574 11.3481 5.47041 -8.62568 1.19169 -11.7487 1.44583 -8.04075 18
1.49238 -1.99209 1.65919 11.0787 3.29869 -13.4274 1.28022 -8.14369 3.70449 -3.82326 18
0.674625 -1.37369 -1.42122 10.1325 4.44055 -7.24083 2.99432 -10.0158 1.15005 -3.04003 18
6.43296 -4.55354 -3.69865 8.18172 7.36911 -11.129 1.72177 -11.1112 -0.690732 -4.44244 18
7.11836 -0.068057 -3.34878 6.6067 2.2306 -8.08162 2.43063 -7.49036 -0.625015 -5.53191 18
2.23484 -6.45835 -0.0186581 10.3914 4.62606 -6.77298 6.15893 -9.8081 -0.810256 -2.85887 18
3.53293 0.723708 -0.78704 8.59352 4.48099 -11.8573 0.555267 -10.155 2.28951 -5.25452 18
5.61646 -1.45261 -3.83459 6.69736 6.77457 -13.8898 0.791052 -10.8728 0.544837 -5.53511 18
5.21892 0.668362 -1.92585 12.3714 1.66896 -9.6387 4.48814 -9.18096 1.73167 -6.64058 18
4.44849 -2.25525 -3.81729 7.78876 5.50507 -9.72644 -1.43328 -6.32976 4.28869 -3.26106 18
3.10741 1.15036 -3.90278 7.68005 4.40373 1.44046 0.726553 -9.46151 0.80569 -2.54213 18
6.94878 -2.71211 -2.18733 9.16151 5.83285 -3.65469 0.496652 -10.0038 0.495714 -10.5228 18
2.55158 -1.6833 1.16588 8.64548 1.04302 -8.65504 -1.07514 -10.8445 1.91772 -4.26588 18
6.15584 -2.16288 -0.573424 14.07 4.24035 -11.8022 3.40742 -11.1316 1.49022 -8.11071 18
5.31609 -1.83495 -4.55814 7.88139 3.11947 -12.7731 -1.40784 -5.98531 3.69921 -6.98554 18
3.39553 -3.10532 -3.63287 11.6577 7.33367 -11.0661 2.84985 -7.42646 3.12852 -5.98934 18
5.08876 -5.36563 -3.33498 10.3296 7.034 -7.04088 0.525827 -11.6945 0.0516857 -4.84578 18
5.29547 -4.29596 -2.97462 7.02112 8.36605 -7.9771 -2.87164 -8.63238 1.31798 -5.16571 18
4.02535 -1.22281 -1.25775 7.28206 6.45834 -9.95461 0.990373 -9.72106 1.2596 -6.28708 18
6.08575 -0.646411 1.51466 7.56291 5.91544 -5.73932 3.82338 -9.75176 3.82617 -1.71633 18
1.74771 -2.94569 -4.32519 7.33188 1.80796 -11.9354 -1.12342 -12.7756 -1.24702 -2.95951 18
6.87504 -1.89226 -6.09335 5.97241 4.42122 -10.1969 0.976634 -10.1891 3.18721 -2.42143 18
2.47466 0.607073 -0.55059 7.28 6.84072 -11.4663 1.55986 -10.1772 3.16758 -8.95827 18
5.27781 -1.08162 -1.64787 11.5398 9.54778 -10.9994 4.83344 -12.9845 5.82888 -11.2336 18
3.31936 -4.92795 -2.59809 2.75934 5.56088 -13.7831 -2.53588 -9.04061 -4.80149 -2.55849 18
2.3151 -1.29517 -1.7447 7.93961 3.627 -8.82561 -2.60747 -6.4604 3.20771 -6.18578 18
2.75222 -2.72826 1.69363 8.94622 0.961102 -11.6889 -0.819364 -13.8752 -0.310037 -3.76513 18
3.00342 -0.559807 -1.41562 13.0468 4.96763 -12.1571 0.371946 -12.1247 1.52655 -7.14118 18
1.85218 -4.20608 -5.11272 8.17503 0.0440367 -8.321 1.05278 -15.9434 1.56694 -2.17791 18
4.47285 -5.29746 -4.62813 7.40902 5.90045 -6.91386 0.684737 -7.95943 -0.165657 -6.18005 18
3.42149 -3.59 -2.6784 7.28019 0.963449 -8.48781 -2.11168 -12.4686 6.29926 -4.72906 18
1.72768 -3.92358 0.615991 7.87892 4.66317 -11.026 1.61985 -12.3745 2.13929 -5.54725 18
3.34262 -1.90363 0.174967 7.83832 4.76434 -9.75732 2.11356 -13.3538 1.77459 -3.67564 18
1.79954 -4.62246 1.13136 4.98725 6.13643 -8.96585 0.750881 -7.04999 -0.892405 -0.277405 18
1.34089 -3.60658 -4.65462 7.89822 -0.742596 -9.05756 2.47255 -11.5453 -0.174869 -6.05945 18
0.400699 -0.930234 2.36615 8.58938 6.6634 -7.9727 3.24979 -10.1992 4.78813 -6.02817 18
6.75274 1.72509 0.999719 6.47957 1.24513 -10.5079 -2.19244 -7.19114 1.57006 -8.12881 18
5.24047 -2.01957 -1.91744 9.38552 4.88517 -13.6406 2.11052 -6.8915 -1.01394 -3.78825 18
5.06493 -1.34563 -1.38023 12.3055 9.6282 -8.65527 3.96272 -4.385 -2.59261 -6.23594 18
4.54172 -3.30443 -1.66692 9.34516 2.76002 -9.20948 0.974479 -9.84609 -0.892601 -0.0318396 18
5.03209 1.59424 -3.07308 7.07487 7.70806 -7.16053 1.22207 -3.79954 0.0618242 -7.98649 18
3.89157 -5.63373 -6.54267 11.155 5.81911 -8.31756 4.61945 -10.5228 -4.25948 -4.4187 18
1.78047 -0.965149 -2.19343 6.9594 8.30179 -9.75231 3.92029 -8.79606 1.46393 -3.82508 18
-1.35338 -3.0227 -0.736231 8.40853 4.74622 -5.61738 0.927456 -11.3482 -2.19664 -4.00412 18
4.86871 -1.73901 -3.87068 5.87822 2.10594 -4.0326 1.63092 -7.33358 1.17758 -3.20102 18
5.62917 -2.69367 -5.82251 8.77108 3.70986 -8.11617 -0.804741 -10.1305 2.78122 -2.83006 18
2.81128 0.275949 -2.03911 7.20122 5.03113 -8.71816 1.61111 -14.8153 0.252435 -5.02574 18
6.11112 -6.62738 -0.123037 7.20194 7.09665 -6.34933 -0.642132 -10.9964 4.34543 -6.91061 18
3.836 1.82322 -3.37663 12.4331 3.97262 -6.87451 5.31136 -8.99474 1.81626 -7.26192 18
4.27218 -1.11007 -3.06021 7.07046 6.52058 -8.81672 0.86139 -10.5839 0.44357 -5.43418 18
4.44044 1.01625 -0.623355 3.90114 7.69947 -11.5303 0.233834 -10.7862 2.72554 -5.50964 18
7.0727 -6.68434 -2.09017 7.83124 3.72515 -10.8931 0.619493 -14.5341 0.658047 -5.63574 18
5.61589 -2.13907 2.11706 6.71256 9.40253 -6.66537 2.03702 -9.89186 5.93538 -4.24393 18
0.40264 2.34375 -3.78961 11.4854 3.52479 -6.47131 -2.47206 -11.4357 -1.67523 -0.012417 18
1.92374 -2.60832 -2.69565 15.3322 5.71459 -7.38159 1.21821 -8.06722 0.939289 -2.13767 18
2.92378 -1.69138 -5.67511 7.54654 7.21756 -9.30464 -1.4288 -9.63163 3.68142 -5.81148 18
2.84051 -0.737665 -3.01321 11.3807 6.93825 -9.18734 2.35143 -8.3553 1.72663 -7.71954 18
5.2015 -4.36911 -6.43868 4.30226 4.60854 -7.35584 -2.45692 -8.21615 1.055 -4.54412 18
1.22642 -3.56034 -4.0909 4.25685 5.29713 -11.1218 -1.36462 -13.0385 2.43117 -3.10178 18
-5.24866 -0.715989 -6.1567 8.88756 -0.491608 -9.28153 1.33874 -12.1119 -1.49713 -3.57538 18
2.66616 -3.15123 -1.85979 8.75734 6.7645 -6.59422 0.628139 -9.56979 2.15986 -4.23827 18
5.57453 -3.96728 0.755041 9.6073 7.2452 -11.143 -3.27372 -15.5935 -1.07102 -0.571856 18
3.15272 -3.27059 -1.77807 5.0184 4.77445 -10.8487 0.674179 -13.866 3.16574 -6.67496 18
2.22857 -1.866 -2.44079 4.10326 3.70172 -10.5616 0.637734 -12.8474 5.30489 -5.68898 18
6.08053 -2.48006 -2.5837 8.50373 5.19505 -14.0018 0.387928 -7.0244 0.666447 -6.08889 18
1.83567 -2.28946 -1.14524 10.2365 2.30591 -8.09879 3.79975 -8.05708 5.40138 -4.71756 18
-0.171713 -0.816483 2.94674 8.31442 7.51075 -9.55744 2.2996 -9.10127 -0.525947 -2.31854 18
7.86732 -5.65835 -3.64182 6.87506 3.01784 -9.91429 -1.71534 -8.68061 3.21256 -5.23458 18
4.65961 -2.64394 0.985918 10.4436 3.9296 -7.62561 0.283145 -5.48994 2.19974 -4.55899 18
5.49879 -4.37668 -0.742298 3.00147 13.1463 -8.75814 1.87727 -10.6745 2.71974 -4.19954 18
7.06884 -4.48002 0.0787947 3.11507 5.11313 -8.9165 0.458443 -10.9939 1.61452 -3.07587 18
4.78122 -0.2271 -5.61421 8.49139 4.00108 -5.35721 -0.16036 -9.55396 4.24304 -9.21832 18
7.94696 -2.78253 -0.0184105 8.66105 4.28576 -11.8288 2.03787 -10.2507 0.179894 -3.98264 18
1.68046 -4.46495 -3.07642 10.8375 9.45022 -7.03865 1.9116 -9.81513 3.28658 -7.16254 18
3.36707 -0.898706 -2.51608 9.95437 7.73967 -9.11894 1.18318 -11.1487 2.99434 -7.96409 18
5.33518 -5.1302 -3.14419 6.28515 1.36901 -6.40071 0.511166 -9.60022 4.51202 -3.9367 18
-0.761564 3.53773 4.64639 5.34612 4.96428 -1.63777 9.0817 -4.88901 10.3151 -3.08767 19
0.829212 2.49058 1.36644 1.20244 5.00969 -0.418423 10.361 -1.42356 7.05117 -4.59245 19
0.0913885 3.96691 3.3727 1.39762 3.68875 1.79108 7.63533 -8.66244 6.35833 -5.60402 19
-1.40009 5.80598 3.62903 2.31356 4.04676 2.58561 6.98514 -7.30071 5.21535 -6.31324 19
0.178651 2.67748 4.07567 -0.989514 4.85297 -1.53622 9.21475 -3.7393 8.08641 -3.65808 19
-1.76647 3.84237 5.39465 0.342102 4.04101 -0.983966 9.65154 -3.62021 6.9347 -4.44908 19
-1.80677 7.31868 2.86575 0.0657973 0.804334 -2.46662 10.5845 -1.62005 7.47322 -1.2961 19
0.838741 4.68956 3.8639 2.05493 2.10031 0.482736 8.65415 -0.83175 7.32108 -0.233856 19
0.96041 5.07718 3.44746 -0.378649 3.98085 -0.806955 8.98328 -0.610834 0.600835 -5.98128 19
0.579149 1.56742 2.46817 3.31234 6.50674 3.03665 9.89207 -2.45586 7.96033 -0.540394 19
-0.0207516 8.21484 2.28175 0.636369 2.45888 2.93213 8.22262 -1.86087 4.90366 -4.95299 19
2.20548 4.6877 3.92685 2.75727 3.32185 -1.40986 10.3487 -8.36841 5.77276 -6.88176 19
-0.433029 8.74403 5.26277 1.30465 4.1509 -1.173 4.43388 -4.74359 9.04562 -5.64743 19
-2.65605 7.49135 5.2881 2.75579 3.319 3.85811 8.08525 -6.27306 9.85485 -2.7493 19
-0.00609816 0.916377 2.29482 1.18346 2.55317 1.39764 10.0887 -1.51924 7.41889 -4.98444 19
-1.12132 4.42133 0.773951 5.65088 6.11735 3.52572 8.43107 -8.73821 5.28796 -6.33551 19
0.20334 4.88069 3.17929 1.58543 3.60632 2.67525 5.65591 -3.80146 6.02882 -2.58722 19
-3.45607 5.09668 5.00994 3.7511 4.78546 1.94656 7.85777 -4.38098 8.18952 -2.46844 19
-2.2826 5.01213 3.76058 1.74316 -0.550569 -0.053333 9.86115 -3.4353 5.11861 -4.65587 19
1.73938 3.50003 5.15562 3.10702 3.61632 -1.00364 7.42084 -1.93305 5.84188 -3.4288 19
-0.995889 5.55859 5.37085 7.36499 3.64415 1.09413 11.272 -6.10212 7.41398 -3.54305 19
-1.7704 6.41701 3.74363 5.08781 1.17624 -1.63057 8.72686 -5.09214 1.71872 -4.24692 19
-0.695398 2.05081 2.88902 6.2924 3.89561 -0.0725421 10.9923 -4.58789 4.48501 -5.16194 19
-1.58966 6.26719 5.26971 0.471749 5.26249 -1.54568 8.58647 1.72642 6.62294 -0.581421 19
-3.92881 1.74732 2.42038 4.11449 1.69084 -0.595246 7.5986 -4.38174 6.51499 -1.46663 19
-3.01272 2.06626 3.10468 0.264663 0.936195 0.959971 9.87527 -0.639814 7.50214 -3.62351 19
-5.75399 6.3838 7.07771 8.5805 0.00801548 3.19535 7.98104 -0.984087 5.22572 -3.23065 19
-1.15602 5.54056 3.93995 -0.782464 3.93372 0.371214 9.52023 -4.39514 5.52293 -1.95375 19
-1.68485 6.03253 2.4362 0.876336 7.00248 1.67219 9.48696 -5.38225 4.93486 -5.65402 19
-2.69419 2.24855 3.08812 4.31661 1.19434 -0.742633 10.4659 -1.34668 4.0311 -1.60113 19
-1.06924 2.83945 -1.82238 4.02977 1.49609 0.503571 7.96837 -4.24962 7.09111 1.60096 19
1.88808 5.22285 2.65315 0.369462 2.4905 -1.71901 10.9204 -3.94928 7.72855 -5.08196 19
-1.69799 5.7102 3.85671 4.19627 3.93101 -2.13583 8.34747 -2.321 4.91033 0.00830348 19
0.951496 2.45332 2.18509 1.89799 3.5758 0.746823 8.56583 -2.7577 3.88771 -4.23345 19
4.095 6.40749 1.81198 4.55437 0.779463 -1.7331 10.9433 0.090996 4.99173 -4.32888 19
1.04909 4.12386 2.55455 4.73721 3.99125 -1.02157 7.35846 -4.10237 7.89872 -4.55711 19
-4.29999 3.39718 3.67808 1.39981 3.84522 2.87405 9.73439 -2.41504 0.638169 -3.08199 19
-0.298383 3.63397 2.66049 -0.323508 1.47709 -1.13548 10.0144 -7.58389 5.90408 -4.96274 19
-1.80967 7.7609 3.15086 7.43145 5.26446 -0.0860054 11.0436 -2.00889 5.95237 -7.57356 19
-0.292552 4.66191 3.4064 -0.990172 5.22161 0.903647 5.55147 -3.5628 3.84492 -3.06784 19
-0.893273 6.52151 2.68824 1.28897 3.74466 0.445441 7.292 -1.22653 9.5075 -3.32354 19
0.571903 5.68441 5.8393 3.08669 4.49026 -4.03604 9.292 -1.56688 6.87296 -9.029 19
-1.65661 6.21441 1.63916 3.15933 3.32785 1.46084 7.63018 -8.10011 5.48875 -3.36706 19
0.73558 3.34912 1.40741 6.27888 1.79969 1.07614 6.81604 -4.19388 4.01148 -1.18453 19
0.814978 4.41973 4.23035 -1.24252 2.63667 -1.04796 9.35643 -0.50937 5.26176 -1.82478 19
4.0006 7.03183 2.78791 3.90368 3.47027 -1.33948 8.26261 -4.88244 10.1705 -4.3198 19
-0.983534 2.81854 4.74764 0.198216 3.52644 0.690733 11.5564 0.299196 5.76354 -4.40342 19
