14.0225 -9.77154 2.63222 2.91539 -19.1144 11.5516 5.95444 -1.20579 -6.89736 9.54837 0
6.91062 -6.4434 -0.595137 4.67464 -14.8326 9.35331 10.406 1.34754 -6.7177 4.28246 0
6.22633 -9.81312 0.281666 4.21843 -18.4433 -2.15648 2.93558 1.36742 -16.709 14.0587 0
11.6231 -4.69083 5.47954 6.51629 -5.55182 11.1152 -4.79739 -2.71816 -15.1185 4.85917 0
-2.09501 -11.861 1.53339 4.58966 -18.7869 1.74633 -1.68779 -2.79021 -1.76262 9.11757 0
-4.57033 -7.89684 2.1478 8.56149 -16.7515 -7.1358 2.32965 3.59555 -6.07704 5.76718 0
-5.05009 -5.33953 3.6299 2.35571 -4.86755 -2.15125 4.97606 -2.00045 -4.82007 2.56353 0
10.2242 -13.5712 7.48203 2.3895 -25.2914 -10.9153 2.21389 1.25784 -5.54317 3.05222 0
20.4784 -6.8633 6.44999 5.29891 6.24517 5.94057 1.79391 0.349501 -9.70231 10.5384 0
6.47455 -12.6037 2.14126 7.9424 -12.5886 -8.08461 -2.55634 -3.25216 -7.89815 11.2663 0
3.20649 -9.07098 4.67815 6.91863 -17.4238 -2.59564 -4.15731 -4.60095 -5.56067 7.60534 0
-1.78427 -10.7961 -0.635557 5.63049 -8.68515 0.539851 1.07947 -1.91823 -4.20546 11.6585 0
8.10957 -7.82055 1.59476 4.87913 -7.14882 -1.16954 0.671901 -5.68067 -7.33211 12.6546 0
3.46642 -6.15611 3.72154 5.40303 -17.5948 -3.69309 1.85027 -3.33224 -5.89163 9.09329 0
7.19798 -15.1004 4.75317 5.71834 -20.7465 -5.87659 -3.21258 -1.16755 -13.1381 11.4009 0
-10.3096 -8.87907 -0.513648 4.6814 -11.8351 -5.99462 1.89207 -0.923409 -11.0871 -9.92619 0
7.08664 -13.3935 2.48748 5.71094 -7.49492 -0.8418 -2.07519 -3.20525 -5.61827 13.1049 0
5.48058 -16.765 0.590433 1.76573 -15.0048 0.635786 6.14482 1.13003 -12.3748 8.84707 0
9.11297 -12.8286 -0.57143 1.54908 -5.67907 -3.21052 1.32002 2.96374 -6.84666 23.6898 0
17.7882 -3.13869 -3.1575 7.4323 -13.3549 -0.337136 1.86377 -4.17221 -5.97863 3.4132 0
-13.5229 -3.9728 -2.01377 5.85992 -20.9883 -4.98105 -3.24212 0.947622 -2.46132 14.9762 0
-7.66088 -12.1172 5.52808 6.48735 -1.96978 -2.76133 4.60408 2.626 -10.4626 7.0322 0
-8.00092 -10.7354 -1.53424 6.36561 -19.1377 -5.47314 2.98598 -0.39768 -4.71347 4.03998 0
-5.4291 -10.6226 2.59698 8.12448 -9.14424 -8.71694 3.01064 0.949283 -7.15649 9.68986 0
-5.39885 -9.90058 3.16818 4.79071 -5.4426 -4.41808 2.08472 -1.63128 -5.33828 10.6218 0
1.38157 -8.47626 0.0477396 10.7207 -22.4542 -6.70319 -4.95679 -0.888077 -3.59991 3.26971 0
-8.01059 -9.95789 2.82413 7.18612 -1.60331 6.56923 -0.977009 -2.57436 -5.70995 5.52841 0
14.9378 -10.6323 4.52013 6.79192 -9.13726 -1.68243 2.85553 -0.633757 -3.41787 7.67644 0
14.7517 -10.2503 3.69971 3.00552 7.16721 -0.184549 7.81393 -1.40556 -6.63127 3.34757 0
8.70927 -10.2492 6.05768 4.32451 -17.4434 7.72635 -0.288394 -4.90993 -9.19097 17.3096 0
3.58733 -5.93077 -1.13838 7.59178 -1.13148 0.216774 3.67443 0.631206 -6.40367 16.2177 0
4.3154 -10.0002 5.98599 4.28437 -13.1503 -12.1896 -3.03773 -1.4276 -3.76446 4.30748 0
11.6882 -14.98 2.67009 5.60722 -23.3596 -0.295847 6.84738 -2.87674 -4.98246 14.1812 0
6.91789 -9.49392 3.5908 7.36214 -2.35581 -2.65721 1.12946 -4.6328 -3.79142 8.99885 0
2.76892 0.578663 5.52164 3.00222 -11.0203 -2.3201 3.73647 -1.83491 -7.32663 3.98169 0
12.9666 -8.65811 -1.75362 1.02986 -10.8734 1.71578 -4.25716 -1.92365 -13.8036 10.2586 0
12.8482 -8.53071 -2.85935 5.47362 -10.5635 -4.12954 -2.31547 -0.213389 -2.1891 13.461 0
-5.36311 -12.7998 -3.24224 5.83946 -1.47055 1.57163 -2.43481 0.448074 -6.47947 4.07095 0
0.950059 -4.75344 2.72204 4.79678 2.37559 -0.0526444 -6.41639 -3.46725 -4.60469 14.8544 0
3.36389 -9.54266 5.9411 8.47583 -2.82928 -9.21846 1.96942 -3.2621 -10.3526 25.3071 0
14.082 -7.11148 -1.88448 7.64545 -9.07705 -12.7524 4.36807 -2.16679 -9.13964 18.8699 0
-6.6206 -5.27447 9.19702 5.14136 -5.94674 -2.00098 -3.79427 -3.50921 -5.92066 5.06099 0
4.21697 -12.0894 5.64943 6.94853 -15.1224 -15.8113 5.38403 -0.82861 -11.8413 4.98474 0
-1.81453 -11.7905 8.91466 6.36725 -15.8297 2.56547 -4.00972 -1.83721 -5.90044 7.17449 0
8.34833 -10.4646 2.0245 3.72358 -1.9703 10.9814 -2.14104 0.20401 -10.5624 0.696321 0
-2.03958 -1.2782 1.41441 6.90745 -16.9884 -1.73073 -0.0133696 0.512181 -6.08992 6.068 0
17.0668 -11.6178 -5.28364 5.14761 2.44534 -6.22301 2.31454 -2.19955 -9.36349 25.8376 0
2.27957 -19.0921 -0.0952052 4.32096 -4.5086 -5.19364 4.79685 -1.13202 -8.6024 4.92597 0
20.5852 -11.2981 8.10179 7.60842 -4.48797 -2.59799 -8.03011 -1.54312 -6.32623 4.54153 0
-0.798152 -7.64288 5.87534 8.08317 -17.8955 -2.50001 2.8622 -1.04204 -7.80929 11.5354 0
9.88519 -18.4536 3.8367 6.31478 -25.7839 -6.32801 -1.65725 2.96075 -8.11617 14.0538 0
-8.73674 -13.1808 3.6244 6.58718 -26.7062 -2.69332 7.91229 -1.93423 -6.42619 14.4331 0
15.6814 -5.22551 1.71329 5.35132 -22.9068 1.05787 -0.299003 -2.46154 -18.3803 3.60687 0
-2.14831 -9.60044 2.02604 2.72882 -6.73862 -6.38649 3.21361 -6.1634 -10.3478 4.22801 0
3.14652 -11.1223 0.0350745 7.1741 -18.4821 -1.02434 2.14678 0.282837 -6.67811 9.30276 0
5.59209 -10.1189 -0.23137 2.58905 -14.3001 8.87252 0.0826712 -2.413 -8.02172 10.0674 0
10.271 -11.0261 4.16819 6.38916 -9.42419 -11.3964 5.79472 0.554985 -9.9529 19.8365 0
-5.15693 -8.7849 -0.543933 8.61643 -11.3051 -9.18186 0.109375 -0.721373 -2.32465 11.9389 0
-2.1992 -11.9278 2.99403 4.32313 -13.3546 -1.58911 6.81487 -0.63942 -7.49601 6.09176 0
8.14575 -10.9901 3.92559 6.05192 -16.7485 -6.52434 7.89143 0.633401 -5.72417 12.7875 0
-6.20383 -11.1543 3.48315 8.19052 -0.324379 -7.32662 -0.584092 0.116937 -8.45409 10.1888 0
-1.35907 -10.7006 1.2537 7.20173 -3.40435 1.73345 -2.44886 -3.75529 -16.6101 7.6179 0
-3.84033 -7.22552 0.637492 5.07504 -6.93544 2.48684 -3.30714 -0.289888 -6.89831 6.79305 0
-3.47598 -2.00028 1.37254 5.52473 -6.26995 -4.00618 0.277581 -1.65422 -10.4069 4.08775 0
-6.31761 -14.5302 2.2837 4.08927 -13.2943 -4.30011 -2.86571 -0.388189 -12.2045 9.66321 0
-3.58294 -14.6006 1.73599 5.56739 -6.86613 -3.26409 6.01826 -2.2803 0.870441 4.385 0
-1.09493 -7.20307 1.23069 3.69164 -5.26188 -9.34644 2.14366 -2.00124 -4.99237 4.5191 0
12.939 -8.72925 3.89867 4.63362 4.46722 10.7805 6.77191 -2.91188 -8.52249 12.3964 0
7.57815 -11.3558 5.15969 4.72013 1.66616 -13.3789 8.28104 2.12538 -13.0218 15.9412 0
-5.2207 -7.26338 3.83539 9.34222 -9.08292 5.85127 7.75313 3.32517 -1.44896 4.19247 0
6.74221 -6.81023 1.6153 2.76865 -11.5522 -1.91614 1.31346 -2.57421 -8.3567 1.33295 0
9.36575 -12.8145 0.816661 5.36676 -19.8372 6.7798 0.110928 -1.00624 -2.41309 11.8429 0
6.48949 -10.439 0.170112 6.57696 -12.7864 -3.99631 -10.0329 -1.08036 -0.92627 12.6125 0
6.32402 -17.642 2.42164 6.77055 -28.5675 10.6792 -0.594623 -0.466056 -5.74325 -1.73726 0
-7.67828 -15.8025 1.88488 8.25696 -6.2098 -7.08853 -0.826194 -0.360557 -10.508 9.1304 0
15.1694 -13.3993 -0.455876 5.47335 -17.4788 0.389455 6.43385 2.58779 -5.09802 11.8631 0
-2.67458 -11.8538 3.57836 6.67895 -2.79909 -5.37662 2.6213 -2.77406 -5.38605 9.57823 0
0.649253 -14.3615 0.220041 5.62659 -17.9125 -0.826182 7.27248 -1.56179 -9.07893 -10.5898 0
9.73718 -3.78246 3.70737 4.90904 -10.2072 -8.35805 -0.933015 -0.682942 -13.4804 11.7261 0
17.3673 -13.1002 1.06632 4.89013 -5.97895 2.68048 0.985494 1.41968 -9.52279 1.98801 0
-7.22025 -11.8823 0.359879 9.20282 -9.83372 1.24374 2.34781 -2.27976 -9.48091 -3.83688 0
-1.24477 0.275892 0.762405 5.5122 -9.68293 3.19558 2.70902 -2.24833 -5.68077 -1.39192 0
-10.0176 -3.33848 4.52091 6.51701 -19.2439 -0.536831 -3.9644 -2.4511 -7.44821 14.5829 0
2.65707 -10.5805 0.296365 3.98033 -6.10399 -3.97743 1.43632 1.52384 -8.16768 8.57967 0
6.72935 -12.0037 3.56213 5.79512 -14.5616 0.906195 3.26666 -1.16987 -10.4068 14.0677 0
-4.41791 -5.68909 0.346202 2.35125 -14.1101 3.35178 0.699158 -3.75831 -3.9684 15.2839 0
2.73317 -7.54962 1.19946 7.61602 -14.3173 1.54895 -1.41715 1.81949 -6.5276 10.12 0
9.48795 -3.21643 2.382 5.2528 1.59395 3.56365 6.35667 -0.759689 -0.276801 7.47408 0
-0.467653 -5.96682 3.73627 9.02799 -15.1974 6.08784 -6.07008 -2.56381 1.13559 12.1504 0
-8.8661 -19.3129 1.43465 6.21477 -5.27016 2.51844 1.76858 -1.01493 -3.2918 17.857 0
-3.04501 -9.35216 -0.0336337 4.23458 0.167781 -6.85007 -4.06672 2.0758 -5.36568 19.438 0
10.8864 -10.6619 0.987007 7.33436 -17.4328 -7.82077 2.69751 0.055617 -11.1936 1.2493 0
7.66248 -3.26928 -0.333162 6.8644 -16.5724 0.697509 -1.06642 -1.3972 0.184382 13.3326 0
-5.79424 -8.77817 -4.76408 5.18639 0.511357 -1.34331 6.99855 0.337664 -6.00745 20.3116 0
-6.18628 -14.2503 -1.4018 6.20717 -5.50596 9.60804 3.88005 -0.294361 -4.55848 19.1258 0
-4.45754 -10.7 1.03986 6.93708 -19.5258 3.2652 -1.53711 -1.04787 1.01864 7.82247 0
6.2165 -6.38193 -0.602009 5.62932 -3.00974 2.47935 -1.46892 -0.886309 -6.08785 14.8835 0
1.06932 -13.0605 7.95755 5.74862 -4.22743 4.09226 -2.95344 -1.8873 -2.13483 9.13414 0
2.61448 -8.59743 0.153984 5.63034 -10.1327 -12.0744 6.87711 -1.46553 -4.48543 19.7293 0
3.72253 -8.76807 0.718253 5.2829 -26.6236 -1.0335 1.10011 -0.0651651 -12.575 8.08746 0
-1.41747 -10.7955 1.28747 7.88102 -12.5497 1.707 -3.37365 -0.812711 -3.75695 5.45355 0
4.23578 -6.97992 4.08786 7.56743 -10.0928 -6.59284 3.39298 -1.47378 -12.725 1.51318 0
1.60313 -5.83647 8.03569 7.49637 -9.95609 -5.3836 1.10673 -3.10305 -15.7565 -0.904717 0
2.4811 -7.2687 4.2153 6.46964 -13.7809 5.99321 -5.16538 -2.37285 2.70298 16.6814 0
2.53757 -5.38872 3.29298 4.65748 -8.58672 2.0986 5.87884 0.349413 -4.32056 2.03542 0
1.38818 -13.1332 2.91286 6.97423 -15.5419 13.9569 0.950667 -2.78104 -3.74118 8.39066 0
-5.47454 -13.5976 0.316993 5.92019 -3.28084 -0.782001 0.215137 1.48662 -10.4164 19.0702 0
18.0889 -12.97 1.33003 2.62939 -9.47443 -3.73802 4.55515 -1.3676 -8.35837 23.6468 0
-1.88158 -11.8514 2.60821 8.46423 -15.2466 -14.5662 7.77603 2.1044 -6.62734 7.28866 0
1.55655 -9.34217 3.04898 2.38726 -1.0029 -3.3724 -5.56153 -0.920607 -3.08857 6.94895 0
7.90552 -5.05822 0.991296 7.38702 -7.41644 0.776557 1.3165 0.00481046 -11.378 11.1464 0
9.74856 -13.8112 -3.88059 8.50498 -3.43346 7.56144 -1.59515 0.746642 -4.56188 5.41015 0
-3.2702 -5.8313 3.71284 3.59031 -10.0623 -1.12403 -1.24155 -2.39197 0.844751 12.1541 0
1.3913 -8.02849 0.658058 8.74893 -8.52165 -0.79203 7.25217 -0.296873 -7.91956 6.97023 0
5.73866 -11.934 -0.989932 4.90104 -22.5104 -3.05662 2.18675 -1.81925 -5.87769 4.69747 0
8.76182 -6.48472 2.13948 7.86312 -12.7296 4.18385 4.80232 -0.146683 -4.09348 -2.47448 0
-1.37507 -12.2625 1.27855 7.89138 -10.4237 -6.73696 -6.01359 -1.07463 -1.51153 0.536501 0
-5.9125 -13.7101 1.5431 4.34845 -8.43939 -4.54926 -3.28711 -1.77497 -4.18312 24.2324 0
-5.57865 -4.94681 0.570862 6.73753 -23.7312 -5.25287 4.15805 -1.03546 -11.3275 12.0821 0
23.7742 -5.69552 5.41019 6.70153 -14.9704 3.73303 3.76627 1.1186 -4.98927 17.1351 0
-2.60128 -13.7827 1.22012 5.66633 -12.6086 5.02315 7.58421 -2.15961 -7.85708 -4.7604 0
-18.1756 -16.1901 6.54013 5.52927 -13.1413 0.129316 0.253842 -5.59174 0.745249 7.48827 0
-2.36304 -13.0589 6.81623 0.72047 -9.66918 -3.26388 0.564107 -2.21536 -9.86991 -1.16386 0
5.2671 -1.85303 3.39297 4.3257 1.53966 5.42911 2.67427 -4.25389 -6.04062 17.302 0
-1.50978 -10.5805 1.68765 7.14567 -11.2439 -1.57587 -3.69096 -0.430038 -8.43707 8.12208 0
0.360065 -2.75302 0.829703 7.10602 -16.8778 -14.937 1.84051 -1.1554 -9.7003 9.95422 0
-18.0798 -9.07615 0.941952 6.41368 -11.2931 -4.44831 2.45366 -1.35402 -5.87459 16.9215 0
-0.698563 -5.25111 0.809035 10.6738 -4.10368 -3.27862 1.35505 0.0591132 -12.8111 8.48981 0
6.64254 -12.7511 5.95309 3.66015 -21.138 -18.0622 3.64534 -3.50041 -1.21032 7.57048 0
4.47179 -6.75985 5.52996 7.92335 -14.8383 -9.60753 3.79175 -3.907 -9.26613 24.6255 0
8.00713 -1.80481 0.251082 7.31674 6.56882 0.3505 1.4088 2.58472 -5.824 18.2766 0
-2.93992 -9.5835 2.27232 3.84093 -9.19136 5.47702 9.5152 -0.638963 -8.89873 12.8902 0
10.0336 -6.60795 2.47895 4.52958 -9.55751 -16.1544 2.11284 -5.0898 -5.38766 9.60392 0
16.2954 -0.234823 3.27053 6.91036 1.22295 -3.87909 -4.0996 -6.01876 -6.67435 5.9685 0
0.455208 -3.8814 2.40448 5.80126 -14.2595 2.23527 2.59539 -2.16128 -5.76518 10.3775 0
7.76194 -6.51721 0.702613 7.43842 -2.97508 -5.47122 2.49918 1.44119 -5.76391 10.1313 0
10.0681 -9.19974 1.25498 6.65359 -12.963 11.7757 6.30043 1.69639 -8.6648 -4.29627 0
4.01657 -9.86975 1.38192 4.01117 -1.28788 6.24969 -2.0425 -1.96374 -6.23963 8.68318 0
5.54476 -8.39924 -0.289709 6.25465 -7.19718 -3.35604 8.98636 -1.12182 -8.13079 14.3145 0
1.604 -3.92362 1.6682 6.53725 -12.1616 -14.796 -1.81254 -0.497084 -10.2373 4.37643 0
15.392 -13.2761 2.54324 3.81833 -4.05414 -2.81197 -6.73998 -2.55881 -9.64326 23.9584 0
2.22358 -6.16287 3.14459 7.89536 -17.7359 -9.51697 -0.437533 -4.54495 -2.47063 18.3324 0
11.6873 -10.3696 -0.804309 4.43452 3.44413 -5.10883 8.47961 -1.88022 -11.4906 14.8755 0
9.75133 -8.71832 4.69698 8.65692 -16.7843 -6.64723 5.74504 0.0121307 -5.07948 11.3692 0
4.93761 -9.74699 4.62688 8.38423 -11.373 4.47462 2.60181 -1.88012 -11.615 0.98302 0
-4.23652 -12.2201 1.10023 4.1363 -18.9292 -12.5457 -1.22578 -0.98027 -8.99146 18.195 0
0.384826 -8.56103 -2.14078 4.59705 -13.7197 -5.73248 -1.51591 -1.18496 -5.99191 5.72631 0
-4.32563 -10.3085 7.00858 5.188 -9.8637 0.765043 8.63589 -2.14093 -0.666396 7.28917 0
16.3955 -5.19253 -1.00192 4.84088 -7.14262 -3.76612 4.36656 1.856 -5.8746 8.14321 0
-2.56894 -11.9324 3.29216 8.65545 2.74396 -5.72254 3.76547 -0.692415 -9.0418 4.99289 0
8.25004 -13.8454 5.43823 5.65269 -7.67248 8.9482 5.36923 0.900932 -5.24657 7.31502 0
7.60962 -8.58281 3.78562 5.37757 -13.8435 -18.0182 -1.59991 -0.761798 -12.169 11.0092 0
11.8955 -9.10115 -0.167586 5.3769 -4.93888 -5.07461 5.17401 0.877207 -4.71355 21.9543 0
8.20881 -4.33088 -2.27733 0.546616 -16.59 -3.2704 -0.797632 -2.86812 -5.76601 8.75304 0
-2.26869 -8.84763 1.34609 3.14498 -5.1237 1.16602 4.79895 -0.703821 -7.84963 7.38006 0
5.33013 -13.8712 -2.05853 6.49355 -5.93988 -6.02252 5.97321 0.815572 3.21598 2.11282 0
-7.84649 -5.74094 5.50033 6.40552 1.69615 0.455043 13.5798 -2.46319 -6.73752 9.21088 0
4.74834 -7.88311 -1.53575 4.25084 -10.9379 -7.68422 -4.18357 2.98889 -10.5785 -1.94587 0
-1.57541 -6.22863 0.277923 10.0345 -15.322 -1.6222 3.45007 0.530856 -7.85757 9.78824 0
-8.64347 -3.42316 1.34961 11.0153 -9.7266 8.00526 1.71414 -1.08101 -5.72964 10.7503 0
-0.765846 -11.6671 0.626955 6.55984 -10.4985 9.21809 -0.070919 -1.51285 -5.60942 0.5431 0
11.0457 -13.7711 1.39953 7.71173 -16.1474 -8.81101 -6.20185 1.99447 -6.34091 0.723794 0
9.14502 -3.80423 -0.416557 8.29814 -16.546 -3.34455 6.64103 -2.03326 -7.0715 8.42549 0
9.91763 -12.8712 2.20688 4.5185 -13.3141 10.1254 4.98414 -2.32262 -10.4602 11.6893 0
-6.15878 -10.863 2.78398 6.81036 -10.1869 -13.0163 1.44627 -0.528906 -8.29048 -13.8398 0
10.0587 -8.00051 0.120037 6.51149 -15.8415 -1.54019 -8.12705 -1.79994 -11.341 13.9541 0
10.0319 -7.52009 1.45742 6.80615 3.03425 5.79742 5.92067 -3.16444 -11.3383 22.946 0
-7.74167 -8.51681 -1.84933 5.86321 -6.34887 -3.45853 4.93394 2.1118 -10.1289 -1.52045 0
8.39389 -10.9496 2.68097 5.4406 -9.2813 -5.40171 -0.173406 0.130293 -9.40639 16.9889 0
7.64368 -6.20727 1.42772 5.81682 -3.14426 -13.5448 -4.21926 -2.42638 -9.46054 8.95261 0
7.24192 -3.57148 1.30762 1.7329 -6.83961 4.89426 2.99397 -3.53896 -5.04268 10.336 0
-10.3768 -9.0789 0.298114 4.89818 0.293941 -8.06586 2.33602 -0.509137 -6.79537 8.04773 0
-10.653 -7.13288 0.263818 8.87028 -11.1318 -0.637812 -3.56516 0.126437 -8.5093 7.35241 0
5.55045 -5.09894 8.45037 6.58281 -10.8248 -1.17182 2.94157 -5.08002 -5.65282 11.1216 0
-8.78385 -8.54783 -0.394462 3.53276 -8.76533 11.845 10.3301 0.53057 -5.60948 -9.34253 0
-9.6123 -6.88797 4.91067 8.56085 -8.54745 -3.24874 -0.186145 1.34668 -7.39275 18.8313 0
23.2856 -7.32887 -3.06274 5.96445 -10.3293 -0.00622967 5.5579 0.0353704 -10.2613 6.18107 0
-16.6829 -18.9981 2.11339 4.94947 -6.05724 -3.2544 -0.898727 -6.22815 -6.20164 13.9468 0
12.875 -10.4104 0.273481 6.9082 -5.448 5.20302 1.57248 -0.922967 -3.54869 16.2995 0
1.17881 -18.4661 5.2904 4.9914 -5.0387 1.42495 8.56347 -0.185575 -9.29721 6.28693 0
4.43219 -14.3574 2.79679 3.768 -12.4661 -3.04824 6.73274 -0.825889 -13.8902 7.91823 0
1.43049 -14.0216 1.06012 3.74604 -21.2043 -11.474 -7.30113 -4.17278 -5.95334 15.8111 0
11.563 -11.3277 0.615158 6.54212 -14.8831 -13.909 6.52556 -1.699 -3.24585 11.2729 0
-3.25651 -9.52001 -0.703261 6.70399 -5.21754 5.21269 -0.0684134 -2.49704 -10.8694 12.9723 0
-8.37197 -16.7308 4.0362 5.2218 2.24253 8.86221 0.245029 -1.78571 -7.89802 12.6839 0
6.84049 -3.22831 0.992281 5.51695 -6.76364 -1.92554 -4.36956 -1.37717 -11.4277 3.28404 0
-0.49461 -7.16405 0.57279 10.1062 -15.9833 -8.22177 1.20748 0.835351 -9.46702 12.6409 0
16.4615 -9.42996 1.7393 8.34053 -6.10243 3.34994 -7.90784 -5.07253 -13.7626 11.1311 0
-0.0850903 -6.86616 -2.29534 11.0021 -9.18766 -12.0938 -3.19777 -1.55546 -7.794 11.6655 0
0.492491 -10.3088 4.64129 7.04154 -13.775 -14.9992 -0.336546 -2.29457 -2.87143 14.8913 0
15.2471 -14.3975 0.150697 3.31299 -4.72706 -5.46472 3.49123 -1.59686 -5.77805 15.7616 0
4.987 -6.06502 0.643665 5.62931 -8.69484 1.68845 1.28602 -2.27033 0.385576 7.82208 0
-0.475975 -4.16564 2.16623 8.20193 -12.183 -10.4216 -1.5266 -0.639496 -3.159 12.4889 0
5.09214 -15.1693 7.55111 3.7578 1.92709 5.29292 -1.43436 -1.98273 -5.13006 7.75358 0
-0.705552 -10.7995 -1.84965 2.81605 7.76787 -5.55815 -0.944593 -2.40212 -5.69461 8.17746 0
2.38767 -6.01845 3.24443 5.48987 -11.0887 -1.82123 -3.27362 -3.46017 -1.84804 1.36546 0
4.79444 -13.1631 -1.51182 5.08122 -11.6999 -1.95738 2.85019 -3.16553 -6.89299 10.2781 0
4.24528 -12.3986 4.19115 5.55214 0.581574 7.5362 -2.64446 1.02038 -6.19928 14.5167 0
-1.52427 -14.2977 1.75565 9.73682 -11.7376 -9.74205 0.634422 -1.19447 -9.71899 17.616 0
1.23082 -11.239 3.8704 3.00973 -3.08555 7.15696 3.90658 -2.67728 -4.61569 6.69076 0
9.50321 -6.55845 -1.23792 6.88766 -11.6011 -1.69894 1.67655 -0.833617 -5.04979 13.9969 0
17.0621 -3.37836 -1.42627 7.28055 -11.9703 -9.61991 2.4823 0.271366 -8.95464 13.4188 0
9.78294 -6.17626 2.5758 5.3172 8.2623 -10.4484 -2.39663 -3.0145 -3.16413 3.64732 0
-1.89913 -15.2757 5.18447 6.66963 -12.9259 -18.7267 1.62302 -1.76711 -4.28508 9.80682 0
-0.948407 -14.1343 0.849171 5.32341 -16.9037 -3.66449 7.8879 -2.09623 -4.29681 5.79844 0
-1.79053 -8.28381 6.67366 12.5702 -13.3363 -4.32337 5.65867 0.221047 -4.06282 14.0761 0
-3.66964 -6.2887 0.722352 6.42381 -8.00791 -20.9704 0.770533 -0.134154 -7.3368 10.9759 0
3.10107 -8.68768 3.76688 4.58578 -18.3398 -0.757492 -0.599424 -3.76237 -7.90126 -4.10457 0
-8.61432 -13.1143 3.74744 6.09416 -13.3985 2.76651 2.9415 -1.28171 -7.90173 9.80036 0
0.228516 -12.8565 -2.67484 6.55224 -7.56636 1.17084 -1.83338 -1.37798 -3.01493 15.6976 0
2.89209 -10.6645 8.16865 2.45216 -18.04 10.7366 3.74801 -0.12989 -3.5944 9.17875 0
-1.25062 -18.3372 -2.8658 2.69305 -4.64164 -6.23711 2.71299 -0.445064 -4.62808 6.64872 0
12.2967 -8.4392 1.07314 6.73202 -7.1097 -1.8836 -4.89724 -3.78303 -5.16297 15.3623 0
-1.87155 -1.99851 4.16472 6.76322 3.8388 2.2117 1.83546 -4.12263 -9.51295 6.02459 0
12.8117 -10.8194 1.04226 3.38366 -18.2711 -5.38889 0.475401 -0.628584 -5.15756 14.053 0
3.66567 -5.09198 -3.36575 2.06802 -6.70634 -5.9721 -4.91406 -2.07059 -7.40536 2.24413 0
14.5129 -16.4002 3.44699 6.9088 -4.9868 3.61485 3.83124 -1.77538 -9.13361 4.14395 0
0.521996 -14.3577 3.55989 4.95944 -2.03906 -2.73504 -5.8384 0.265996 -3.13787 13.0838 0
-2.14034 -5.73397 -2.98586 6.58424 -3.63942 -8.01009 3.69009 1.38353 0.100944 15.338 0
5.9361 -6.32931 -0.411776 3.91551 -10.7587 6.24309 -0.248952 -3.07361 -7.49117 4.68219 0
2.88025 -11.6555 3.62349 5.53641 -19.043 -3.35415 6.90285 2.56554 -0.255785 11.6814 0
-0.941071 -11.2427 -3.53177 3.18001 -5.04879 -10.5051 6.16095 -1.35206 -11.1417 11.7587 0
-1.13282 -11.4171 4.6913 4.71531 -10.2175 -4.38289 2.73893 -3.12357 -10.1017 11.2777 0
-13.4445 -4.84554 3.37893 5.63042 -12.2454 -5.47015 1.74739 1.5484 -8.03861 -9.85508 0
19.5618 -7.5308 3.09957 7.27545 -0.238419 7.33929 0.136792 2.43852 -5.41962 11.2016 0
-6.5864 -5.66841 0.844555 8.74141 4.21654 -16.9831 0.563643 -0.8113 -2.43224 1.13492 0
9.78987 -8.69221 3.94404 4.6014 -13.4593 2.37309 -4.05616 -2.82598 -9.91838 7.09274 0
13.9684 -17.0015 3.93748 0.249438 -23.5309 -7.10068 -0.574782 -2.66787 -6.89503 16.0904 0
3.89268 -8.08094 5.36986 7.4156 -7.44973 8.62102 -1.49853 -1.05957 -12.6739 8.01979 0
5.23547 -9.00982 3.79731 4.26168 -10.7859 -0.693854 2.54082 1.30187 -9.53463 4.13356 0
1.94021 -2.999 4.30338 7.29791 -9.31383 -4.37458 1.6448 -3.94317 -10.3316 5.09843 0
0.47237 -2.97471 9.62257 5.01381 -20.6501 2.11307 2.60054 -3.96454 -2.82252 7.61894 0
-5.46108 -20.3575 -1.55162 4.10364 -7.52485 2.88677 0.284549 -2.14856 -5.19804 15.7014 0
6.41156 -13.705 4.87348 4.37235 -9.2904 13.8701 0.642884 0.543333 2.48941 9.13007 0
5.62312 1.7191 -1.61948 9.48761 -2.14936 -0.471611 -15.4999 -3.09723 10.8373 -20.7947 1
6.21105 11.2637 -0.54072 8.90562 -1.85111 -6.81177 -1.93088 -2.73248 6.41116 -14.238 1
6.74964 4.91597 -2.69353 -1.20235 -2.18774 4.93367 5.73012 2.16943 6.27992 -5.4288 1
18.6928 -2.44445 -12.0979 26.6231 -0.403279 4.63076 -1.08484 1.87712 7.18631 0.560317 1
6.33031 4.13204 -3.05581 15.8201 -2.25922 15.1045 7.82097 2.49853 8.55737 -14.8925 1
1.78147 3.27041 -0.280395 17.921 -0.665844 9.77919 3.97903 5.06517 6.30057 -10.586 1
2.42044 7.85834 4.00479 12.0236 -2.80093 16.0954 -1.59568 2.71707 8.17118 -14.666 1
-0.137554 0.943595 5.73382 4.08207 0.556582 5.7395 2.99599 0.467633 6.54152 -10.2357 1
9.84912 8.49255 2.37013 4.36668 -0.255295 14.6438 4.33629 2.32871 10.1278 -7.0427 1
2.26422 2.8238 1.35227 3.8144 1.26851 0.4682 7.19843 2.2282 4.86753 -14.3755 1
-1.79735 6.79586 -12.6714 2.55662 -2.3342 11.8675 4.98895 -0.865548 9.1647 -11.9427 1
6.92118 9.87159 7.8959 11.9296 1.39292 -2.74454 -3.95941 2.79256 9.10795 -24.05 1
13.1542 10.8379 -3.27598 16.2622 -4.84127 -0.402065 2.6381 0.819113 2.19085 -4.66206 1
21.9585 11.2052 -5.88069 9.74133 -2.45272 0.124645 4.39308 4.23406 10.6639 5.94324 1
-0.0831034 11.1586 13.1441 6.34471 -1.0728 7.86832 -0.641833 -2.36694 10.2635 -15.1024 1
8.3619 14.7766 -1.54154 4.73627 -4.45298 10.5518 12.8732 2.08105 7.7303 -5.92403 1
8.36049 7.94823 -0.393131 8.29182 -2.27853 3.17947 -12.4319 1.64671 9.93652 -13.5743 1
16.7493 6.19398 -0.473315 1.39218 0.244727 4.83888 -3.22991 1.92221 7.64574 4.19913 1
6.34297 12.5147 3.33878 0.656285 -0.284258 15.8363 1.86567 -0.335723 6.08408 -19.036 1
12.7292 16.7376 -12.5011 16.9917 1.0662 8.81827 5.01426 1.35671 9.98198 -0.615983 1
18.0732 13.7307 -3.05702 9.35053 -3.45579 4.41512 2.65952 -2.82198 3.73282 -3.19146 1
7.03215 0.0604352 -2.2349 14.1281 -0.794225 -3.60791 2.82734 -2.74064 4.74802 -17.0879 1
4.02228 13.7312 -6.51334 -2.07462 -3.05167 10.4629 -3.60422 6.66777 8.8269 -3.94788 1
-3.55939 3.90597 -11.4497 8.32529 -2.3938 7.77717 4.40321 1.73816 8.16822 -11.7391 1
13.2858 12.453 -4.72647 -3.22445 0.67707 0.913503 -4.09576 3.7947 9.48038 -11.5129 1
10.4948 2.26825 -6.96492 6.71017 -0.425233 12.4205 5.70753 4.29421 10.2503 -19.2733 1
-6.46479 7.02255 -0.460353 4.88412 -1.16759 16.5112 -1.84129 0.4254 6.53498 -7.54884 1
9.17045 6.66421 15.2485 8.08412 -2.59506 6.24478 5.40944 1.95301 3.73911 -11.8636 1
-1.53344 13.9002 2.18427 2.93663 -2.53901 11.8022 0.226067 0.982538 4.38825 -10.1683 1
12.8567 26.5812 5.14474 12.0365 -0.714932 12.903 -12.0221 0.776787 5.77175 -9.84879 1
10.6873 8.95973 -14.3675 -1.43784 -4.39974 9.83264 -3.7792 2.2857 10.9275 -2.12074 1
9.06196 14.0887 5.44966 5.93698 1.34196 6.35782 1.30493 0.239299 4.32592 0.97077 1
5.70152 3.89952 -4.37225 3.22512 0.204106 4.96253 2.54613 2.03756 6.58506 -8.98537 1
14.0905 9.75378 16.605 9.15261 -1.88192 4.732 -5.56669 -1.09163 8.73721 -0.813732 1
7.3799 6.88792 2.52794 3.22737 -4.89021 8.77875 16.5372 -1.30223 7.33028 -13.9258 1
0.719418 15.9562 -2.28697 -2.41647 -0.436292 -8.76489 -2.81297 0.272117 9.19723 -21.0657 1
9.62632 2.48783 -7.10831 8.138 1.97398 10.488 10.9191 0.192683 7.24209 -10.5154 1
10.7885 -14.5462 8.75322 5.19773 -1.81809 12.8021 1.71583 -3.8694 7.37094 -9.8236 1
0.918399 17.1685 -3.50119 5.28032 0.483983 4.93186 0.0544768 0.223575 5.22491 -5.86342 1
7.28542 -3.40967 -12.0351 -3.24142 -0.889536 -1.57224 15.4666 -0.0605739 10.6625 -10.2468 1
-0.116704 -2.36371 6.51512 10.3648 0.732684 3.42509 -10.0343 3.18121 8.30535 -12.0937 1
10.2764 -9.4917 3.15492 11.3118 -0.0816541 7.21075 7.47785 2.12127 7.32626 -6.73462 1
-1.80441 3.67268 8.5301 3.99026 -0.869853 1.98027 -14.9738 0.871582 6.91945 -4.50404 1
4.8165 -2.4786 -2.54003 0.0192967 0.499836 8.60513 -1.10988 0.167103 6.89099 -7.42194 1
3.61568 3.98044 -0.290691 17.8033 -2.46491 -0.110113 11.9394 -3.83625 7.2009 -12.0991 1
18.3378 7.77186 1.6349 8.15675 2.14381 6.6935 -0.722346 1.60026 7.65699 -4.36863 1
6.86423 11.8686 2.2618 19.8038 -3.41338 10.5125 -9.30306 2.24696 5.37847 -9.45135 1
5.74011 2.66276 10.0937 -3.12851 -3.15498 6.116 12.6236 2.84958 8.15729 -18.3251 1
-0.163444 0.357013 5.64816 4.00059 2.85464 4.59519 3.07136 1.90427 5.69021 -11.9635 1
13.5574 1.23512 13.3855 11.2495 -1.76965 -9.9469 -4.8085 2.28305 5.78246 -12.7169 1
1.68942 10.071 0.474458 6.14473 -2.69493 10.4561 8.44143 -2.9706 9.36904 -8.26865 1
3.21062 0.370925 6.17727 12.2387 -1.04627 13.2677 0.135602 0.00675206 4.6471 -2.80337 1
1.52071 11.3329 -6.43885 5.62096 -4.01226 3.19977 6.17376 2.29272 8.20171 -9.4777 1
12.523 13.1088 12.3083 11.6535 -3.33628 4.22463 -8.54601 -1.30153 4.79452 -8.12456 1
9.46343 9.39841 10.6531 -6.53168 -1.07889 10.1234 5.32494 2.03539 8.8839 -5.12463 1
4.17656 -1.39521 0.858037 13.0992 -1.66576 1.13583 -0.420873 -3.71248 5.93876 -8.81636 1
5.88925 9.32204 -6.21936 8.54475 -1.86218 10.9672 5.34943 -1.69763 5.9804 -8.25646 1
2.02926 5.33592 5.19848 10.0142 1.17536 -9.49315 -6.71915 -1.00897 6.61853 -13.251 1
12.1929 0.82178 -12.1369 2.09249 -4.29255 -1.6256 -5.82039 -2.06526 6.91309 -10.6537 1
2.19933 2.87789 -2.03177 14.8419 -0.0638721 2.55433 -5.46842 2.32254 6.26624 -5.57029 1
-3.76914 7.13829 10.1167 2.92024 1.35687 -1.45912 4.59825 0.551078 6.97236 -13.5112 1
1.45415 -1.83521 2.99791 8.04217 -2.95861 11.753 -8.90121 2.20885 5.15485 -13.2334 1
8.99931 11.189 -3.4248 13.0079 -1.69585 12.3828 -2.22188 5.27563 5.39689 -14.484 1
-4.5931 -1.35004 -2.6974 12.4565 -5.6933 10.3416 -3.42411 -0.552263 10.2184 -12.9895 1
15.3177 5.9542 1.59368 6.87612 -2.92894 13.568 -7.24624 -2.27304 6.51072 -10.7758 1
3.99524 3.80424 -1.21748 6.55835 -1.61601 7.1764 -0.384711 2.14188 7.18164 -0.283042 1
8.85045 11.8353 6.85924 8.08862 -5.35197 5.04915 -1.79321 0.391099 5.50369 -4.90247 1
14.9623 5.66016 4.60151 2.12034 1.69574 13.2021 7.16534 0.386879 5.1435 -5.47476 1
0.250245 4.28987 -1.10871 11.0036 -1.05486 2.02939 12.8968 1.85938 7.50671 -12.7284 1
11.8014 16.5499 8.59566 10.6112 -1.11799 9.21881 2.53299 2.30248 9.58156 -10.9724 1
17.6488 8.01562 4.43867 15.6701 -1.30319 -0.973251 6.47112 -0.537108 4.88818 -18.0022 1
-1.80344 7.23879 -6.01834 11.969 0.866469 -0.198227 2.68996 -3.3668 7.99548 -6.18298 1
18.9985 14.6167 -7.64755 11.0464 -3.59113 1.97448 -10.1435 0.59679 9.99269 -6.82118 1
15.8015 11.9435 -8.44014 11.8706 0.21013 5.46311 -9.9314 1.71468 9.76697 -18.3663 1
-0.235575 -5.98632 -4.40188 9.5077 -0.233848 9.09005 -2.62649 0.865034 7.78577 -9.72248 1
14.2852 15.4379 3.24684 6.40393 -2.35884 -4.33258 -3.75541 -0.747213 3.52616 -13.4283 1
12.9077 1.12545 10.3436 23.7541 -1.89409 16.4938 -6.34321 4.17797 8.24813 -23.9762 1
-0.160307 7.88203 0.802663 7.82906 -3.4757 8.40271 -6.16274 1.94753 8.91418 -17.9696 1
-2.5107 5.30512 -6.08935 0.870293 -0.195971 0.846284 18.5313 4.18463 6.5614 -6.61834 1
16.2883 -1.4839 3.32536 2.22893 -0.83964 9.69577 -2.77264 0.248099 7.68429 -6.20078 1
7.37728 7.90419 -14.4616 7.93026 -2.02835 2.86809 -7.61319 4.44288 8.12229 -1.5898 1
16.4027 10.0195 -8.36471 -1.13115 -0.406296 9.10832 7.23898 -2.85911 7.3824 -1.07292 1
7.96377 8.2993 5.4899 6.47352 -0.303339 14.5697 -2.09714 2.7761 7.25124 -15.23 1
19.5169 -3.69794 -11.7753 8.3509 0.0452039 0.702227 -4.34997 1.06712 8.07797 -14.8707 1
11.4302 -11.6119 -5.09814 10.5323 -1.51266 7.82891 -2.32436 1.09305 11.9073 -12.8541 1
17.878 2.6629 -8.55152 -0.915542 0.179897 8.01386 -1.12203 3.18539 6.77258 -4.66422 1
2.96577 14.7552 21.5748 -2.62041 -3.38849 6.11788 -0.67759 0.183348 7.88849 -7.30432 1
2.06632 9.75482 5.12611 9.41284 -4.25277 15.6222 -3.0871 0.386876 6.18585 -3.44925 1
10.9735 -9.93093 -8.38101 0.617229 2.11084 8.32474 -4.91149 0.404172 9.29272 -16.055 1
-1.63303 15.5146 -12.0463 -8.02599 -0.842663 7.53053 0.0786451 -0.496548 10.4185 -6.3796 1
-1.17238 12.0802 10.2156 13.0018 1.41832 9.63054 -8.24642 2.82697 7.01926 -22.7582 1
-0.798886 4.2833 -4.29058 1.80185 -0.741799 0.892874 -7.36235 0.994617 9.89148 -11.955 1
-2.51926 0.079089 7.69485 13.5522 0.671589 2.87056 -5.36894 0.945605 6.93674 -6.19178 1
7.95714 8.8237 -17.8987 0.210804 -0.0258489 16.8521 1.41398 0.0864178 4.96164 -3.53877 1
7.59347 -0.0910299 7.3413 10.1988 0.272471 8.8915 7.20848 1.10193 7.50166 -24.8716 1
4.55316 17.8461 -1.88044 5.98906 0.588061 1.89544 -3.52184 0.226317 5.63245 -11.3204 1
14.9442 3.51172 9.65578 22.8332 0.20823 5.76315 8.86712 3.58824 10.9518 -19.3214 1
13.1423 10.5749 3.75674 11.0041 -0.899413 15.5125 4.8338 1.52188 7.32831 -4.17327 1
-21.5909 8.1012 -1.28909 -3.66115 -6.15324 -13.3861 12.2775 -12.4858 -0.683419 2.60505 2
-2.92344 -1.09331 1.59432 1.85912 -2.69227 -9.58889 6.80734 -9.31616 -1.17235 -8.67158 2
-8.83705 -1.82316 -2.31598 11.5765 -5.09851 -12.1431 11.6428 -8.2342 -1.39767 11.2259 2
-17.6538 7.64869 1.00761 3.42795 2.06698 -7.81951 6.83922 -7.40292 -2.05283 5.3823 2
-9.62394 6.50295 0.711982 -9.33755 3.59434 -11.2913 6.96772 -7.8921 -5.04159 -5.73775 2
-9.65086 15.3803 -0.171694 16.1523 -5.99074 -7.75121 8.4152 -15.2235 -3.00512 6.36746 2
-16.2657 14.5697 -2.42049 0.640814 1.32552 -9.93366 11.6798 -7.97297 -1.35645 -0.451863 2
-8.83201 17.7806 6.53166 4.94782 -4.15465 -4.15204 7.71498 -12.2836 -8.78592 1.80606 2
-15.2416 15.7335 -0.655393 -1.29267 -0.428253 -12.3938 6.15375 -8.27665 -2.63251 -2.77521 2
-2.55354 5.20114 3.44925 -5.23632 0.017825 -12.3324 7.21582 -13.1446 -3.34541 8.36256 2
1.27059 13.3919 2.61282 8.73522 -3.97438 -10.0155 9.16224 -9.48748 -3.0399 3.86358 2
-6.67053 0.330039 2.16632 9.89766 -2.11221 -8.80176 5.69764 -10.9626 -2.74211 -2.58648 2
-11.1466 4.39625 0.539617 5.37558 -4.98251 -14.8462 7.30399 -14.9619 -1.82788 -3.74535 2
-11.4161 4.52084 1.43477 4.44423 0.550995 -11.7572 8.99211 -10.7353 -6.36239 -9.64109 2
-10.4019 3.50656 0.807441 -3.42329 3.52385 -9.23278 9.57446 -3.66886 -0.181431 3.84484 2
-7.97737 14.9124 -0.116864 -2.86888 0.0888078 -14.0729 12.086 -10.5755 -1.51495 -4.56431 2
-8.32775 7.3162 3.57368 3.01222 -2.09155 -10.0264 6.8563 -4.54558 -1.75667 4.29368 2
-4.87088 1.13205 -0.247992 12.1908 0.394482 -7.76605 6.13465 -7.50612 -4.17604 7.80832 2
-2.60995 4.60163 -4.19901 8.25827 -5.58433 -11.5012 11.0498 -10.5569 -4.19317 -0.229243 2
-4.87851 9.1611 4.47317 6.95956 3.64701 -11.4507 11.1497 -3.95743 -2.84766 -0.574538 2
-15.3849 8.54466 5.39701 15.222 -1.07906 -10.4206 10.6588 -4.72838 -3.52945 -5.66815 2
-13.4466 10.3894 2.06661 1.90384 -2.51238 -9.45319 11.2279 -4.34289 -3.84987 3.0986 2
-3.49465 5.38485 2.01921 -0.579978 0.409558 -9.74 9.88321 -2.69644 -1.90161 5.0412 2
-13.6401 2.04601 -0.181994 2.2271 -3.34147 -12.9799 8.02724 -7.94126 -0.644279 -0.271872 2
-12.3355 19.035 0.649058 -11.094 1.42131 -11.9681 9.84898 -16.3997 -1.4662 0.105167 2
-6.88249 8.85524 -0.0175664 0.034123 -0.841166 -11.2116 11.7539 -3.06409 -4.21807 4.21476 2
-16.733 9.39697 -1.46269 13.8959 -5.48302 -13.4231 9.33958 -5.43271 -4.06023 1.41045 2
-10.5746 -1.87764 -1.16048 -7.44251 0.113805 -16.5489 8.6966 -12.4609 -2.32922 2.5216 2
-8.0738 18.204 1.37805 19.2274 -1.65759 -15.1428 9.22832 -8.73066 -0.376467 -5.73709 2
-9.2464 2.42605 -4.43458 5.37965 -1.48308 -11.8976 7.72564 -7.60076 -2.45761 4.87216 2
-7.72768 10.7789 3.6461 -1.58462 -4.20059 -9.18681 7.92752 -3.31689 -2.39563 -2.06428 2
1.16764 19.8469 -1.06995 6.75231 -5.41996 -12.8256 6.96509 -6.66524 -4.41025 -1.61636 2
-15.2125 10.5037 -5.44863 5.7553 -0.713669 -13.3521 9.48856 -10.4376 -4.17901 -2.05423 2
-19.4563 15.6473 1.96557 20.6034 -1.72522 -9.65783 9.78624 -15.7323 -0.147117 -6.51165 2
-9.21768 1.42866 -0.108163 -5.23483 -1.18525 -10.5494 7.74182 -12.7013 -2.32524 -10.8509 2
-3.87106 3.53388 -0.556198 0.260697 -6.88179 -6.79326 9.428 -5.06317 -3.17792 0.0519503 2
-11.1868 17.1065 -0.727386 4.15467 1.16541 -7.0254 9.20994 -13.1379 -2.68205 2.96601 2
-7.31742 13.8468 2.36167 20.584 -4.9761 -9.55541 8.15701 -6.92488 -3.51488 -7.0521 2
-3.54856 -2.18695 2.86487 9.83538 1.53023 -9.66419 10.1401 -5.91353 -2.15629 -3.88151 2
-7.03828 9.83771 7.01425 -6.79116 -0.4134 -11.9649 13.512 -10.6549 -4.45704 11.1838 2
1.83209 15.3752 1.43698 8.38911 1.27206 -7.52286 6.06042 -10.0728 -0.95269 4.37096 2
-8.27547 1.40973 0.93119 0.825287 -1.73005 -4.45906 6.35027 -4.72855 -2.18451 4.06799 2
-5.63384 -0.814501 0.652131 2.0936 -10.3016 -10.3786 4.66196 -10.4665 -3.73311 6.73804 2
-6.02735 1.47599 1.63582 15.0593 -5.48729 -7.41843 8.47054 -8.02211 -0.267232 4.25825 2
-8.15948 10.5172 -3.14391 -6.78789 -3.18375 -8.4479 6.78775 -5.35735 -1.96635 -2.0672 2
-5.36833 10.4474 1.97073 -10.881 -2.51467 -13.7118 7.9084 -9.4272 -0.750699 1.69539 2
-4.30065 13.5674 0.73625 3.64547 0.578672 -11.5941 8.84405 -7.76237 -1.83789 -4.82317 2
-8.18833 -0.857897 -0.0829201 -4.90827 -1.60292 -9.10539 9.34334 -3.79924 -5.12418 2.30704 2
-13.6542 9.06511 -1.73413 2.67496 0.0133134 -7.69999 10.4506 -4.13 -4.56695 -10.7996 2
-0.465525 13.6781 -0.920126 -0.822719 -1.6373 -7.18252 11.5143 -12.6628 -2.5462 8.08228 2
-9.74853 11.8017 1.69515 6.60634 -0.664378 -11.6523 6.20932 -9.29433 -2.12365 0.666745 2
-14.8995 3.49848 0.595405 1.20505 -4.39926 -6.1815 9.4887 -10.9704 -3.38458 -2.06924 2
-10.7621 12.9258 3.14956 4.75418 -3.95757 -7.31062 10.8195 -13.8799 -2.20451 -0.771547 2
-16.1199 3.38419 0.391353 -5.31336 -2.92411 -11.6771 7.41211 -12.2002 1.0327 -2.49638 2
-10.0431 2.85327 5.54448 5.49955 -0.0673811 -6.52674 6.32116 -5.52507 -1.44582 -1.68225 2
-12.5949 17.6801 1.03028 17.589 -0.0522196 -7.90795 9.50777 -2.33216 -6.32079 -2.39215 2
-6.32248 7.5024 -3.89943 -2.14402 -0.87499 -11.5095 4.90555 -4.10107 -2.12639 -2.65858 2
4.37872 9.38063 -0.66487 4.97557 -1.33952 -12.6013 10.1434 -7.53438 -2.55075 7.34291 2
-8.05339 20.0923 0.152334 5.77424 1.24162 -7.437 6.44741 -10.8758 -2.78759 2.89146 2
-6.74812 -7.02053 -0.46901 -0.945121 5.75375 -8.58341 8.46853 -6.21797 -3.06536 0.889755 2
-10.7612 9.86868 2.97919 -0.831329 -2.59584 -12.2405 9.23031 -10.8821 -1.35932 1.19106 2
-16.2744 9.20344 -2.5168 4.62946 -5.19918 -10.2703 9.08071 -9.42055 -3.05521 -5.29084 2
-4.19229 0.842271 0.278027 0.584166 0.308009 -9.33819 9.40914 -8.8616 -2.80736 -3.87969 2
-14.7145 2.10992 0.618758 1.65668 -3.12373 -13.9594 10.7883 -6.59374 -5.72798 -3.77927 2
-0.422215 19.5834 1.60531 11.1613 -1.89554 -7.9405 6.9519 -9.2372 -1.60526 2.00728 2
-9.34761 26.7823 -4.38365 -10.9956 -3.73724 -10.5594 9.13112 -10.5585 -2.12672 5.8909 2
-8.0096 7.9812 -0.944692 17.4886 -3.20504 -8.69682 8.30083 -7.561 1.70537 6.30679 2
-5.63934 14.01 1.59787 7.38024 -5.42857 -9.7724 8.47747 -3.80227 -3.52359 4.29655 2
-12.0441 17.6204 -0.0829092 10.4921 -3.16216 -9.92817 10.9913 -10.8976 -0.829325 11.1339 2
-12.9151 8.68532 0.815263 2.09516 -2.83456 -7.79609 7.64663 -10.5795 -2.80817 0.00874389 2
-6.3614 13.9955 -2.47675 -1.91049 -3.14068 -10.0461 8.65923 -6.6359 -1.95537 3.97538 2
3.21059 9.60063 3.21267 1.78135 -4.80994 -8.15287 8.54838 -11.576 -4.81304 -3.62156 2
-12.2325 2.92343 -3.04796 0.053355 -3.58973 -12.7305 9.1063 -14.353 -1.18082 -3.38299 2
-2.36452 5.12285 -0.774578 -2.37811 -0.0849445 -10.8113 5.38844 -6.77233 -5.66351 1.85107 2
-4.37276 9.06036 1.06115 -3.77384 -0.00888091 -9.06426 11.2597 -7.23921 -1.93125 4.91565 2
-14.5326 6.49112 0.418629 -1.40618 -0.20588 -4.47452 6.48635 -8.95398 -1.58332 -3.09756 2
-8.80731 6.98669 -3.0288 -3.7802 -1.09865 -12.6956 9.44674 -9.59555 -3.40366 6.41275 2
-12.4505 11.5239 1.14115 -0.774001 -1.66926 -9.67455 7.99031 -8.69066 -3.95784 -4.49742 2
-2.64142 14.3491 3.18233 -7.33089 -0.854422 -5.23712 9.82496 -4.75219 -1.00895 -2.74604 2
-4.08519 7.189 1.72081 4.44055 -2.21027 -11.4632 9.5402 -11.193 0.202616 -1.75342 2
-6.67253 6.9862 0.0696051 -3.40395 -5.09607 -10.2281 9.09556 -7.75909 -5.38678 1.93706 2
-8.65978 13.8513 1.59416 1.22867 -3.09189 -11.9431 10.4401 -1.24523 -1.90749 9.0396 2
-15.2487 0.600046 -2.70656 -6.52165 0.903167 -7.35793 6.94318 -14.1402 -1.65551 -3.35926 2
-14.6985 -1.64267 -1.88625 4.63178 -3.94942 -8.37652 6.43096 -7.34128 -2.74829 -1.18944 2
-10.9424 17.0476 -1.25842 1.3061 4.57699 -9.28959 10.3781 -7.89256 -5.40918 9.06678 2
-17.4432 6.98143 1.45295 7.41754 0.822569 -7.95408 8.60038 -2.97062 -1.68092 5.10985 2
-15.7034 16.7191 2.88399 -0.211432 0.766969 -6.018 11.6237 -17.026 -2.43229 1.08213 2
-2.75688 11.485 4.46997 -0.872066 -2.05725 -7.38867 11.0795 -13.8266 -3.3941 -7.12528 2
-13.115 4.33385 2.11208 5.0424 -0.0296913 -11.6375 9.02129 -5.37684 -1.94783 -12.6683 2
-6.20558 8.28381 -1.34669 -1.46432 -0.521515 -10.9248 8.09165 -10.8981 -1.71944 4.75082 2
-8.26891 -1.59245 -0.226975 2.82063 -0.369678 -5.74671 9.94872 -6.65569 -0.953649 -4.16172 2
-14.9013 11.6633 -2.76847 3.28597 -4.11383 -11.3385 8.08007 -7.73551 -2.79138 -8.96212 2
-11.3133 8.91809 3.53874 2.88674 3.22361 -9.2065 11.7255 -10.3339 -2.08602 -2.62844 2
-9.13019 1.50125 -1.93388 1.93588 -4.69439 -8.54923 8.29421 -6.01378 -4.56059 6.2309 2
-12.4832 6.82787 -0.192843 5.47777 -0.211855 -8.65145 5.68381 -5.44699 -3.67139 8.35053 2
-9.54973 16.226 -0.177225 9.14967 -1.50711 -7.37781 5.99593 -8.49461 -0.17627 -13.1177 2
-10.2033 -1.57033 -0.239653 5.70692 -5.69653 -8.06057 5.78951 -5.15086 -5.00906 -5.25254 2
-7.30241 8.40288 -0.751071 12.9558 -1.81183 -15.3246 6.28423 -14.0145 -2.85583 7.87797 2
-15.6968 13.9306 -2.37174 -6.62701 -2.06928 -8.83773 9.13145 -7.83775 -2.58881 -6.68428 2
-2.54971 8.73804 3.59181 11.2961 3.07295 -10.832 6.86546 -7.40224 -3.30313 -6.3346 2
-7.4485 9.39185 2.91496 5.61582 -1.74166 -9.20398 10.0957 -10.1216 -2.92611 11.4158 2
-10.0967 7.47026 2.04602 0.244584 -0.966869 -10.4961 11.5584 -8.71588 -3.33278 0.572667 2
6.16608 3.55588 0.65234 0.710005 -0.718365 -10.156 7.37727 -8.23778 -2.29241 3.63744 2
-13.8305 10.9438 3.25714 -4.61877 -6.14357 -9.82353 9.0537 -7.23279 -2.54338 -9.83041 2
-7.90188 11.707 -0.0986648 -0.382957 0.893294 -12.2824 8.03255 -7.88753 -4.13808 -1.2271 2
-10.8351 7.68652 -3.41665 3.55527 -4.59448 -10.2631 8.23196 -10.3648 -3.30555 -2.65659 2
-14.6014 3.62359 -3.4696 -8.23584 -2.18573 -6.59218 11.1169 -1.67902 -4.17425 2.78484 2
-14.9309 6.17294 -1.87588 2.49397 -2.97378 -10.7429 12.392 -11.4555 -1.88989 9.3425 2
-7.82045 12.4974 1.67818 -1.68392 0.270497 -7.75683 5.38593 -9.61296 -1.18881 0.656623 2
-6.82125 -14.2495 -2.13673 -0.29994 -4.29513 -8.42722 9.57034 -8.25652 -2.14517 2.604 2
-6.45888 7.85877 -3.17485 -8.09074 -1.09914 -11.1009 9.50186 -10.5336 -1.54314 8.8565 2
-10.5004 12.8577 -2.24948 7.14531 -6.6167 -10.5474 8.77514 -11.6393 -1.92399 -4.84072 2
-4.61196 9.50453 0.21746 1.06101 -2.26171 -11.5299 8.2959 -5.20762 -5.34717 5.87711 2
-4.15681 7.90857 0.192568 -6.04526 -5.26989 -10.3337 10.7109 -13.3073 0.145707 1.33941 2
-12.2707 5.23666 0.205203 2.13876 -1.35526 -8.51252 6.96258 -10.7249 -2.60261 -1.68694 2
0.971962 4.14912 -0.0752379 7.02049 -1.87948 -9.01567 8.34911 -10.2673 -0.937728 7.40226 2
-15.9583 -3.44439 2.46367 4.18964 -5.65272 -4.45792 7.74073 -12.1262 -3.66466 1.40243 2
-7.78532 6.01439 -0.78929 -2.43845 1.19041 -8.83213 8.75769 -9.38974 -3.33228 0.596338 2
-7.73966 11.3422 1.16719 1.79123 -3.30226 -8.70241 8.46497 -4.58804 -2.02432 1.23092 2
-4.71594 -3.08809 2.33609 7.7855 0.532438 -13.3006 9.89421 -1.68693 -4.79993 4.28923 2
-8.67069 3.08804 -1.64963 15.8062 -2.76062 -13.1746 11.7171 -8.78763 -5.60923 1.31615 2
-2.80115 5.18222 -1.0966 8.00964 -4.35968 -8.2132 7.58311 -10.9366 -4.12577 -5.30006 2
2.9286 0.748761 -1.82596 6.61967 -5.44502 -8.35178 4.49476 -1.70103 -2.96421 -10.2216 2
-7.54842 15.8089 -0.401145 2.02521 -3.90974 -7.70943 5.93492 -8.16845 -2.33381 3.38657 2
-3.4359 2.44031 -1.12635 5.06878 -2.35349 -6.60149 8.71915 -10.4475 -3.84698 0.701076 2
-4.39736 11.5619 -0.84883 4.88737 -3.95809 -2.40776 6.92251 -3.2893 -7.42882 -2.9744 2
-10.4262 8.50724 -1.55366 -1.88979 -6.50672 -13.0214 5.65043 -5.94132 -4.72215 6.96484 2
-12.5692 0.479866 1.77142 9.74633 -1.17148 -6.41819 8.51058 -7.45192 -0.982891 1.27073 2
-11.4315 -1.7078 -0.516492 7.22083 -1.21829 -13.0302 8.32432 -7.36415 -3.34733 6.92629 2
-7.28441 3.61815 -2.37061 -5.85335 -8.15177 -10.0873 5.99804 -10.6316 -3.13005 1.91568 2
-3.17328 -5.1955 -1.5267 -3.89419 0.155929 -11.2081 6.76752 -9.3411 -4.69905 -5.45117 2
-1.76841 4.50727 1.26344 -6.1462 4.11398 -11.5788 10.1509 -9.16638 -1.64236 0.716887 2
-12.1012 5.30383 -0.526093 16.1216 -2.18688 -14.0521 9.12614 -5.21419 -2.78855 -0.179049 2
-16.7496 19.6727 -0.462821 6.16707 -3.10129 -10.9332 11.9563 -7.24748 -4.6007 4.62123 2
-0.417889 11.1157 -0.744534 7.68807 -6.2741 -9.7745 7.83035 -4.68599 -0.770866 4.00475 2
-8.74227 19.3426 2.67521 -1.832 -0.791447 -11.2663 10.1074 -7.50673 -4.34741 1.74557 2
-2.30318 -0.329349 -1.84568 -2.49669 -0.958307 -7.99291 7.11499 -5.8099 -6.05238 -1.71686 2
-8.27004 4.63356 0.253474 -4.09247 -2.79933 -5.15955 4.96687 -6.47429 -3.64142 -1.90276 2
-14.5249 0.210064 3.27991 14.7858 -1.21318 -11.9518 6.80087 -13.9544 -3.90013 -8.62589 2
-12.2265 3.82229 -2.53398 10.1503 2.4408 -6.61176 5.98565 -13.7116 -5.37013 4.96027 2
-4.33302 12.9289 2.55739 3.5294 -1.61677 -6.62303 9.99321 -13.3962 -4.00455 -3.93405 2
-4.98795 2.18218 0.20643 -3.24946 -3.16493 -7.83743 10.5636 -4.79118 -3.90315 -3.17288 2
-3.09343 11.5037 -0.0735027 6.60618 -0.432242 -19.1126 12.5322 -5.52639 -3.61896 -0.258666 2
-7.08153 17.7461 5.35816 -0.028421 -1.93968 -11.0076 12.6679 -6.63655 -5.58534 1.83206 2
-10.2106 -1.73121 1.7306 14.781 -3.84263 -9.98537 10.053 -5.75063 -3.2853 -0.790789 2
-11.0655 14.969 -3.59997 -0.87077 -1.60655 -6.03066 6.25569 -3.5344 -1.16483 3.59185 2
-20.7137 7.4578 2.65474 8.39339 -2.50857 -9.5394 11.1118 -4.30334 -2.81027 -8.49451 2
-10.6268 11.213 -0.605029 1.83266 0.611038 -8.82246 10.3379 -11.8079 -3.81604 -1.42382 2
-11.5819 0.0881558 -2.38982 5.78591 0.836692 -9.99012 9.22332 -4.64323 -1.8158 3.97561 2
-3.89019 5.53996 -0.360812 1.96664 0.633012 -9.90973 4.74587 -10.6701 -1.44342 7.26689 2
0.767836 4.29751 -3.19098 -3.476 -0.922677 -7.65841 12.1903 -11.0564 -2.67952 -0.90661 2
3.98707 -0.558212 -1.46411 6.36872 -5.51112 -6.73193 7.3761 -8.10039 -0.801451 11.7494 2
-13.1095 9.38922 -0.80938 10.2464 -0.665141 -11.7833 8.02711 -12.1855 -2.76077 10.2242 2
-8.01127 6.04302 4.1156 -0.0337608 -3.75383 -8.61861 4.77164 -9.11311 -5.41703 1.68156 2
-7.34168 17.4289 -1.89424 -8.66525 0.637258 -7.77254 6.94271 -6.4713 -3.15009 4.17893 2
-15.7735 9.21584 -0.483431 8.45903 -3.11746 -13.2022 7.60307 -1.35045 -6.1461 -6.27833 2
-18.3986 2.18224 -1.67431 12.204 -1.6748 -10.0684 10.8911 -14.839 -4.76817 5.66833 2
-11.4451 -3.94045 -6.2921 -6.06405 -4.29 -9.10091 8.72478 -14.2667 -2.56145 -6.79589 2
-12.079 7.75205 -0.00805598 -2.52787 2.69201 -8.17101 5.93646 -7.20198 -2.81056 2.97325 2
-2.39165 7.01641 -0.932031 7.61779 0.44476 -13.8941 9.81232 -7.90148 -3.53561 -0.836279 2
-17.4721 6.89566 -3.4511 5.65862 1.41447 -11.2457 9.04573 -9.26777 -3.65763 -1.09867 2
-16.6916 11.4195 -4.66985 -1.68326 -1.24404 -8.43206 7.62663 -13.2991 -2.81562 7.72218 2
-17.1626 3.50572 -0.493459 23.7063 -1.36508 -7.50597 7.9175 -7.69076 -2.5839 -3.66065 2
-0.818833 8.74847 -3.17228 -15.5331 -1.50374 -14.0296 11.2554 -8.04993 -1.94607 5.31017 2
-4.4134 15.1608 -0.122879 4.66199 0.0660578 -0.920234 7.93631 -8.77252 1.55364 3.40998 2
-11.9688 8.88107 -1.73226 6.04042 1.2926 -8.57515 8.8405 -16.601 -2.98843 -15.8681 2
-3.22491 4.2532 3.73301 2.34075 -0.768783 -9.68051 6.78331 -8.2529 -4.16387 -5.26497 2
-11.2654 5.11559 -1.00124 -1.18048 -1.40018 -8.09801 5.705 -2.26585 -2.80646 0.0747045 2
-2.31658 6.78878 6.69764 -3.59388 -6.23715 -12.5651 7.41567 -7.18058 -2.43262 -3.59026 2
2.23641 -3.93123 3.68856 -0.165824 -0.896777 -11.4977 6.50933 -10.0209 0.400845 -2.17467 2
-7.93074 7.18726 -1.147 -3.14711 0.257963 -14.0434 9.35758 -3.51919 -3.23238 5.34385 2
-9.399 2.32581 -0.00025071 -2.25768 -1.25067 -6.11212 8.18287 -6.36185 -2.53301 -7.17441 2
-5.57406 7.11967 0.657969 13.4114 0.48114 -10.118 6.16218 -6.8373 -2.78568 -1.90487 2
-3.7258 2.14727 -0.89949 17.7601 -4.48987 -9.59024 11.6971 -14.6114 -3.96861 -1.30745 2
-7.40356 12.3423 2.89633 16.8231 -2.8465 -4.73235 10.4316 -9.55544 -5.54279 -3.36406 2
-15.1984 -5.24278 -3.4422 7.8178 -2.0311 -10.2338 10.1841 -13.2826 -0.180794 -0.0248967 2
-12.5113 4.29219 1.64592 -5.24306 0.583549 -6.40973 9.56262 -17.8099 -0.906796 -4.96213 2
-13.9717 15.4507 -4.02679 -10.2588 -4.10731 -6.63024 5.48519 -11.793 -1.97703 3.82165 2
-11.7512 16.323 -3.08807 0.748238 -5.54302 -7.47833 1.47027 -7.43509 -3.53731 7.39114 2
-14.7086 3.81379 -1.5571 3.37374 -2.47436 -9.44405 10.9363 -5.61114 -2.5396 8.85944 2
-14.1594 15.9691 -0.157265 8.89717 -5.25498 -6.22521 7.62726 -4.89903 -5.04843 5.11125 2
-13.1112 9.27641 -3.12152 -7.32917 2.13733 -8.58036 6.84223 -10.7736 -6.73479 -4.34628 2
-2.43481 -4.90966 -0.414034 -3.87454 -1.76606 -7.91837 10.8436 -6.21747 -2.71255 0.958702 2
-4.13152 4.63323 1.08594 1.82655 -1.64787 -12.5836 7.16334 -6.48383 -3.35842 -2.75158 2
-6.87155 1.98504 1.3288 -0.559146 -1.33671 -6.29227 9.36903 -3.81804 -1.15941 -9.7961 2
-7.0947 1.14435 1.42075 4.92963 -3.18577 -9.32346 11.7381 -0.912267 -0.692541 -0.680176 2
-10.738 1.72414 0.771398 -6.2775 0.500727 -7.30166 6.61233 -12.759 -6.87043 -0.930097 2
-6.78202 10.339 4.10841 13.1814 -0.242183 -9.71959 7.39564 -8.79641 -1.37313 6.54592 2
-8.44877 10.831 -2.16224 17.5059 -4.8011 -10.2699 10.8659 -3.29525 -3.17264 1.95931 2
-5.38127 23.1482 2.01896 4.52358 0.901772 -5.69684 9.16117 -10.7435 0.565442 1.0322 2
-9.94619 17.4824 -1.88936 -3.06487 0.191546 -3.24342 9.12567 -10.0636 -2.54391 -2.8828 2
-9.45211 8.05359 0.219016 6.40666 -7.55229 -11.4109 9.82961 -2.77249 -2.48891 16.8894 2
-6.84439 1.33468 0.473995 -1.46016 -3.26384 -11.8634 5.08788 -9.30198 -4.52863 -3.46432 2
-5.54593 -1.33153 1.79142 -5.34195 -3.61588 -15.5858 12.3631 -0.779509 -1.84828 4.94183 2
-7.01122 17.2934 -4.57578 15.6809 -4.77593 -11.5641 5.52545 -11.6345 -4.48847 5.55451 2
-7.85893 6.36261 1.17399 10.8726 -1.79856 -5.86934 9.83473 -6.69879 -1.29601 2.74074 2
-6.88343 5.32172 -0.536828 4.59712 -1.4093 -12.1625 10.1267 -6.34054 -3.42656 0.152758 2
-14.9235 10.7593 1.69289 13.8801 -4.96468 -9.18963 11.5966 -8.05941 -2.65039 -9.76157 2
-14.3568 7.33601 4.58274 -2.66178 -0.575537 -10.8509 9.50002 -6.61884 -0.325071 6.6579 2
-11.3784 14.9836 -2.9715 3.45009 -1.80345 -11.8057 9.53017 -5.40836 0.756485 4.73538 2
-5.52056 11.1074 3.5949 15.1254 -2.0261 -11.1004 7.85077 -8.44555 -4.31497 2.50703 2
-9.77473 10.802 5.50719 19.8629 -3.66726 -10.783 11.0848 -4.46249 -3.57891 11.4794 2
-17.8341 11.5897 -2.10205 1.72502 -2.41947 -8.42132 9.20689 -9.16747 -3.22091 0.0784718 2
-7.77223 5.90305 1.41801 3.99145 1.10605 -9.62166 9.23941 -7.35986 -3.36989 2.35914 2
-11.3054 -1.96297 -1.82705 8.67198 -6.81938 -8.61797 10.2174 -6.26072 -3.29158 4.31998 2
-9.36015 -3.51661 -0.43777 15.5706 2.89587 -11.3327 7.57894 -8.46964 -3.1259 1.51601 2
-6.06465 7.66531 1.40968 7.0212 -2.08651 -4.70634 5.87403 -9.56568 -1.86511 12.18 2
-7.50968 14.4816 -1.71018 -7.94179 -2.08781 -11.1747 9.78488 -10.0033 -3.41649 0.256299 2
-10.0652 7.78547 -2.48493 11.9389 -0.952478 -7.93649 4.32216 -10.3796 -2.10949 -0.622472 2
-15.1984 9.44271 0.162171 4.47922 3.85447 -8.30033 7.30059 -10.9033 -2.21001 -11.6937 2
-3.73642 10.3398 3.81605 -4.03858 -3.75963 -8.85791 5.41473 -3.02561 -4.16662 -5.53587 2
-9.38033 17.6124 -1.5247 0.609696 -5.70577 -13.0656 9.98736 -6.99035 -4.09588 7.11896 2
-20.7648 8.9646 2.98666 13.3404 -4.65567 -3.55319 7.09486 -1.72074 0.130865 -14.8736 2
0.313338 7.56436 2.27019 3.67437 -1.37871 -8.16673 8.22771 -9.995 -2.8929 3.07327 2
-15.4153 3.5764 2.19566 -4.53158 -3.75475 -12.2497 8.33249 -11.465 -1.20314 0.311766 2
-15.2608 21.1954 3.22359 10.8108 -2.35946 -9.15829 5.84504 -10.7659 -3.71815 -2.03157 2
-10.4945 8.32049 0.92795 -3.1547 -4.02485 -8.67303 6.07816 -6.93958 -4.3873 2.56002 2
-3.13661 3.73969 -1.22362 5.4712 0.427849 -5.50471 10.8685 -11.2936 -2.91651 0.504593 2
-17.5311 -2.3377 0.416203 -1.86515 -1.10634 -1.79014 4.84415 -3.73855 -2.20392 9.79221 2
-5.02451 3.36205 -0.7105 -1.52611 -3.93014 -7.49212 8.66511 -0.741943 -0.325869 2.39451 2
-13.657 17.735 -2.11612 1.66964 -6.44576 -8.64767 8.90275 -11.8878 -0.265947 0.037987 2
-7.71623 16.6473 -0.814103 10.5331 -0.717116 -14.5098 11.71 -7.92847 -2.88037 -11.0617 2
-5.36525 9.59207 1.9731 7.36895 -0.554711 -10.3357 5.19014 -0.722756 -2.91743 3.6935 2
-8.80388 -0.495154 0.58719 6.20609 0.141322 -9.83885 7.86383 -9.13281 -2.15199 5.98168 2
-15.7033 8.15547 2.8781 0.187013 1.87195 -8.31622 8.29049 -7.40696 -3.93963 0.535324 2
-11.184 -4.86627 2.38757 10.5886 -3.0722 -9.79161 11.6586 -12.0406 -3.8857 -2.09659 2
-9.05332 14.95 1.50121 18.7255 -4.24293 -13.5578 8.40351 -7.60659 -4.69053 4.42304 2
-3.4251 10.3302 -4.92353 1.09759 -1.34364 -4.46412 7.82795 -10.5403 -0.491118 -4.04443 2
-6.82379 18.9032 -0.623628 -11.9231 -1.12935 -12.4139 8.45606 -8.29479 -1.00933 -8.5917 2
-18.7216 14.0878 2.1992 -3.23174 0.680479 -12.437 12.6439 -8.09357 -1.56347 2.02554 2
-8.11384 4.02431 1.8257 9.89026 -0.312967 -15.451 10.8394 -5.25391 -0.705077 0.765684 2
-10.6271 -3.4592 -0.36443 -2.98923 -1.72792 -10.8212 7.38198 -5.66223 -1.75691 -2.06256 2
-7.9908 2.61058 -4.39941 -4.30078 -1.21043 -6.97624 7.98298 -9.95037 -5.37936 -2.45627 2
0.264005 11.9717 -2.7892 2.17445 4.22872 -12.6364 8.26386 -7.92115 -2.30517 -8.71719 2
-11.7064 -0.694357 1.54508 -4.74724 -5.85877 -4.41234 5.77192 -2.82844 -2.42512 -0.992989 2
-5.46767 11.3381 0.446511 3.54685 -3.31417 -1.36336 6.22867 -7.33356 -2.02957 2.8155 2
-16.8095 10.2952 0.394716 14.1887 -2.50592 -5.10619 5.82555 -4.02406 -1.7727 3.02443 2
-2.03093 21.0261 2.40899 8.50562 -4.29557 -10.9228 13.4208 -4.37173 -5.13973 0.0867771 2
-13.3958 0.763907 -1.13482 -9.66507 -4.2492 -8.31304 11.1382 -3.79924 -2.06634 -0.127243 2
-4.22863 17.3001 1.21678 2.11034 -3.7183 -14.5413 10.6566 -3.67713 -5.9539 -4.49452 2
-7.66156 1.65936 1.77698 -5.30308 -3.42857 -8.07648 6.85484 -5.61351 -1.7284 2.71239 2
-8.07191 7.64845 -1.20181 -5.39315 -2.40418 -8.12182 7.49229 -4.85896 -5.49052 3.38726 2
-11.2189 3.32143 0.425275 -3.37859 -3.63061 -10.2969 9.38273 -2.89827 -1.8779 3.83912 2
-10.0348 28.7765 -3.07412 1.77979 -1.76302 -11.9057 7.79586 -8.40049 -3.81302 6.0277 2
-7.18171 -3.9889 -2.06725 0.0623775 -1.62432 -13.2855 9.08637 -10.7795 -4.94729 9.67091 2
-2.22069 13.5536 -1.18468 -2.99315 -2.67749 -8.53308 10.451 -7.20361 -2.3986 -2.13379 2
-10.9749 16.6316 0.937698 -0.339755 0.0186086 -12.6865 8.91159 -2.95989 -3.18588 -3.333 2
-18.5017 -3.02795 2.83497 1.46724 -1.92592 -10.579 13.2917 -7.81978 -1.64655 2.24219 2
-11.2941 9.6725 -0.0473657 14.4818 -4.16364 -15.8421 11.591 -7.90009 -4.66084 3.11324 2
-4.92083 11.8749 -3.5091 -0.720572 -5.74647 -10.736 8.91008 -11.6334 -5.67907 2.32096 2
1.45632 12.0375 0.66267 -0.343045 0.369389 -6.21839 10.606 -8.9347 -3.92709 5.55101 2
-16.8566 5.12269 4.57439 11.5023 -3.36384 -9.33625 7.03289 -16.1411 -1.47598 3.34723 2
-3.14145 23.3544 -1.12069 2.21231 -3.12165 -8.33306 7.25975 -6.193 -1.97016 -5.71125 2
-4.64182 9.98602 0.985305 6.30236 -3.77778 -8.91239 12.4218 -10.2576 -1.65255 3.15248 2
-16.3024 -3.88551 0.4745 13.4243 0.278981 -9.01385 10.4933 -3.3918 1.95267 -0.926655 2
-7.27486 5.72139 2.19319 -1.46004 -0.132119 -11.9935 8.95774 -8.49801 -1.33641 1.33151 2
-1.94734 6.38369 1.84142 3.49485 -4.77335 -7.64575 11.061 -4.54872 -3.80332 -1.86006 2
-8.98795 4.2532 2.19027 -2.24975 -2.47988 -12.2752 11.0095 -11.2009 -3.26057 8.42052 2
-4.56682 -3.77766 0.794076 2.95458 -1.10317 -14.2737 6.51392 -4.13241 -5.67687 -3.14549 2
-10.2777 0.730537 -1.56586 -1.75323 -5.73572 -10.7692 11.112 -12.6765 -1.14377 -7.06985 2
-10.5424 17.5729 4.67447 6.03654 -6.20963 -10.8936 10.7956 -8.30255 -1.31532 -3.69649 2
-5.40361 1.79052 -0.351002 9.81659 -0.240257 -11.8806 6.87403 -13.0385 -1.51385 0.813634 2
-6.50559 4.23035 -2.39409 -6.77911 -0.92035 -10.4812 12.8663 -10.2741 -0.78755 2.30755 2
-7.6129 6.26521 2.51107 8.42917 -6.32165 -13.5543 6.5461 -10.1971 -3.868 -3.17259 2
-15.5183 5.71376 -2.65605 13.5733 -4.16058 -14.9279 9.25025 -16.1486 -2.24786 1.00931 2
-12.23 7.20538 -1.21886 1.76596 -0.903733 -10.2336 8.25559 -8.72188 -0.0173705 3.9872 2
-4.84716 4.65077 -2.04617 -4.0318 -3.68665 -6.32725 6.91684 -9.54534 -1.81482 3.28367 2
-10.401 -4.18958 -1.09915 11.7124 -5.61292 -8.2338 10.0262 -14.8066 -1.36294 3.91718 2
-5.59686 4.07335 1.48124 3.0444 -0.0508194 -7.53909 15.3115 -11.5554 -5.73923 -1.28541 2
-13.2298 12.2487 -1.13877 19.1176 -0.590671 -11.28 10.7762 -6.57783 -1.79881 5.07399 2
-9.11371 3.78536 -1.11922 8.15094 -1.16733 -12.6373 13.2637 -10.7123 -3.73815 1.06542 2
-3.17971 3.45858 -2.92396 18.6192 -0.404884 -8.5233 7.72295 -12.3733 -3.606 12.0494 2
-11.0627 9.82621 -3.30169 2.39542 -1.5961 -8.71465 8.55964 -17.1971 -3.15904 -3.49032 2
-1.90819 5.14406 -3.27837 7.52591 -4.83474 -9.6843 8.8567 -7.35469 -3.42928 7.78423 2
-9.40407 11.4744 -0.0951195 1.61737 -3.25513 -6.09839 8.91282 -6.01925 -5.72739 3.40073 2
-11.1631 8.96822 4.67294 -8.85465 -3.82188 -9.59995 13.0415 -5.73618 -3.5827 0.382077 2
-5.06666 7.92322 -0.556844 13.3989 -2.74579 -9.41157 8.38288 -11.7307 -2.51019 10.3021 2
-10.421 9.11531 2.17574 6.20903 -5.27881 -7.60382 6.52328 -6.87253 -2.58566 0.283259 2
-16.154 11.1442 5.94306 -12.4 -3.66611 -9.76991 8.73719 -7.93831 -4.65567 -0.783413 2
-10.6301 10.2111 -1.93767 11.7001 -5.73711 -15.011 12.4788 -10.7412 -4.62865 1.77313 2
-7.87515 17.6728 1.49456 15.14 -1.30644 -8.62084 7.90178 -11.1671 -2.40561 11.4713 2
-8.58026 7.64483 0.962854 -2.10013 -1.94939 -12.202 8.4713 -9.78998 -0.676646 8.39981 2
-4.54827 10.939 2.53585 7.51046 -0.450025 -13.0848 8.62535 -6.5039 -2.22485 -4.11997 2
-12.2027 12.0017 0.338365 17.3602 -1.62675 -12.9245 9.87301 -4.55635 -3.33792 -2.13677 2
-6.12876 -4.73561 0.934405 -1.56404 1.49789 -11.0587 9.78867 -6.97441 -0.335463 -9.05199 2
-1.02206 -6.87593 -3.55207 -6.28018 11.8049 -3.25894 -9.98389 6.79524 10.2196 0.221564 3
-5.03536 -3.74987 0.971501 -13.5842 10.8963 -3.83084 -6.09074 9.0228 2.17569 1.0598 3
1.49951 -7.16574 -0.586901 -8.73378 15.2222 -2.60105 -7.6596 5.28553 5.6915 2.30009 3
2.5796 -8.46691 -0.664277 -10.3802 5.90565 -1.05694 -10.5737 10.7366 -7.84921 4.26558 3
-1.68967 -11.8937 -3.05435 -7.0084 7.88588 -4.70072 -11.3492 3.33917 -1.38961 3.63488 3
-3.57425 -8.71714 -1.48409 -7.47049 2.16036 -6.85472 -5.9099 7.92499 -3.08567 6.11248 3
-0.302211 -9.78712 -3.71506 -9.15553 -1.5836 -2.29266 -8.86079 6.46299 -1.36118 3.69913 3
-1.59658 -7.39845 -1.55985 -9.88455 -2.60605 -2.51081 -1.6415 6.97311 -1.65531 1.9512 3
-0.0555855 -8.60531 -2.34693 -6.46787 11.0235 -5.99201 -4.50424 12.5963 -1.57494 3.56186 3
1.40449 -8.24134 -6.64902 -7.57475 -1.70751 -0.938427 -8.46635 13.5314 -1.88325 3.67195 3
-2.32278 -9.21778 0.800401 -7.88728 2.86525 -3.73042 -14.6355 4.34989 -0.0230425 3.70432 3
3.28525 -10.6029 -3.10931 -8.69488 7.90935 -6.58439 -5.6835 9.2989 -3.3884 5.30499 3
-1.73798 -7.73853 -0.467849 -5.07671 9.06499 -0.938184 -9.44968 1.01443 -2.19979 5.37779 3
-2.00236 -5.98352 1.05424 -6.09312 2.66048 1.25762 -13.7893 9.44046 -0.763603 3.31781 3
0.327342 -7.90042 1.24032 -6.13884 10.4607 -5.72032 -8.51408 10.0285 3.8191 3.62963 3
-4.43731 -6.97693 -2.1765 -6.02888 -3.33257 -6.20798 -6.38324 6.99387 -13.4662 3.57643 3
7.21888 -5.80858 1.69771 -10.0427 4.77545 -3.28712 0.0676414 15.1048 -7.79259 5.02276 3
1.75035 -7.65599 -1.33722 -6.17375 4.22416 -2.35867 -3.17341 1.94073 -9.2382 4.01627 3
-9.06775 -9.80774 -3.19083 -5.1911 13.2607 -4.22934 -4.53322 0.779604 8.77426 4.35277 3
-1.44777 -6.89429 0.251404 -5.22813 0.50742 -3.82437 0.519519 10.6912 -12.1377 2.60911 3
-2.22388 -8.57711 -1.83749 -6.39565 6.63022 -3.301 -9.76287 6.47734 -3.54699 4.62654 3
0.889643 -6.52528 2.01053 -4.60946 -2.14057 -2.16715 -10.352 8.74219 -11.4487 3.64957 3
-2.80673 -6.91899 -2.49817 -5.11369 1.27606 -2.40272 -6.80549 5.35886 6.69435 5.34459 3
-2.59218 -7.73152 -0.759081 -6.38678 4.89373 -0.529415 -1.07976 6.15146 4.85186 6.08133 3
-4.93204 -7.3216 5.33276 -10.6926 15.1733 -2.80683 -8.20342 5.36122 5.15894 6.81566 3
-3.06685 -6.37329 -0.882156 -7.26845 19.4667 -4.92484 -14.9456 2.53698 -4.91543 5.26129 3
-1.10224 -9.61633 -3.90796 -3.97723 -0.391092 -3.10923 -12.4849 11.0904 -2.74007 8.12255 3
0.104938 -7.37353 -2.04723 -6.72502 8.63559 -6.2464 -3.60754 3.44011 -8.89384 1.35982 3
-2.12971 -4.98743 2.14405 -7.66576 14.2108 -2.79554 -7.02962 7.05892 -6.37745 1.61483 3
7.14902 -7.42095 -2.91951 -4.25272 2.05474 -2.89059 -10.9632 6.0261 4.17406 3.1685 3
0.726342 -9.85489 -5.14417 -9.1496 -5.01855 -5.9594 -8.21187 11.3989 5.46701 3.12961 3
2.83802 -6.86032 1.49405 -7.24291 8.33723 -2.62911 -13.0952 9.25616 3.72107 3.10178 3
1.13535 -7.64489 0.0907107 -6.66957 -2.38448 -2.67624 -11.5846 7.62297 4.02801 4.33068 3
-2.87243 -6.72636 3.49396 -8.71027 3.65718 -0.898906 -1.9324 7.16102 4.66502 1.84669 3
4.42609 -8.75682 -1.45548 -6.88195 4.5965 -3.97095 -3.5895 9.65121 -4.99405 1.48583 3
1.58429 -6.00828 2.34629 -5.43451 7.88715 1.03458 -12.1716 5.85275 -6.96091 4.01869 3
-1.79894 -7.31116 -3.44167 -7.4247 14.2247 -2.3107 -5.49228 5.66662 4.05737 3.03916 3
-0.365852 -5.21019 -6.03729 -4.84269 15.2579 -7.0829 -8.09413 8.98493 0.504999 3.45624 3
3.32479 -9.41123 -0.163057 -6.05957 -8.62398 -1.15575 -10.926 9.22814 -3.0208 3.44582 3
-3.06902 -7.54701 0.307409 -4.21597 -4.00958 -2.32332 -8.24027 6.21661 -1.5818 3.53791 3
-2.53416 -8.76745 -4.06669 -10.1141 -1.48352 -2.7365 -11.495 12.2861 0.369443 1.18807 3
-0.847228 -7.63066 0.850467 -6.40175 9.43653 -2.38417 -3.57687 8.83432 6.48953 3.30619 3
-0.829903 -6.84319 3.61267 -9.77148 29.3 -3.10073 -12.6666 8.89501 -3.02696 3.96772 3
-5.95884 -9.85716 -2.43057 -5.90692 -2.62296 -2.26469 -3.5403 8.00905 7.62204 4.0391 3
-1.54836 -7.82741 -2.43059 -7.93359 13.4706 -2.2318 -2.63869 6.35737 -5.88757 2.25302 3
0.406072 -9.3749 -3.2967 -6.36969 -6.52283 -6.38042 -11.5349 11.1747 -13.3456 4.30147 3
-4.90829 -8.37961 -1.38753 -6.47238 10.0005 -0.749616 -6.98063 12.2536 0.807258 7.35643 3
2.15444 -7.56735 3.71414 -3.67455 18.2455 -3.6364 -10.5056 8.60403 -9.28128 3.01482 3
-2.6151 -7.54359 3.72493 -10.0637 7.02725 -8.09772 -4.70862 8.06945 -2.50799 4.16347 3
4.92541 -7.10954 0.546367 -9.51184 13.2351 -4.45599 -2.44668 10.482 -0.0316329 2.86213 3
2.27006 -2.59746 -3.75231 -9.81519 14.7686 -0.986797 1.81979 10.1938 6.50141 1.85617 3
-1.76441 -7.81221 -1.54418 -5.9099 6.22234 -0.206724 -11.9986 6.07022 0.873066 1.65936 3
-0.878059 -6.81541 0.535821 -7.96927 -4.24964 -3.99596 -14.4 7.75776 7.12686 1.4306 3
-4.60049 -7.34265 0.34928 -13.3163 -3.0528 -3.93059 -6.43498 5.24874 -2.85198 2.8057 3
-6.83049 -5.93775 -2.62812 -13.6964 12.7133 -4.80676 -4.35114 10.1228 4.38508 4.41025 3
0.243857 -7.44929 -2.17662 -6.32711 18.1068 -3.40533 -9.08275 10.0825 -1.48691 4.14714 3
-2.06933 -7.11819 1.1731 -11.5589 2.76814 -6.34532 -10.9371 6.34667 -0.164859 3.69368 3
-2.69979 -9.38762 -2.05607 -6.49652 22.1556 -4.12695 -13.1672 7.58862 -10.3545 5.72762 3
-1.29765 -8.81521 0.780854 -9.25068 6.91428 0.0153636 -16.2201 10.1325 1.03135 0.969472 3
0.479387 -7.46207 -3.7855 -9.12401 14.1888 -4.46521 -11.3766 7.89382 4.47581 2.89311 3
-2.73616 -8.1531 -3.59733 -9.79201 8.48945 -6.5651 -1.11562 7.43288 8.40074 2.21571 3
0.263089 -7.60115 -0.229975 -7.66492 10.2817 -4.49847 -4.88656 9.65997 1.82702 2.80273 3
3.32197 -8.357 -0.783474 -7.44837 8.72397 0.108489 -11.8669 6.23536 -3.73245 6.75796 3
-11.1687 -6.21378 -3.40853 -8.39161 -3.54081 -3.65851 -1.15277 11.1634 -12.4747 3.03581 3
1.17147 -7.90514 2.44036 -4.32373 -2.26197 -3.16446 -8.20507 1.87625 -7.40139 5.66471 3
2.97494 -9.39573 0.714663 -10.6788 1.69145 -4.18359 -12.0745 9.9758 -4.25848 2.85857 3
2.48908 -7.70508 1.00443 -6.9912 9.61231 -4.19426 -2.91353 6.31465 -10.1904 0.00780392 3
-0.63263 -9.33914 -1.12204 -5.88472 6.66723 -5.33404 -11.5382 11.2076 -3.75767 3.61012 3
4.39455 -2.32292 -1.97925 -6.36397 8.21483 -2.03709 -13.9521 8.40633 -11.3724 4.19004 3
-1.45458 -10.3828 -1.73993 -7.94816 14.7414 -4.346 -11.6144 0.130842 0.714414 3.53539 3
-10.7835 -5.75932 0.388488 -7.77672 13.7662 -4.9518 -5.37544 2.47518 9.74848 4.80795 3
1.8854 -9.61707 -3.55329 -7.44039 5.43713 -3.22102 -6.67521 3.19616 -0.278961 0.862828 3
6.64843 -4.44748 4.41048 -6.02329 8.92829 -2.11068 -13.906 9.21463 -14.6137 3.97997 3
1.6131 -5.19276 -2.6846 -8.94504 11.1653 -1.72743 -10.9457 13.0155 -2.18587 2.50909 3
3.65566 -6.35969 -5.1775 -6.49728 6.65889 -2.84342 -10.0145 2.8899 -2.36336 5.44796 3
-1.95273 -10.0462 -1.1137 -8.87044 9.56185 -1.94544 -6.63506 5.60423 2.06841 4.41767 3
-5.23786 -4.46558 1.68549 -2.95856 -1.45184 -4.79364 -1.25103 9.43099 1.37061 6.12991 3
-0.384112 -8.99845 2.18793 -4.94977 -1.84671 -1.8219 -13.0709 -0.12504 0.73121 -0.543554 3
1.45637 -8.51846 1.84167 -3.51021 2.05225 -0.0703673 -7.66212 9.72935 0.0746049 1.47319 3
-2.48886 -6.85512 -0.19743 -7.74561 10.566 -5.46198 -5.35243 -0.0930573 -6.61417 3.93704 3
-1.25652 -9.79443 -0.676162 -7.38833 11.8911 -3.62734 -7.45548 4.00046 -7.77041 2.44902 3
-0.478421 -8.32799 -3.95724 -6.55884 16.3684 -3.10354 -8.36928 10.0828 -7.42309 4.66622 3
3.69669 -8.94404 0.864574 -9.0993 16.8247 -0.0990454 -11.0834 6.14999 -5.65717 0.490234 3
2.6907 -6.79633 0.597142 -6.04563 2.85821 -0.773519 -8.5231 0.604361 0.602845 5.24364 3
-1.83171 -4.88285 -0.84182 -6.61258 11.4332 -3.44479 -0.761056 10.326 1.77514 -0.347464 3
-1.97479 -7.06699 -1.43001 -7.90898 20.558 -0.825671 -8.04215 8.69742 -8.86437 0.955433 3
1.17575 -7.96687 0.0752848 -11.324 -3.4442 -5.59497 -9.48452 6.27792 -8.07654 3.81932 3
-3.19831 -4.58111 -0.515078 -9.4203 9.31338 -4.43846 -6.66003 12.9802 -2.00122 2.77506 3
-0.975679 -8.98592 -2.34311 -6.22404 -0.176655 -3.70952 -15.2446 8.58874 -9.38358 1.50617 3
-4.77137 -8.84872 -4.82842 -8.49837 -8.54637 -5.0015 -10.6541 3.9718 -7.94463 2.93996 3
0.292685 -10.6612 -3.22472 -8.89825 11.0394 -7.07156 -11.5772 7.27093 1.02987 5.00218 3
-0.249951 -6.24019 -2.25246 -6.93455 1.41459 -1.44083 -11.9408 4.8957 7.07729 4.98207 3
2.51283 -7.97538 -0.0690734 -7.63789 10.8435 -4.27801 -5.60772 5.69394 -3.01158 -0.00961412 3
1.36175 -10.5093 -1.85911 -10.3365 13.3129 -0.780862 -0.501071 9.00211 12.0564 2.48094 3
-7.7459 -4.02596 1.57258 -9.77133 15.9632 -5.30219 -1.12929 5.63826 4.95325 3.25725 3
5.1636 -7.25965 0.769704 -8.67548 5.81041 -2.74303 -11.4417 5.74303 -1.31744 1.73913 3
-3.1606 -4.26683 1.09614 -9.02295 8.3217 -4.75503 -2.10645 5.18106 -14.9755 4.75867 3
-7.7813 -9.13385 -1.8077 -3.22482 4.22498 -2.62955 -11.7328 4.17995 -14.0416 4.42192 3
-0.0582518 -8.25806 -0.803545 -12.2514 8.38402 -1.19951 -10.3297 8.77255 7.57267 0.576056 3
1.03326 -7.79991 0.745902 -8.73836 5.94121 -2.02377 -17.7526 4.37684 -2.48061 4.03266 3
-1.54439 -6.29066 -2.59304 -5.36108 6.46867 -4.93635 -7.12091 11.0719 2.81908 4.72992 3
1.08854 -9.44898 -1.61509 -2.55039 8.01657 -5.17785 -7.89363 5.57074 -2.72338 2.10863 3
-0.935636 -4.34042 1.00307 -10.6077 2.19092 -3.59721 -12.6546 11.1607 -10.9539 3.33449 3
-5.75887 -9.25739 -4.42102 -5.6046 3.25524 -4.96307 -6.88146 4.75457 4.61596 3.96526 3
3.29539 -8.00402 -1.13166 -7.83207 16.9459 -1.44215 -13.3581 15.5222 5.32135 -1.3388 3
1.19926 -6.59835 -1.37601 -5.20739 21.581 -5.34313 -5.69059 10.8112 -8.3117 1.44426 3
-4.44937 -6.91991 0.804237 -4.56702 9.69382 -3.11729 -13.076 5.34127 -3.6499 7.87382 3
4.18236 -7.92477 -1.21104 -7.45492 3.78652 -1.6262 -8.07128 0.478542 4.59948 2.75049 3
-0.538128 -8.25804 1.11799 -9.71189 14.0576 -5.40643 -7.33549 9.64901 -9.02314 3.79702 3
-0.26295 -9.83422 -4.60766 -6.63759 1.42097 -3.27233 -8.83042 6.84841 0.355696 5.03129 3
-3.86457 -9.10785 0.876088 -6.14613 13.0953 -3.41616 -9.8252 9.95905 7.00294 2.65754 3
6.36841 -8.83294 -0.54038 -9.79118 14.1235 -4.08337 -17.1276 8.42327 -11.589 3.0447 3
6.81554 -7.10088 1.28616 -8.25522 6.97927 -3.14703 -3.02327 9.60054 9.38495 2.42148 3
-2.81071 -8.25453 -2.95146 -9.28439 2.93399 -2.7626 -10.2983 5.1075 4.00147 2.89692 3
1.61323 -7.68722 -3.95732 -5.89193 0.0543233 -0.904466 -5.9169 5.27213 2.10835 2.49941 3
-2.22517 -8.57319 -5.03123 -6.1669 -0.70812 -5.87454 -4.33129 10.5931 1.78948 3.77511 3
0.735883 -6.00878 0.688395 -9.19584 -6.23204 -5.21686 -5.53702 5.27246 0.347031 2.35216 3
-3.19584 -10.0927 -0.747392 -11.4621 20.559 -1.65058 -7.25817 15.031 0.818565 7.16789 3
3.20114 -8.83624 -0.546909 -5.75951 15.4204 -1.6774 -9.68244 4.29639 -7.45164 0.567802 3
3.13408 -7.57617 1.04952 -12.5598 5.84685 -4.28234 -9.18222 9.98049 2.77703 1.12765 3
1.67444 -6.62255 0.627025 -4.90668 4.78255 -2.49808 -9.4852 3.34984 4.90572 2.05456 3
-2.37463 -6.78525 -3.88351 -6.78717 0.298074 -4.71673 -3.42606 7.44778 -1.747 4.74613 3
-5.5604 -9.06436 -4.71867 -6.71957 7.14618 -2.68744 -21.2293 4.38997 -10.5369 2.62676 3
-7.50019 -4.39264 -0.22337 -9.98365 24.7132 -4.88921 -8.67708 12.8401 -4.35453 4.95432 3
2.54525 -10.4674 -3.53779 -9.57656 -0.728981 -4.04288 -5.03952 3.54657 4.22431 1.25221 3
-4.64531 -5.12612 0.265849 -8.41256 1.77159 -5.56955 -7.04438 1.2075 -2.27158 1.08575 3
1.14105 -9.53055 -3.06445 -4.10405 15.0846 -2.18705 -10.6133 4.31686 -5.44614 2.01659 3
-0.14008 -7.40148 -2.11684 -2.47694 2.33142 -2.1343 -7.01003 9.45007 -3.11138 2.36032 3
-0.543375 -6.13066 -0.59667 -7.37635 12.7852 -2.08411 -20.7582 2.84459 5.53722 3.14957 3
-6.38196 -7.15184 -1.87265 -6.9087 10.3995 -6.48015 -6.73238 9.36473 -1.95079 2.54789 3
-0.523869 -9.45816 -7.91864 -3.68738 3.50178 -0.432845 -3.73662 1.39259 -1.33482 4.99089 3
-1.59704 -5.71236 -2.49789 -5.36497 6.05533 -2.04746 -17.3035 8.32257 -2.70403 0.359126 3
-2.23137 -8.26577 -2.75774 -7.908 19.7939 -1.57585 -11.9628 5.70287 1.57335 1.77722 3
1.30328 -8.5081 -0.80606 -5.33032 3.18623 -6.81821 2.60726 10.0627 6.16217 5.13975 3
-1.27537 -6.02129 3.88777 -9.8879 -6.56708 -5.03442 -3.55362 3.54116 -8.38781 2.72108 3
-3.14787 -8.67604 -1.13561 -7.73057 10.4318 -5.01681 -5.65667 2.45585 -4.0777 2.6165 3
-7.95737 -10.9786 -4.50795 -6.08878 2.10992 -1.30762 -0.742802 8.48631 -4.84426 2.3512 3
-9.36678 -7.17153 -3.67464 -8.0042 6.88241 -1.95508 -11.7865 8.05549 -2.36555 2.39543 3
0.880403 -9.49104 -0.472808 -6.98333 3.92316 -1.4454 -7.19718 8.34415 -4.41237 1.02508 3
1.05463 -6.31232 2.6314 -10.9304 14.5318 -4.45358 -4.14059 9.79143 -5.66901 3.72283 3
-0.742234 -6.532 -2.94066 -8.76958 2.68098 -0.935036 -12.6719 10.1356 11.6908 4.946 3
3.49913 -11.5949 -0.107502 -7.27152 6.22058 -3.97455 -7.09846 9.45444 3.6852 3.66927 3
-1.09124 -7.85147 -1.28669 -8.25441 1.00101 -1.91527 -3.8846 6.2164 20.4124 0.0809759 3
-6.38401 -10.7892 -1.65901 -11.5821 2.89908 -5.87017 -7.12424 2.81417 5.28068 6.64969 3
-0.384076 -8.68558 -0.449487 -6.76046 4.99298 -1.49859 -13.3531 9.19439 -1.48169 4.47417 3
4.23414 -9.65513 -3.74513 -5.55056 1.55093 -1.69502 -9.10649 14.7534 0.912566 3.13576 3
-1.01152 -5.6676 -0.386862 -10.9043 -2.55547 -3.6547 -3.709 7.88105 -4.2289 1.09324 3
2.54257 -5.73932 -1.96631 -6.86041 7.20149 -3.44089 -11.7822 3.86113 -4.11923 1.91565 3
1.96804 -7.66524 -1.27287 -8.14321 -12.6902 -2.2385 -19.6844 9.558 -7.57672 2.99324 3
-4.04677 -8.27433 -0.485357 -2.30692 12.9294 -6.61629 -13.9348 1.64909 -8.8054 5.59405 3
-2.65857 -9.50985 -4.04992 -9.79998 14.7035 -3.40038 -6.88063 13.8482 -5.14979 3.00796 3
-2.96126 -5.27013 -0.858625 -7.40196 21.0835 -2.62472 -11.9751 5.78228 -2.75899 0.772215 3
-1.11663 -8.0206 -3.38828 -7.17267 -3.1928 -2.9146 -9.04131 6.69153 1.89917 5.58536 3
-3.4741 -7.13963 -2.21679 -7.82709 8.2067 -3.06998 -11.8286 5.50535 15.021 1.91639 3
-2.75428 -7.53814 0.0367947 -9.81465 13.0913 -9.2675 -8.29474 8.78231 1.05832 2.01297 3
1.06347 -8.69088 -0.365078 -9.63864 9.66878 -2.49112 -5.53144 7.39797 -2.40225 1.17958 3
-8.32358 -3.83213 -0.207728 -5.09033 4.06775 -5.05533 -2.7592 6.53919 -8.84819 5.4063 3
0.0287129 -3.93121 1.54739 -7.96194 -1.92178 -0.970789 -10.6764 6.45999 -2.42356 3.80746 3
2.51043 -7.05174 0.513287 -8.6529 8.61016 -3.45725 -11.076 3.82013 -7.55753 4.57551 3
-4.54031 -6.94317 3.56956 -8.36912 -0.21238 -2.84485 -4.25023 5.75844 3.81954 3.57997 3
4.74248 -7.47996 -4.01425 -5.53256 5.34751 -2.57022 -11.179 -0.46824 -6.23895 4.15453 3
0.733465 -9.77141 -2.46402 -7.59169 2.74115 1.45007 -8.51549 11.2008 6.11246 3.49512 3
1.95218 -6.57173 -2.53491 -7.18754 6.75279 -5.32769 -6.80039 2.73751 -5.35436 5.17822 3
-5.02949 -7.85538 -3.0364 -9.58526 4.15979 -2.54536 -6.36864 9.51083 4.60368 3.13833 3
-3.61078 -6.66188 0.807446 -13.3368 4.29852 -3.73103 -7.81609 11.238 5.02025 3.56911 3
-5.60946 -5.99384 -1.51783 -5.23564 8.70382 -5.22162 -4.36207 5.42033 7.60132 3.45989 3
0.552879 -4.7133 1.73913 -4.07025 6.80234 -2.46515 -7.4619 6.74881 -2.08969 4.29604 3
0.16035 -7.48717 0.165228 -6.6536 11.6568 -5.04369 -6.62482 12.5181 -4.25661 4.46377 3
3.33004 -4.17983 1.66782 -3.84847 -1.84308 -4.09992 -8.56011 7.35275 0.123823 1.16102 3
-2.38403 -7.20881 1.6241 -8.70788 4.01618 -2.54528 -5.91843 5.38908 -6.05945 1.87588 3
3.70924 -6.25273 -4.3204 -7.94628 -5.13256 -2.25194 -11.8607 10.1927 -1.55823 2.0807 3
0.99312 -10.0954 -2.07108 -11.9743 27.6714 -5.01043 -7.95981 10.523 -2.96469 4.16711 3
-2.46846 -6.51587 -3.75228 -9.63678 1.85211 -0.0187953 -8.0252 9.02608 0.485586 4.04943 3
-1.54232 -9.79658 -0.641437 -2.44472 -1.9366 -1.48634 -7.42287 9.15963 -1.23234 5.84255 3
4.87676 -8.81274 -2.26127 -7.40178 -9.1499 -4.29981 -6.9358 3.6346 6.64812 3.12069 3
1.99849 -7.31871 -1.67859 -6.94778 13.8103 -0.81682 -9.03749 5.98851 -2.48268 4.71606 3
-5.45632 -10.5596 -2.49873 -1.61746 14.2581 -1.4677 -14.9524 6.50826 1.16991 4.60538 3
-6.61778 -7.37227 2.7554 -8.37075 -1.98316 -0.953152 -7.12946 5.51722 1.80969 1.38355 3
-0.0418196 -8.20009 -3.85701 -5.9473 13.6837 -4.2391 -7.28598 10.4612 -3.08812 3.74972 3
0.326457 -7.48173 -4.5411 -8.89603 10.4117 -7.31391 -16.9682 5.78076 -1.09923 2.20032 3
2.2334 -9.00244 -0.266619 -8.00106 13.7094 -4.67401 -5.82418 6.02459 -8.16309 3.26938 3
-2.70691 -8.63899 4.62843 -4.5745 0.980787 -0.172319 -8.99673 9.98715 -5.64612 2.03332 3
-4.00683 -8.452 -3.551 -10.9095 12.5428 -1.65017 -14.3954 10.9863 2.31649 2.85674 3
-1.7064 -7.43688 -3.52772 -8.08908 -1.02662 -1.97366 -16.3052 2.36529 -1.41204 2.50416 3
-2.90724 -7.81803 1.33449 -8.18506 4.25465 -3.12345 -12.1869 3.08446 -1.35485 2.94482 3
4.86527 -9.81629 -0.174429 -3.02328 13.9768 -1.02849 -11.5525 10.386 -4.41792 -1.2171 3
-2.41937 -10.9489 -3.44232 -6.86039 3.37962 -4.99852 -4.68737 3.79084 -6.86004 4.86951 3
1.35699 -11.0846 0.89593 -12.1478 7.2642 -1.89034 -9.61183 4.38159 0.553347 5.41715 3
6.17969 -6.53003 -2.47734 -6.28687 21.0289 -2.34566 -5.14677 8.32181 1.84135 1.11578 3
4.15789 -7.98029 -0.00252334 -2.01836 20.1265 -0.841107 -15.8718 8.22373 -2.05659 3.84876 3
-1.64639 -8.93115 -0.19078 -8.53414 8.91989 -7.10394 -6.29793 4.29655 5.40988 5.04262 3
-9.75833 -7.56834 -6.42935 -6.12439 4.30389 -4.44554 -10.9934 5.72491 7.80401 5.88702 3
1.44568 -8.76015 2.8755 -4.68493 16.4542 -1.97405 -0.783661 7.72955 1.35384 2.65129 3
-2.51189 -8.29636 -2.87929 -5.54027 20.0208 -1.84806 -16.7623 4.59104 6.3877 1.91349 3
-3.91 -7.2288 -1.83093 -5.14437 4.0732 -2.73992 -1.28831 10.7457 -7.73355 5.17805 3
1.15022 -5.2755 1.41087 -9.41764 9.58811 -5.17985 -7.07429 9.42292 -15.138 2.48614 3
-7.68443 -5.248 -4.71195 -6.13748 10.4313 -9.27271 -1.31554 6.43799 0.822655 3.86088 3
-3.41833 -5.632 0.32043 -2.14548 17.7297 -6.45728 -3.87478 6.11897 1.60836 4.87448 3
-2.52076 -8.88156 -3.08136 -7.61683 10.598 -4.74234 -6.43658 9.79861 2.91629 3.19092 3
-6.11499 -8.44145 -0.143879 -6.7209 3.90198 -1.64281 -10.2446 9.73092 4.92973 4.06523 3
-1.74718 -9.19815 -3.63294 -10.1856 0.636471 -4.96858 -8.56006 5.97332 -12.4217 6.46465 3
-7.24268 -4.13487 -3.82127 -6.38597 7.61234 -5.01938 -6.56118 7.0023 -2.95552 5.6332 3
-1.13827 -6.29886 2.05165 -5.46614 14.8223 -1.54199 -2.98305 11.9532 3.98011 3.59372 3
0.354675 -7.84581 2.01615 -6.10028 4.88583 -4.58563 -6.83552 6.78666 -0.427679 1.93381 3
0.701214 -6.47271 -0.166059 -6.95098 -0.420099 -3.21863 -10.9283 12.2893 2.31486 3.66786 3
-1.69877 -6.72654 1.12233 -10.8552 0.0472753 -3.04711 -5.52465 4.80014 -10.6523 4.41788 3
3.91386 -6.85928 3.05728 -8.79985 17.9059 -2.44097 -12.9873 7.39438 6.04337 1.2817 3
-5.1135 -8.66741 -3.0984 -8.50205 17.669 -3.49986 -16.4643 11.149 9.0573 4.26134 3
6.23232 -7.66224 3.08232 -7.87701 -1.0444 3.79205 -11.8351 8.39506 -5.50475 2.40778 3
3.72468 -10.499 1.84627 -6.67805 20.3398 -2.46871 -12.9648 7.69279 -7.19072 2.97711 3
-0.895115 -7.45198 -5.16607 -9.60601 21.5666 -4.97351 -8.63108 2.42685 -2.09006 5.8415 3
-1.56834 -6.11874 1.96767 -10.8495 11.2111 -3.97113 -7.79562 17.4834 -6.07216 1.112 3
-0.205632 -6.13187 -1.27247 -8.77248 12.5111 -2.98532 -9.42352 8.33446 4.32109 2.72064 3
0.952661 -7.82472 3.7259 -4.51686 -5.13514 -0.536872 -4.81035 7.22138 -8.50358 2.28425 3
-7.23403 -9.00756 -0.268321 -7.63157 5.53999 -5.18649 -0.726516 6.85507 -2.07088 3.28623 3
-1.53002 -9.36998 -0.796101 -3.74207 7.75126 1.06524 -13.2094 9.39084 -5.30659 1.49694 3
-6.92524 -9.03952 0.210627 -6.15673 -0.840322 -3.65312 -8.43272 10.6604 1.14109 3.16878 3
1.47096 -6.89807 0.48998 -5.6071 8.55097 -2.40851 -11.453 4.35904 2.71528 3.43722 3
-2.21856 -6.90148 -0.358851 -8.07201 12.6546 -4.72277 -11.892 9.54287 4.54676 5.25963 3
-2.97682 -8.64232 0.361943 -6.41286 7.32162 -4.18542 -17.4841 0.729077 -9.44946 6.92737 3
0.503048 -7.05692 -3.10629 -6.93095 9.39611 -1.25649 -7.56489 9.06346 -8.3057 0.865045 3
-1.38256 -9.43878 1.25068 -9.65464 2.75066 -7.01419 -4.9488 6.3851 4.87636 4.98947 3
-0.288244 -10.9077 -2.63434 -6.65717 16.1601 -6.36045 -10.734 2.4745 -9.15873 2.77956 3
4.18443 -8.43647 -4.39574 -9.98952 0.339597 -6.08767 -9.13443 10.5954 6.0651 1.84527 3
-0.123062 -10.585 2.32345 -8.13783 6.02656 -2.73439 -8.19053 2.98359 -3.00021 2.69351 3
-5.8039 -8.45893 -2.37021 -6.94182 5.23973 -4.76142 -8.15697 6.76995 -12.1087 4.19762 3
-1.58645 -8.05382 -7.96378 -6.70279 15.2889 -5.90012 -6.89063 8.44301 -11.3621 2.22595 3
-2.79908 -5.28788 1.47618 -6.70683 16.4515 -0.250974 -2.85505 5.07623 -5.29753 3.50079 3
-1.38117 -8.11353 1.22355 -9.13441 8.25299 -1.9061 -10.6734 9.52673 4.324 2.7946 3
-5.67728 -9.11248 -5.2995 -11.9672 0.604732 -5.05621 -21.7363 7.75663 -0.47835 2.79457 3
0.929915 -5.36342 -0.587093 -7.35814 14.216 -4.12996 -2.68239 7.07636 -3.0096 4.13914 3
-5.67469 -6.45846 -0.0668469 -2.57431 25.8175 -0.842115 -8.5317 7.85862 10.7719 3.14662 3
-2.06634 -7.58225 0.0117142 -4.84715 -8.53632 -1.03079 -13.6927 6.56119 -1.94025 1.66209 3
2.62687 -7.37842 -1.97921 -4.2865 -3.4987 -1.54291 -10.7967 8.02228 -6.72018 3.32169 3
-6.21129 -9.44507 1.70736 -9.93984 23.5771 -3.39728 -18.8565 -0.686886 15.1257 0.594369 3
-1.99598 -7.96211 -3.42343 -5.69281 10.0826 -5.58983 -5.81074 8.73914 -2.97491 0.997744 3
3.49876 -5.76848 0.183155 -7.67966 -5.99504 -6.17536 -2.3602 4.95167 1.4512 3.77057 3
1.09315 -5.91859 -1.0304 -8.84309 18.5746 -4.24972 -3.7869 7.46707 -7.01726 5.63264 3
-1.03784 -9.42533 -1.54837 -1.3676 4.03968 -4.1253 -10.506 5.0264 5.69501 2.11595 3
-0.513768 -5.45221 -0.620812 -10.909 16.6122 -6.97442 -0.125765 7.37174 3.51784 2.51863 3
-0.939729 -6.50405 -2.29057 -4.94522 2.91336 -5.8951 -6.81355 -1.94162 -4.79236 7.82716 3
-6.02515 -6.07153 0.615542 -7.73461 5.09119 1.32001 -8.50337 7.03415 -15.4524 2.65327 3
3.61863 -8.42454 0.10652 -8.70238 -1.66972 -1.4278 3.97791 11.6738 -10.3254 5.51325 3
1.73061 -7.71117 -1.64456 -5.29717 -6.75857 -0.475917 -9.84534 10.0867 -2.32102 6.57509 3
-1.59484 -10.4361 2.96386 -5.53908 14.358 2.54058 -4.74905 9.29468 1.44995 0.755136 3
1.57903 -8.63794 -2.17662 -9.60367 -0.321173 -4.97872 -7.54807 5.71039 3.43182 3.77217 3
0.193513 -5.91814 5.62572 -7.95724 -0.242897 -2.28663 -9.2488 4.9169 -5.50005 3.01146 3
6.31814 -5.3629 -0.269147 -5.51763 -0.251858 -1.26859 -3.23572 6.02995 -4.50166 2.43123 3
-5.92694 -4.47044 0.584088 -7.0153 7.55821 -1.54394 -2.61343 11.5709 6.13563 2.8573 3
3.3323 -8.90868 -2.13821 -10.5025 8.89779 -5.6274 -7.86486 6.17876 2.76659 3.46238 3
-0.909912 -5.38348 -2.35467 -10.4797 -4.46609 -5.03889 -5.19049 5.05118 -2.08541 3.89027 3
-0.234027 -7.7543 2.63385 -5.60734 -1.09126 -3.92599 -12.3276 7.36959 0.44719 4.30538 3
-2.74898 -7.92742 -3.17687 -6.74113 3.30821 -1.66118 -5.45374 5.36958 0.401677 0.446278 3
-2.68477 -5.3875 -0.198111 -6.31801 3.24194 -0.660241 -12.8118 7.03209 14.6088 0.392449 3
0.704038 -8.34932 3.10184 -6.42277 0.039596 -1.17512 -13.0323 6.89576 3.46202 3.81491 3
-10.4968 -6.36973 3.18723 -6.46859 -2.38236 -0.241587 -3.97025 6.44963 2.23496 2.48583 3
0.886313 -7.87472 -2.85047 -7.05834 -4.83461 0.315617 -12.6058 4.768 -0.29188 2.94966 3
-0.0575083 -8.70341 -1.84341 -9.88121 11.3992 0.639061 -11.8792 7.0946 -11.6871 4.79853 3
-10.8988 -8.42793 0.477407 -7.8161 -1.77319 -1.25003 -5.38521 14.5994 -8.56892 4.16838 3
-4.88742 -5.98561 -2.08324 -8.03377 19.1213 -7.47394 -7.34744 2.40013 -6.01682 4.03421 3
-0.324137 -8.28872 -4.90601 -7.82932 16.5466 -4.98276 -0.111014 8.47846 7.86302 2.31805 3
-2.781 -7.58768 0.894868 -4.35243 14.8777 -4.06465 -9.47203 10.5026 -0.734011 4.11393 3
0.119999 -7.32284 -2.74894 -8.6785 10.062 1.96165 -5.06048 9.72234 4.081 1.62729 3
-3.74161 -8.50309 -4.35991 -10.8697 8.65739 -8.92521 -2.9346 6.73628 -16.6196 4.6531 3
-3.66101 -8.77477 -1.91707 -7.2447 12.3584 -3.36964 -7.59137 9.83225 -1.04505 4.72414 3
-3.40128 -7.99183 1.02349 -6.26861 15.4135 -3.10588 -10.7444 11.1271 -9.13976 1.71242 3
-6.12476 -7.4495 1.92053 -8.59975 4.27149 -1.27108 -9.39239 8.25669 3.15388 3.21521 3
5.10307 -8.78469 0.31996 -11.3221 13.5715 -6.34937 -7.69236 8.17275 4.06529 1.52119 3
4.29946 -7.88159 -1.37505 -10.9862 14.7719 -5.70873 -3.01749 7.74464 4.21285 5.39141 3
-1.74847 -8.40898 1.99949 -7.23103 0.47365 -2.10968 -14.4949 10.2843 2.47207 3.5986 3
-0.317698 -6.40073 0.250079 -8.39034 8.05493 -7.44467 -2.76088 5.83315 -1.18216 3.75093 3
-2.83187 -9.09793 -4.13387 -6.08343 13.5653 -3.66088 -1.98449 6.72187 -6.41081 3.4471 3
0.442535 -5.96835 1.34015 -7.26543 7.95844 -0.498453 -8.10129 14.0723 -8.48761 3.50474 3
2.71808 -9.3067 0.378459 -8.96867 4.14694 -4.36109 -3.23227 2.91862 0.521321 2.95948 3
-4.35627 -7.21692 -2.80799 -5.42888 15.2663 -2.77039 -2.02301 2.87011 -15.9434 2.76679 3
2.43994 -7.41644 0.553249 -8.11237 8.33356 -2.58528 -5.64461 7.22582 4.47536 2.50041 3
-9.5551 -8.99051 -3.61541 -7.32645 23.2284 -2.76301 -2.52418 5.26022 2.18622 4.78778 3
-0.751044 -4.1889 -1.92034 -5.09473 16.4215 -2.63667 -11.0951 7.24641 -3.96171 3.23164 3
-1.03648 -6.67174 -1.46431 -8.58634 20.9592 -2.75053 -2.96509 4.23368 -2.60969 2.19284 3
-0.77085 -8.08396 -1.58837 -8.28306 1.29364 -5.48308 -3.45605 11.4072 3.19964 4.96189 3
5.65179 -6.94517 -0.556284 -10.2068 -0.386646 -4.43101 -3.22579 8.4895 3.45612 2.5045 3
1.69761 -7.79913 -1.15129 -7.61118 14.9252 -4.04627 -5.02751 6.57232 -6.75692 4.66118 3
4.96597 -8.76362 -1.86315 -6.30804 -7.93859 -0.112626 -6.62191 6.14537 -9.40217 1.14982 3
-2.72216 -8.49068 1.97601 -3.76568 9.87072 -1.92237 -7.53615 4.83641 -2.66523 2.29439 3
0.208558 -7.48914 -3.45321 -1.91981 -14.4902 -2.03097 -11.7947 10.0961 -5.43438 3.0175 3
5.47581 -6.16119 -1.20019 -10.716 -0.459227 -2.0753 -5.9895 4.78537 0.339801 2.29038 3
-8.59913 -5.64339 -1.07093 -5.21232 -2.16953 -4.24703 -8.08202 11.1672 -6.88273 5.60342 3
-1.76275 -7.8034 -3.27969 -7.29363 10.4808 -4.4065 -12.5263 10.4089 -1.40994 3.51235 3
2.04621 -5.68593 1.46501 -7.67687 2.33368 -3.15053 -9.93968 4.19593 6.1863 4.73794 3
-9.62407 -7.44732 1.86668 -3.88344 4.10245 -0.317829 -7.16913 7.38355 -1.41979 -1.29031 3
-7.37608 -8.02161 0.552939 -9.15684 12.1894 -4.18807 -11.6258 2.18511 -5.92356 3.9956 3
1.98964 -8.35375 -0.57944 -4.86372 -5.06168 -2.76837 -4.83304 2.49944 3.51506 1.798 3
1.96507 -7.92016 0.866364 -6.88371 12.8643 -2.50716 -1.93511 5.22391 2.26287 0.161909 3
-0.692913 -4.26266 -2.24777 -8.22837 12.1059 -5.81222 -11.7237 7.20572 -1.96641 4.02968 3
-3.53868 -8.48917 0.406467 -6.78942 11.745 -3.52308 -11.3016 7.78012 -9.40403 2.39297 3
1.939 -6.74745 3.55527 -6.11859 -7.06722 -0.470961 -2.55791 7.24755 2.27498 -1.53494 3
-3.95149 -10.5354 -3.79347 -8.19388 5.54105 -2.64138 -5.0915 11.0861 -13.365 4.00529 3
-0.647858 -7.31642 -0.822611 -5.69223 7.92474 -4.43345 4.65664 2.46958 3.49407 3.48559 3
6.12849 -7.23766 -5.1234 -7.48015 -1.37948 -3.88806 -10.1064 8.49153 -9.22433 3.35007 3
-2.66792 -7.72535 1.21898 -5.08878 14.0039 -6.34061 -6.51421 4.22869 -3.72403 6.04602 3
-4.39336 -6.24445 0.613309 -8.72417 1.73011 -7.0763 2.04548 0.206204 -5.75554 1.32659 3
2.38903 -6.62258 -1.17056 -9.86722 9.84142 -0.250029 -3.50999 3.61766 1.04057 2.01075 3
-3.85485 -8.61592 1.42869 -7.00549 12.8009 -0.47503 -10.2505 3.71559 -10.7582 1.68821 3
0.957114 -9.93353 -2.52449 -12.4612 16.1574 -4.12011 -5.31627 0.696587 0.76681 4.46263 3
1.20227 -6.28846 -1.00307 -3.70685 3.32356 -3.3354 -5.61204 5.72176 -2.88206 2.50311 3
-2.60199 -9.27813 -2.31082 -10.6423 10.4746 -3.71662 -11.3019 10.1532 -7.35853 4.00503 3
-0.844197 -7.9986 -0.359551 -6.27338 15.9192 -2.86001 -1.36965 10.8165 -9.71549 2.89479 3
-0.381202 -7.88621 -2.6165 -5.80697 12.6885 -4.31495 -0.648979 5.77425 15.2694 4.09856 3
-4.63018 -8.20954 -2.99201 -6.76937 6.09963 -3.69152 -3.72924 9.22701 4.46095 3.39982 3
0.0824635 -5.44625 -3.54073 -5.49938 4.82474 -1.02562 -6.79741 3.05921 -2.78727 5.09102 3
-2.86255 -4.35105 -4.5373 -8.0267 21.5434 -5.37669 -7.33904 6.30384 3.48754 2.40237 3
3.60211 -7.14733 -4.39241 -4.98116 1.84243 -7.16612 -6.37046 9.11415 -1.0102 6.04887 3
-2.17161 -9.13101 -1.5385 -8.49515 -0.182199 -4.50619 -15.1396 6.28725 1.20739 3.11651 3
2.14082 -9.23352 -0.298404 -6.82712 6.01041 -1.8923 -5.82139 6.95827 -4.99476 -0.13213 3
-3.75119 -7.92107 -1.28985 -6.75687 16.4162 -1.65235 -13.4667 11.5362 4.98328 2.3836 3
9.02032 -7.81049 -1.78979 -9.8687 5.74278 -5.93782 -4.92324 6.16236 -3.12791 2.18436 3
-1.46388 -6.99308 0.190839 -11.1083 -9.14831 -3.93048 -8.143 10.2582 -3.88791 4.96011 3
0.146366 -7.70995 -2.42809 -4.18089 -1.54591 -2.26868 -4.80206 8.53548 -3.02711 5.5193 3
0.630747 -5.36157 -4.38202 -10.2799 -4.47335 -3.4846 -6.19292 9.8549 7.7484 4.05738 3
4.99661 -8.13216 1.34911 -4.6935 -10.9271 -1.85052 -4.70925 6.89809 -2.2273 1.53419 3
-2.62593 -9.47156 1.41591 -6.56874 5.5056 -3.08543 -10.1372 11.1089 -8.10335 3.6534 3
2.90725 -5.31397 -0.712935 -9.6376 2.50406 -0.587256 -14.1675 12.6041 -2.72724 0.544686 3
-8.67651 -7.37451 1.15715 -6.03556 4.29342 -2.94477 -9.64902 7.25637 -8.90941 3.17728 3
3.67845 -8.8809 1.64401 -6.21878 17.9728 -1.03034 -15.0444 4.54112 -7.20433 2.12706 3
-1.53085 -8.66184 -2.18956 -10.9311 -4.19384 -2.88095 -8.66795 6.78218 -5.14854 0.0908561 3
3.87139 -5.80875 1.02279 -10.9165 -0.725361 -6.29798 -3.67452 12.8939 -7.50523 -0.387824 3
-5.02563 -9.25206 -2.8459 -8.73984 -3.6661 -2.36858 -11.668 12.7912 -2.40873 2.84212 3
1.71161 -9.01449 2.79206 -11.8056 11.7245 -2.44494 -3.23474 9.25396 -3.17687 2.42459 3
-2.16388 -7.01737 -1.64825 -6.80761 -1.30667 -4.6214 -0.683266 5.99722 9.22835 1.6315 3
-3.56358 -7.70985 2.25281 -6.24663 15.2425 -3.27458 -8.94275 9.04478 -4.80243 1.85868 3
-1.96784 -7.93898 0.870559 -4.83841 14.2301 -2.28233 -14.68 5.16665 3.23675 2.58855 3
1.98901 -6.44473 -0.378189 -11.0777 11.0736 -8.73037 -11.0612 10.3032 1.10874 3.84669 3
-3.15384 -7.12966 1.74313 -9.77693 13.9226 -4.26301 -9.61299 5.28853 0.280208 2.38763 3
-7.98947 -6.59931 -2.4248 -8.14953 -1.13634 -6.86125 -6.6701 0.589835 -9.3311 3.48886 3
-6.22674 -5.74007 -1.21909 -8.89994 12.6724 -4.09866 -10.1197 6.07242 -4.84343 6.13994 3
-4.23357 -7.00395 3.75784 -8.28192 22.3649 -0.314273 -4.67662 7.67217 -0.957918 1.69896 3
-5.57308 -7.38354 -0.445819 -7.22236 13.2363 -2.88202 -13.8038 3.12723 -2.00283 3.09119 3
3.78757 -8.93644 -3.43165 -10.6898 8.69822 -2.23535 -9.3755 10.7324 -3.07597 0.528565 3
-3.77018 -7.75178 -2.06493 -4.80288 0.272943 1.42036 -15.8469 16.514 0.676034 3.61927 3
-0.316305 -7.01527 0.927656 -5.86616 9.74673 -4.8601 -5.59477 3.57253 -3.18694 1.2921 3
0.484686 -7.41467 -2.43653 -6.51665 9.9336 -4.32694 -4.3882 4.02259 3.67501 3.43896 3
