-7.37 -7.38435 9.69817 -3.33756 21.8909 10.232 -4.31047 -5.91787 -4.19587 -5.51112 0
-0.0766812 -5.95935 8.40102 7.46267 20.2173 3.42482 -3.88044 -4.08888 -0.227802 -11.6943 0
-4.38585 5.97864 6.37012 -7.39416 11.0603 5.7904 -4.70752 -17.8797 1.22571 -11.2157 0
-4.09734 -13.6473 5.19946 5.76497 -0.693763 8.68568 -5.14734 -3.87257 0.900711 -0.420713 0
-15.3093 -1.15391 11.7773 0.476096 14.0884 -3.3645 -3.72627 -24.0606 -1.6631 -4.08719 0
-7.50648 -3.17138 6.70962 -2.57968 3.08738 4.81025 -4.99085 -10.2583 -0.842699 -6.60885 0
-7.59931 -5.76672 4.12692 0.953039 7.52187 0.200416 -4.80519 -9.82023 2.1848 -1.98897 0
-1.86643 5.12693 4.78976 2.91355 5.82594 1.84252 -5.02949 3.71691 1.38344 -21.0576 0
-3.83024 -3.97222 10.0409 7.12949 -1.05215 0.162324 -6.10714 -2.59036 -0.504956 -10.8721 0
-5.29078 -0.27064 6.61485 -0.1861 14.0014 5.37704 -3.83608 -6.16496 0.688263 -15.453 0
-2.84019 -8.70722 13.3627 0.214571 13.1185 7.20785 -3.00848 -15.6551 -3.71987 -1.43329 0
-5.26911 0.674634 6.11292 -3.8403 8.81674 6.93348 -3.58406 -12.061 -3.62945 -7.76506 0
-8.19254 -8.8865 9.39623 7.03682 3.7788 3.74489 -7.18797 -4.06887 -0.806614 -6.3657 0
-8.92208 -6.11515 5.20293 7.13691 6.11573 9.71403 -4.39045 -10.5645 -3.47304 -7.79561 0
-2.44153 -6.31365 10.1499 8.64283 2.29166 3.34112 -4.44667 -7.669 -4.72856 -5.82381 0
-4.75198 15.6211 6.24452 -0.65956 -1.39548 6.8083 -3.72424 -19.1806 -1.7205 1.70011 0
-5.38419 -17.1135 7.87217 4.34734 2.01348 -1.98403 -5.04225 -3.37596 -3.33252 -3.0236 0
-3.8763 -5.78634 4.10457 4.26809 2.51945 13.9265 -4.13379 -12.2882 -3.0508 -7.3364 0
-9.26678 8.96086 8.76955 4.62853 6.71874 4.90781 -4.33797 -10.7513 -0.924119 -6.69311 0
-7.32661 9.48632 9.35848 4.44368 18.0141 11.2204 -6.93395 2.11995 -0.756972 -8.23446 0
-2.1386 -5.48301 8.52984 7.29414 16.8936 1.53609 -7.10988 -12.0497 -0.675942 -5.07493 0
-5.99585 -3.31376 7.94273 4.46587 16.9458 5.88085 -4.44166 -0.596581 2.58646 -8.11478 0
-2.76733 -0.180604 13.6465 9.96796 11.6642 7.72849 -3.92167 -11.4962 -0.229168 -12.0844 0
-16.0787 -4.15462 7.21733 7.61085 22.4747 3.43966 -4.1272 -18.829 -2.5377 -10.9392 0
-1.89023 -1.4682 -1.24373 -1.44391 1.19708 16.3971 -4.85978 -7.66883 2.97169 -8.39969 0
-10.492 -10.3578 4.12947 -0.659511 5.45489 9.25025 -4.29686 -1.06965 1.70707 -6.20268 0
-8.1729 6.27179 16.1745 6.59329 13.6959 2.87682 -5.53594 4.5847 -0.446812 5.81032 0
-7.5152 -0.816758 4.56749 10.7736 8.59609 6.30605 -5.45614 8.76876 -4.76723 -5.35625 0
-9.45364 0.314742 5.31999 6.98975 1.18647 7.92864 -3.76831 -19.4281 0.781936 -0.369501 0
-8.92262 2.89524 2.15979 5.9558 18.4294 6.42339 -4.83204 -10.4989 -2.31865 -14.4857 0
-11.6825 -7.76326 10.228 2.40796 13.5658 7.30835 -4.10121 -0.459008 -5.42614 -6.59567 0
-6.70756 -11.109 7.51815 1.86567 12.2433 -4.64065 -4.94069 -16.5033 -0.810554 -3.93876 0
-13.8225 -7.89662 11.484 -7.24527 9.5259 6.98393 -7.00188 2.0911 -3.3143 -11.9804 0
-0.269966 -13.2467 4.22182 7.0077 17.5751 16.1435 -5.91055 10.2726 1.88766 -7.69069 0
-3.81941 -12.4464 5.33181 8.14636 17.036 6.60249 -5.99663 -10.1731 0.644504 -5.52663 0
-12.1575 -9.46739 9.56948 8.38358 -1.99852 3.3615 -6.1966 4.42518 -0.225191 -6.84028 0
-7.33297 -2.71925 14.8049 6.18698 3.38288 2.47649 -5.69209 9.1201 1.51275 -2.84577 0
-5.41201 4.28186 9.91024 7.74277 6.21672 7.71064 -4.14834 -7.53316 -2.20537 0.69241 0
-8.90619 -3.05957 10.3028 8.27967 5.30989 9.35994 -3.83993 -6.89972 -2.44047 -6.3629 0
-5.62549 -14.8803 7.68518 13.0922 8.96951 10.483 -3.74887 -7.81705 -0.669013 -10.3512 0
-8.61098 -11.1484 10.9505 4.18077 1.16345 6.65107 -3.35077 -13.4661 -3.56355 -4.03501 0
-1.04235 -19.949 13.1908 5.91441 2.73546 6.31927 -4.59415 7.4035 -0.389863 -7.54474 0
-10.0359 5.50698 5.67871 7.06456 14.2821 3.44878 -4.18679 -9.3353 -1.43875 -4.24386 0
-4.01116 6.16007 5.78001 1.08248 15.1593 9.13954 -5.28575 -12.7282 -3.29543 -10.397 0
-9.0488 -6.99229 6.63031 6.19359 -0.928744 3.65148 -2.20768 -20.9954 -3.71205 -8.2811 0
-8.04818 -1.52235 4.67666 13.3977 7.47109 0.52555 -5.64395 -11.1269 -0.377645 -1.80877 0
-4.23238 -9.25331 11.8625 0.166863 13.0907 -0.563908 -4.85473 -9.04896 -1.33504 -5.23398 0
-5.98349 2.58813 7.34925 -5.54355 8.40819 14.3982 -2.89924 -5.9033 -2.21982 -6.11453 0
-10.9431 10.9735 7.39593 9.45589 6.49315 4.38352 -5.18684 -8.13163 -1.68588 -9.27531 0
-3.27203 -10.6312 5.43895 1.81537 -2.24121 8.83353 -6.20862 2.80512 -2.20626 2.07615 0
-6.27369 4.11757 6.0169 -7.2087 -5.78916 12.99 -4.1697 -4.5703 0.601498 -3.73427 0
-5.10442 -2.60941 3.52827 -1.40827 23.6633 9.18854 -3.6044 -30.38 -2.70434 -7.52001 0
-8.12699 -4.68414 11.3071 3.09574 9.56623 9.42143 -5.9098 -7.60056 -2.5491 -2.17772 0
-5.51614 -8.0671 9.62684 -1.4942 13.7757 7.89567 -6.13922 -14.9792 -2.58878 0.764667 0
-7.72316 9.467 8.63178 8.42489 11.441 4.44037 -4.36291 -14.228 -4.49502 -0.458558 0
-5.78167 -5.40994 8.49889 9.1419 18.9342 3.95497 -4.18974 -5.65719 -7.10585 -6.76174 0
-15.2799 7.15462 13.3598 12.3404 15.0135 2.51824 -4.71632 -7.48234 1.60185 3.50622 0
-2.65746 0.147055 7.04183 5.14076 15.7411 9.72264 -4.03337 -11.563 -1.73724 -6.94725 0
-5.42804 2.28217 9.71015 9.71287 5.04103 13.7546 -3.55094 -11.8958 -3.74761 -1.48778 0
-7.42386 16.3945 5.00462 -2.08431 19.0591 11.0539 -4.45149 3.78623 -3.96327 -4.25402 0
-9.99079 13.0128 7.46431 3.9032 0.337214 1.92415 -4.07841 -1.64517 -2.39133 -9.01459 0
-6.85396 -14.7607 3.94843 -4.11858 12.3958 6.48186 -5.04285 -12.8411 -5.1016 1.68085 0
-3.89353 -1.03049 7.75331 4.041 12.9128 1.19502 -6.56133 -0.23954 -2.54929 -6.0702 0
-8.20711 6.52576 6.23126 3.19082 5.82994 2.10956 -4.13157 -2.53457 -0.134889 -4.27112 0
-7.15304 0.269179 11.8535 10.691 1.6621 1.80835 -4.87351 -2.03247 -4.40528 -7.03825 0
-14.182 -0.679364 3.33693 -0.96105 15.4072 12.0753 -4.93809 -12.5167 -2.69099 -7.41376 0
-9.39011 2.68892 8.25734 5.15238 21.2678 9.45553 -5.69288 -11.8092 -1.17025 -0.782275 0
0.0332269 -15.6095 4.86602 11.7528 -12.3485 2.59319 -6.23256 -14.8912 4.01818 -6.41936 0
-12.3608 1.76392 4.45557 -2.23968 12.1096 8.5854 -4.39761 -10.3671 -2.59254 -13.4205 0
-1.59305 6.72378 16.4958 4.14516 23.1427 6.77517 -4.21322 13.1558 -5.5695 -16.069 0
-9.81704 -5.67411 8.61951 -1.63583 10.3282 6.07024 -2.58137 -8.04202 -1.6194 -9.49567 0
-3.17876 -0.99318 10.0759 1.64877 12.3498 7.41249 -8.35105 -2.23965 1.29032 -12.9609 0
-10.6705 -10.2692 9.40604 10.766 -0.250209 13.6679 -7.07058 -15.4351 -2.7822 -4.75197 0
-10.2895 -3.83337 5.55634 4.73673 0.455972 1.27408 -5.60312 -5.69681 -1.0271 -10.294 0
-7.99604 1.81489 10.4716 7.23943 3.19651 5.82539 -6.13785 -17.0005 -1.35993 -12.5441 0
-7.54249 -5.02554 8.43829 9.16114 8.99389 2.86364 -5.52942 -14.1418 5.17367 -7.24356 0
-5.42311 1.18347 3.55411 3.77313 6.17828 6.72377 -3.99294 -9.35418 0.592589 -5.56213 0
-7.02694 -2.92631 5.09323 3.08078 19.8491 5.0085 -5.98368 -6.34622 -1.43436 -2.28967 0
-7.16637 -1.43182 5.62373 -12.6835 15.9314 14.4547 -4.45694 -4.54382 -3.03349 -0.539266 0
-0.515584 -10.9876 8.02788 -2.97601 0.590636 8.87493 -4.95024 -3.08535 -0.958713 -3.43406 0
-3.30179 -6.04571 5.45464 3.18586 17.05 -0.910764 -5.86729 -17.7818 -1.39315 -7.76045 0
-10.5459 7.79652 11.6672 -2.29636 10.5747 10.2239 -4.76074 -19.5969 0.831588 -4.5065 0
-5.68019 7.85673 8.30518 4.38635 15.5599 5.43081 -4.02575 -10.2855 -5.13482 -0.583291 0
0.395682 -5.06497 13.2485 2.48326 20.2931 4.72918 -6.9295 -11.2824 -2.89056 -8.25951 0
-7.82947 7.20742 8.41124 3.40131 7.54469 6.72039 -6.35548 -0.649157 0.114042 -1.43129 0
-4.49653 -2.1226 7.84539 7.97575 17.5657 14.6393 -4.85509 -10.3741 -4.52148 -3.48173 0
-6.81761 -1.58403 6.91204 -2.68818 14.896 4.59366 -4.76487 -2.16712 -3.08015 -4.4865 0
-11.6778 -0.434185 12.079 0.108142 1.31298 10.4194 -7.45453 -8.53544 3.58626 -8.77919 0
-4.39492 7.09565 6.60806 1.88942 10.874 7.44003 -4.53481 -7.1163 -0.886963 -7.18754 0
-3.72972 4.59464 9.10252 5.68056 1.06787 8.50757 -4.91447 6.37058 1.2436 0.324076 0
1.91365 -9.19633 5.15313 3.97498 7.53603 3.4146 -2.36581 -6.288 -0.90754 -4.1471 0
-6.07102 9.59018 5.81 -0.248737 8.29123 7.27104 -5.28257 -17.6158 -5.83602 -6.54385 0
-12.2022 9.4587 2.71303 5.8672 9.11876 3.32089 -4.19073 -25.2396 -3.55221 -4.05671 0
-0.922921 1.35065 9.54248 -2.3 4.67935 4.56047 -4.84987 -1.2748 1.51441 -4.30506 0
-6.84937 0.991755 8.4704 -0.201618 -5.07734 3.15952 -4.21699 -5.78585 0.995685 -6.92855 0
-6.21469 -9.59853 2.10004 -3.04974 -7.63467 11.6234 -3.99315 -13.1938 0.630233 1.61914 0
5.03844 -2.40058 5.24271 3.71215 7.15758 4.777 -5.77224 -8.64418 0.525667 -2.68507 0
-7.0075 -5.46045 9.86529 2.98845 11.0068 5.12649 -4.38874 -9.12264 -2.4616 -4.61239 0
-7.05206 3.677 5.39524 8.80466 10.367 8.83417 -4.45056 0.690977 -4.26353 -5.62771 0
-4.26378 2.05769 7.34423 5.3169 8.47151 9.38779 -4.22315 -12.5304 0.217127 -8.45241 0
-6.29678 6.10943 2.49894 6.08148 10.2106 4.84102 -5.40133 -2.38852 -4.89137 -12.6826 0
-5.74657 4.03738 -0.432882 4.83971 4.60056 6.57719 -4.96815 -6.95647 -2.06673 -12.7463 0
-14.0174 -4.68795 8.24303 -0.621218 12.5001 4.54634 -8.44298 -7.89379 -1.52102 -5.88753 0
-16.7302 -4.63361 7.52082 10.7792 8.50618 1.96993 -7.47884 -19.3105 -2.1981 1.76123 0
-7.31646 -1.46237 1.19554 10.8691 16.2217 14.6363 -3.77856 6.03774 -0.51381 -15.1512 0
-8.21839 6.96619 11.1992 -1.09218 -8.45653 9.46803 -5.99799 -16.3854 0.311986 -14.7156 0
-0.0203292 5.38919 10.3705 -6.50777 17.0678 5.73104 -4.83791 -8.13494 -3.88272 -12.3356 0
-6.4987 -10.9445 6.83247 7.77252 20.6387 15.3119 -6.45446 -3.46003 -0.439907 -7.55184 0
-10.5152 -5.38558 4.75531 -7.6781 11.7731 1.53772 -5.97617 -5.49152 -2.81455 -1.06601 0
-10.5734 -1.13674 6.88506 3.8388 7.59574 2.97933 -6.25044 -8.08125 0.230661 -7.87282 0
-3.06409 -1.45216 5.2199 -2.51642 3.82649 9.13429 -6.26731 -9.74682 0.493013 -2.95164 0
-9.97734 12.2572 5.85421 -0.772877 8.41498 11.5186 -5.22542 -8.20787 2.68179 -1.50935 0
-3.8322 -4.48595 8.48732 -4.27089 -0.355338 2.64757 -3.80546 0.909887 -1.37518 -3.51795 0
-4.7596 -16.7647 10.1355 2.77261 4.60402 1.83893 -6.70632 -3.68694 -2.18974 -10.19 0
-13.3538 2.24559 11.4697 2.61847 13.6243 1.45134 -3.33741 -9.24357 0.311788 -1.46247 0
-10.9586 -3.92681 9.02798 3.16674 15.3139 4.40725 -6.71792 -8.67399 -0.57004 -16.0204 0
-10.8506 -10.2032 0.871463 2.54333 8.10077 1.78624 -4.183 -22.872 -2.09069 -5.07471 0
-10.2997 -4.54178 5.66817 -2.12168 0.560253 8.78598 -4.28255 -2.73353 -0.863495 -4.02696 0
-12.9078 -8.09818 8.81319 4.89853 12.7184 3.75666 -5.84918 0.366715 -0.195961 -4.17986 0
-8.5329 11.4605 12.1691 -9.05981 -0.322559 11.0352 -3.91604 -19.4462 1.26845 -5.43422 0
-3.47622 -24.7129 12.3656 -1.99385 13.6202 6.9532 -3.86736 -4.89481 -4.25161 -1.89722 0
-10.1255 1.26652 6.63171 8.53456 18.6513 5.07375 -5.27065 -20.2811 -0.69444 -9.28843 0
-2.23744 -3.63535 13.8465 -1.76022 -8.59857 2.98134 -7.36382 -20.687 -2.55373 -10.707 0
0.823703 4.04548 10.0641 -7.66286 3.6978 12.0849 -5.53875 0.508326 -2.94652 -9.45666 0
-10.2688 -5.39624 4.79258 2.06315 -0.174787 6.49473 -5.29486 -13.9659 2.65816 -3 0
-14.1439 -9.78496 7.01539 2.66495 -11.3457 -2.48016 -3.90673 -6.65939 -2.19228 -0.261724 0
-11.614 -6.01185 8.24446 12.948 19.9562 6.45746 -3.56224 -2.37183 -5.84901 -8.71583 0
-3.99831 -1.10972 7.43028 0.734341 12.7213 0.628034 -4.23197 -13.2493 -2.54763 -7.2613 0
-6.17132 -8.36594 7.07977 3.96789 5.43645 4.43322 -3.48603 -10.641 -0.473158 -8.25577 0
-1.18521 8.31431 4.9417 5.68237 -2.2371 3.86307 -4.07361 -0.553692 -3.53894 -1.79576 0
-4.54685 -17.3149 1.17273 -3.36947 17.4744 6.47017 -3.39939 -19.9291 0.382376 -6.92672 0
-7.07164 -5.82019 8.01374 -2.57903 15.5282 2.74644 -5.0601 -8.73834 -4.25357 -5.06967 0
-6.47371 -3.30404 6.0095 4.72542 17.206 10.5656 -2.72393 -12.8195 -1.13566 -2.29392 0
-12.1722 -4.3132 2.7265 1.59786 9.38009 13.1484 -5.04286 -16.6919 -0.0351893 -8.00666 0
-4.29562 -5.85747 11.7182 -0.522934 7.55929 9.07393 -5.97255 -11.2444 2.56722 -6.98917 0
-4.46532 -14.7595 4.44822 -2.63161 0.963091 1.27488 -4.06695 -7.13153 -5.3615 -9.11184 0
-7.23687 -5.60553 1.36306 -1.90436 9.16124 -0.671138 -4.89243 -20.6205 -3.12486 -9.9939 0
-10.3547 0.0279105 8.53359 7.85145 23.1563 13.9335 -3.75068 -7.40704 -1.81723 -15.9883 0
-2.36059 4.5694 7.66558 6.47515 -8.91059 12.3586 -4.14542 -13.05 -2.64101 -7.1006 0
-2.77123 -2.2927 8.08644 -6.45692 5.92761 7.3837 -5.19244 0.215922 -1.51201 -5.63654 0
-10.3209 0.133601 9.45654 -3.62455 12.7417 5.23077 -6.61205 2.55994 0.523303 -4.1683 0
-10.7809 -1.80165 9.82269 0.167725 1.99264 13.3349 -5.29068 -7.38779 -6.76276 -9.12046 0
-2.54566 -12.896 4.46602 -5.75242 2.17638 7.06628 -6.28956 -7.68581 -2.48041 -8.93552 0
-7.36549 -1.56585 7.53102 -2.04268 14.4618 8.9895 -5.61449 -18.9888 1.88406 -11.0682 0
-3.23404 3.35106 9.70722 -0.358924 5.82928 9.02156 -5.15345 1.77564 -2.29699 -16.0434 0
-4.43966 1.51623 2.38574 4.26337 0.485076 9.66676 -8.1362 7.20385 1.421 -1.55719 0
-2.53598 4.21723 3.29282 -2.69621 12.3643 5.83635 -4.85089 7.6151 1.11753 -2.81225 0
-3.73615 -11.9823 6.06926 6.3815 7.90713 8.14385 -3.91943 3.01543 -6.67175 -11.9749 0
-12.0713 -8.28457 7.43023 7.72054 8.91191 0.409527 -3.92584 -2.94044 -1.71967 -4.02273 0
-7.72973 0.754489 7.96153 3.11355 -5.7028 2.95077 -3.16053 -0.407838 -2.63174 -12.5367 0
-4.93261 -8.89722 4.70811 -4.01258 5.43048 3.3793 -3.57519 -20.1599 -2.66946 -0.536709 0
-14.892 -9.0387 11.7558 5.83413 20.3729 8.57087 -6.88875 -5.56378 -1.48084 -1.37456 0
-7.67207 -4.55892 11.3817 5.08562 -1.23169 10.1727 -5.10208 -12.449 -0.665028 -7.81243 0
-10.4313 2.48125 9.11468 6.3044 15.8371 1.02646 -5.51814 -5.21718 -2.0986 -13.0786 0
-7.57984 -4.01634 12.8211 2.87938 7.00327 4.48539 -5.1582 -5.45146 -0.980459 -8.41547 0
-1.98517 -1.44615 5.07073 1.68226 -0.0483068 11.7344 -4.70881 16.0147 -0.467986 -6.01737 0
-11.0807 -3.31792 9.24941 -0.329746 13.1356 10.2241 -4.29951 -15.5157 -3.17225 -13.5886 0
-10.0225 -1.02121 7.21316 0.11085 6.15911 -0.315445 -3.36392 -8.30215 0.770858 7.20723 0
-10.8674 -9.68644 5.3623 2.57904 -4.45964 7.97197 -4.28014 -3.85641 0.999973 -7.23777 0
-0.14163 9.93585 3.9326 -3.46091 20.2937 16.5029 -4.12047 -18.3689 0.374622 -7.01144 0
-1.4697 1.83087 6.24893 16.3858 15.3744 6.54168 -4.64331 0.864912 -0.99996 -7.1915 0
-7.19552 -3.6394 12.4 1.80021 0.396767 3.05349 -4.39168 -11.3827 -2.34368 1.43851 0
-5.46327 7.20692 7.17756 -1.60075 15.3716 7.32891 -5.99546 -5.67912 -2.66273 -4.56276 0
-5.38795 -17.0387 7.81489 4.42384 2.08874 10.6032 -4.1546 -2.28919 2.81594 -4.98301 0
-8.05215 9.6722 5.27009 -1.00152 4.56025 13.9059 -5.72473 -8.5173 -1.38729 0.0350601 0
-8.27751 -12.7586 7.61558 5.79737 9.55885 14.3846 -3.55907 -2.53426 0.298895 0.720035 0
-4.37036 1.95278 10.3036 14.8974 7.21942 8.56061 -4.05951 -1.41622 1.01047 -12.3351 0
-11.2879 -6.14122 9.39005 -1.63758 -0.116404 12.9295 -4.04954 4.02076 -1.16638 -12.6456 0
-9.77876 2.04086 3.94661 14.7657 10.2712 5.119 -4.31499 -12.5703 0.15745 -5.28714 0
-6.20677 -5.37864 10.8825 -0.22371 1.20804 8.93072 -4.91 -23.6626 0.333834 -5.71044 0
-7.01625 -11.325 9.24858 1.69498 17.5117 8.67847 -7.90743 -18.7991 0.628409 -7.51409 0
-4.70583 8.46241 4.74168 6.17014 15.2736 6.65323 -3.86504 -2.04428 -0.650825 -17.6703 0
-7.0174 12.4592 8.58488 -0.194389 12.8972 8.43028 -4.3114 3.85655 1.31391 -13.5396 0
-10.3254 -5.24114 3.23825 1.17052 13.4358 6.51958 -6.74453 -3.29275 -2.33832 -6.73507 0
-11.2576 -7.36289 11.477 7.28613 -2.30422 -1.07883 -6.75966 -15.0109 -3.24897 -9.44547 0
-5.23831 -6.76508 4.59432 0.251057 7.34532 13.8487 -4.15698 -3.55613 2.33719 -7.43185 0
-4.75777 8.10568 1.0091 3.59995 14.266 8.43344 -5.26141 -4.58425 -4.68461 -11.4524 0
-2.7026 -11.8695 7.27883 11.3645 17.2262 -0.924854 -4.33687 1.31477 1.17065 -4.73991 0
0.98654 -0.351768 8.17889 6.47315 10.2621 3.54137 -6.40389 -2.78712 -3.48956 -8.40691 0
-14.5868 1.61303 9.70169 9.98172 3.2545 -0.404713 -4.41735 -11.8632 -3.96615 -9.63044 0
0.412344 9.25871 8.47153 4.41194 5.8361 7.614 -4.04797 -7.09704 -2.28874 -6.35362 0
-5.44908 3.01366 9.63157 10.1869 -4.819 8.79948 -3.61894 14.4375 0.361149 -13.6615 0
-3.94998 0.54527 6.86718 -2.20797 10.8346 10.5348 -5.18209 -6.44504 0.877231 -3.53092 0
-7.48547 3.6051 5.52225 3.82331 13.4999 12.6538 -4.32865 -15.8565 2.31038 -11.1178 0
-6.40285 5.73171 2.04526 -1.34037 26.857 10.3081 -3.08369 -23.8497 -0.683627 -15.3217 0
-8.50903 0.58863 7.74473 1.84103 -5.68619 6.71184 -3.49848 -11.7245 -1.3892 4.66855 0
-2.66563 4.14082 4.56898 11.3687 9.41701 0.530949 -6.12868 -0.521194 0.144966 -0.964673 0
-6.14041 4.04976 7.85065 6.30505 7.06786 6.21892 -4.61093 -7.88351 -6.31868 -13.4253 0
0.16127 -1.62078 12.0216 11.7997 -3.01668 5.57424 -5.35875 -6.92963 2.17931 -6.74986 0
-2.28736 -1.91201 2.12862 4.41304 15.6162 2.79077 -4.80081 3.67244 1.57732 -9.83741 0
-5.37455 -16.4239 10.1557 3.6764 16.2459 7.70821 -6.57973 -24.0395 3.24446 -8.1955 0
-5.4735 -1.87072 3.50894 3.89945 3.92711 3.95879 -6.67716 -12.2564 0.0922704 -9.37009 0
-4.17999 0.166042 8.39425 -6.5633 4.7489 6.76913 -5.8248 -3.70787 -2.77443 -15.8711 0
-3.66031 -11.7574 2.33598 7.32257 18.7681 11.8633 -5.16945 -3.3491 -2.83136 -13.5023 0
-4.0876 -4.34469 7.60874 5.59013 -2.10405 7.31165 -4.98194 0.158279 -4.41689 -6.15699 0
-3.68778 -4.70071 1.70594 1.58915 21.5652 11.5352 -5.16234 -4.01587 -4.11492 -10.393 0
-3.72846 -7.77087 -2.62328 1.14588 7.74185 8.70174 -6.73824 -6.19701 0.727649 -0.903949 0
-5.57334 -2.6982 8.2143 6.75749 11.7964 1.05373 -6.50727 -1.9031 1.37721 -1.56934 0
-3.37496 4.88652 7.40775 5.59418 6.99691 8.50959 -5.81977 -8.1467 -4.34164 -10.2492 0
-9.3544 11.8567 4.57778 -2.99617 5.12222 9.80145 -5.74042 -15.2886 -2.108 -5.71711 0
-2.50077 -2.26215 10.1983 -2.71182 1.38639 8.08305 -3.66669 -10.0838 -0.111517 -11.5374 0
-3.82061 -8.2849 8.84888 6.59227 10.3626 6.17771 -6.05083 10.2004 -0.547788 -2.4605 0
-4.95369 -8.56309 8.74916 9.34912 5.6077 3.21479 -5.61264 -10.5194 -2.06102 -11.9625 0
-8.19195 -10.0107 7.91275 -5.66434 0.602512 8.09339 -3.56222 -2.14066 -1.19394 -8.09697 0
-0.596234 -13.3046 7.20192 2.91285 14.4919 9.98597 -5.66824 -10.86 -1.87729 5.95506 0
-10.5473 5.18195 4.92129 1.2407 -14.2295 13.3014 -3.67984 1.71857 -0.321499 -10.6826 0
-3.6185 -0.247026 4.06376 7.70373 0.519471 17.8861 -5.5089 -10.288 0.255007 -3.90541 0
-13.3667 -10.4547 5.54033 -3.93095 7.62909 2.1803 -7.0898 -0.265395 -2.91251 -4.88932 0
-5.96292 1.70995 8.58635 1.15093 8.1746 11.8407 -4.1951 -16.9374 -4.30753 -4.87095 0
-14.9882 -8.99224 7.65952 3.75476 2.69988 10.5142 -2.9475 -7.64868 -0.17017 0.178085 0
-6.30194 -6.09326 7.8523 4.05981 6.75496 4.0072 -5.08458 -5.78881 -0.321774 -4.84186 0
-7.53548 -13.6928 10.7887 2.58452 13.2472 7.40779 -5.3093 -9.27096 0.07053 -10.2364 0
-11.3219 -8.58673 5.61395 -0.729739 25.695 6.21606 -5.27545 -13.0102 -0.434828 -9.921 0
-7.28618 9.75388 9.20797 11.3513 8.27534 -2.56441 -6.23472 6.05335 1.39225 1.44901 0
-2.48426 -7.41889 5.33709 9.07598 -0.712825 6.24778 -4.572 -5.84581 -1.25243 -6.07497 0
-2.70578 4.21551 9.87002 3.08835 13.1814 6.55829 -5.00153 -8.74789 -0.550073 1.16504 0
-4.96463 -7.56409 13.448 4.29638 10.5706 9.74399 -3.4612 -10.235 -0.696977 -4.68297 0
-2.25803 -1.44871 9.68848 3.59212 3.52769 -0.864791 -5.14322 -4.25504 2.19409 -6.93671 0
1.59038 9.71525 4.93409 14.8223 1.00682 7.9162 -3.52446 -7.21427 -0.337754 1.30666 0
1.31764 -0.639847 11.9643 9.29174 7.85755 9.46653 -5.14462 -1.30714 -2.20311 -13.2973 0
-1.66772 -7.82686 8.1532 11.3057 18.1244 1.31723 -3.45461 -7.42182 2.99601 -0.824288 0
-5.1248 1.2841 9.86324 0.0825896 5.9868 11.1836 -5.86982 -17.2349 -0.583037 -8.57173 0
-1.09198 0.661519 9.84576 -3.4197 -8.28901 7.2415 -3.97997 -14.9428 -1.79698 -13.1088 0
-4.20884 -5.4338 8.64725 -0.0558943 5.27363 12.6913 -5.30278 -17.7686 -4.32163 -1.46926 0
-5.13037 -3.02568 2.74781 2.81366 0.624412 4.85456 -6.67501 -8.83126 -1.01151 -7.90724 0
-10.8656 -8.75707 12.5433 -0.680849 10.837 9.69703 -3.50139 -3.0294 -4.05511 -8.4626 0
-2.51815 3.74322 8.45755 9.78728 17.6458 9.85802 -5.05721 3.94659 -4.57289 6.11243 0
-4.12701 4.54389 10.4359 -0.136695 14.4718 4.50047 -6.17672 -5.92188 -1.96093 -8.46793 0
-1.14315 9.34052 8.0015 1.55951 8.68569 8.92285 -5.17654 11.7797 -2.22565 -3.6151 0
-10.1897 -8.17882 6.30436 11.5671 1.40004 3.63017 -6.1999 -13.7341 -3.57484 -3.56628 0
-5.85639 -16.0174 10.0135 -3.09247 -3.42301 4.07195 -5.50544 -13.973 -4.5719 5.07539 0
-15.8118 3.50643 2.92101 4.83858 16.5609 10.4449 -5.88458 -6.99058 0.63877 -5.95742 0
-3.57418 -2.30974 11.1877 5.08398 -1.27559 14.0367 -5.48209 -12.3613 -0.929101 -0.286768 0
-3.12964 -4.72306 6.57997 4.97163 9.29563 5.54327 -4.00573 -11.0737 -4.42117 -8.06652 0
-10.7036 -11.0462 3.77997 -10.7113 3.99208 6.60605 -4.87886 10.5739 -1.30408 -18.125 0
-2.15634 5.1044 4.98435 -0.815935 1.73038 5.76888 -4.2138 -11.5274 -1.07108 -14.054 0
-3.85116 -13.2248 13.4485 -1.3428 12.1924 6.51787 -5.04414 -7.88687 0.272066 -4.14274 0
-5.85259 -0.58184 7.78173 15.5103 -4.69645 6.69533 -6.05169 10.1102 -1.28676 -4.24135 0
-1.74284 -11.1041 5.74328 2.27803 3.96819 4.31354 -4.48999 7.93196 -1.37242 -4.28908 0
-12.9667 -5.2399 0.719789 14.2801 7.02397 6.041 -5.68044 -12.9111 1.849 -13.5727 0
-9.7174 -9.70366 8.25517 1.65232 14.2799 10.9736 -4.25098 -13.1244 -6.06521 -5.84455 0
-7.09057 -6.40501 10.6703 3.94375 1.62541 3.75907 -4.11826 -6.23325 -2.59445 -11.5633 0
-9.75679 4.46847 1.50204 -1.45177 1.40106 4.50761 -4.43685 1.64648 1.26552 -13.1519 0
-3.05615 -5.7171 3.7576 2.90903 11.6218 2.51747 -3.28827 -3.78437 -0.07395 -3.15133 0
-10.4977 -3.55615 11.0974 -3.47107 5.5716 11.4412 -4.03241 -6.33425 -1.22739 -2.22961 0
-6.98908 10.185 10.7316 -4.77599 14.3538 9.99062 -4.6479 0.786574 5.55964 -1.51747 0
-2.86229 -3.39708 7.86121 -1.19897 16.7616 4.58508 -5.78569 -5.23422 -3.32036 -5.93848 0
1.916 2.64758 4.77845 2.51932 -2.45129 12.1162 -4.64679 -7.61139 -2.98219 -16.4691 0
-12.3384 -0.138072 4.44063 8.41312 11.1332 1.06882 -4.15438 5.5954 0.376818 -6.21106 0
-4.03181 -10.7993 6.37583 6.87128 10.175 12.1736 -3.71685 -8.5003 -2.27193 -8.51561 0
-9.30746 5.64045 3.44674 8.36723 14.1481 1.60543 -4.3439 -8.34855 -2.26679 -3.43155 0
-8.42092 1.72431 7.09135 4.9192 14.2216 6.98219 -6.13152 -14.7367 -0.47913 -1.78272 0
-7.86671 -3.12011 11.4131 0.0867069 -0.547785 2.76425 -3.9901 3.48995 -1.98204 -7.36513 0
-1.61975 -4.32893 14.261 0.392723 8.1617 3.95394 -3.09435 -15.2312 -0.202343 0.44252 0
-7.76157 -3.44948 5.28371 -3.96695 2.73131 8.12459 -5.52409 -3.52554 3.7062 -2.3926 0
-13.7967 -10.5726 6.80176 9.32546 7.59185 8.69872 -4.23581 -6.98379 -1.79591 -6.10155 0
-15.3945 -13.0431 12.1129 1.31737 -0.0988137 2.78465 -3.67233 1.13933 -7.22053 1.24021 0
-4.30292 4.00198 9.60824 1.57273 5.67295 6.48141 -6.77659 6.44091 -3.33991 -2.64319 0
-0.254695 -5.57942 3.15712 1.81027 9.2237 10.398 -5.5446 -6.36122 -1.18613 -8.54365 0
-7.23683 -6.54426 8.17985 -1.01913 3.63683 14.3086 -5.6516 -10.1749 -3.54952 -10.167 0
-5.18558 6.00044 4.11011 6.21327 17.0827 10.5802 -6.25764 -7.70294 -0.0790127 -3.4325 0
-10.5099 -11.3794 7.53273 1.41515 4.77251 -1.60644 -8.6068 0.528457 -2.58406 -5.22291 0
-3.99179 -6.4679 12.4096 1.71981 7.25493 9.00716 -2.75908 -4.23059 -3.7409 -12.5682 0
-15.9242 -8.91651 4.84163 -0.366043 5.41082 10.6156 -6.12845 2.07281 -0.801304 -3.96855 0
-8.64641 -12.0354 13.4732 1.35845 8.92249 10.0074 -5.85063 -4.75894 -0.610769 -17.708 0
1.76453 -3.65806 2.25532 6.66206 2.47567 6.33977 -3.25212 -11.6468 -0.808335 -8.86434 0
-0.912722 3.11271 6.7138 0.0910706 15.5524 6.09835 -3.59445 -11.6453 -3.97368 -6.61953 0
-8.62635 -16.0885 9.11711 3.88435 15.0742 -0.0969626 -5.31915 -16.0568 1.26212 -4.94454 0
-0.513546 5.70817 8.187 18.4126 8.49985 11.126 -4.96408 -8.68649 -4.28641 -10.7177 0
-7.43091 -4.79131 7.94462 -1.75404 14.2911 5.64688 -4.38342 -18.2867 2.82472 -10.5902 0
-8.59375 -0.287284 4.9089 0.0259352 16.9484 8.56023 -4.38131 1.31619 -2.60518 -10.8332 0
-7.73409 -7.07518 11.9022 -0.732216 4.2866 2.09591 -4.36165 -16.1099 0.487418 -3.17727 0
-14.4811 1.48788 11.2568 8.33931 25.7982 10.2666 -5.32249 -17.0251 -0.272359 -1.89512 0
-10.2323 -3.4618 7.74399 -5.4618 5.88072 6.52049 -4.54746 -1.97591 -2.79848 -10.0076 0
-8.34094 6.44064 9.55799 5.82259 1.90107 12.8212 -4.77641 -9.15244 2.85542 -9.35873 0
-9.60673 8.1611 5.39427 -0.449726 6.56704 7.72375 -6.50935 2.72863 0.282464 -6.12 0
-12.8019 6.26557 5.2611 -6.87992 15.8085 0.181882 -5.12135 0.841691 5.54517 -9.35008 0
-7.47154 -9.28852 5.68173 5.09921 10.7667 7.67947 -6.4517 -5.28338 -3.69631 3.60821 0
-9.07819 -2.34334 2.58107 4.41263 12.4268 5.90805 -4.85644 -10.4275 -0.912664 -10.0129 0
-5.58847 0.105191 3.24404 7.20824 -4.88931 5.72371 -6.52836 6.75316 -0.942652 0.861548 0
-7.08177 -7.62511 9.23946 -1.63779 10.5754 0.528123 -6.44562 -2.29625 -0.618664 -11.4204 0
-7.07033 -9.01927 9.39022 -2.72165 25.1344 5.9583 -3.96299 -7.00768 -0.929328 -0.273529 0
-3.14947 -0.769141 7.12963 6.32442 3.47889 7.35054 -3.32061 6.63183 -3.20353 -5.4555 0
1.97414 -4.15314 9.08312 7.80412 -4.11314 12.5604 -2.33246 -10.2639 -2.31963 -5.7487 0
-6.84059 -9.4 3.37495 0.79179 16.0992 3.95848 -4.55095 -18.0177 -4.60662 -10.6822 0
-10.5997 -4.51069 8.34856 -4.68096 12.9824 8.41569 -2.12511 -4.55229 1.72409 -4.3448 0
-8.52639 2.22774 7.73295 7.39734 8.06491 4.16073 -6.31886 10.062 -1.76018 -0.547692 0
-7.99151 -19.9786 14.7397 4.88556 -2.51632 0.649468 -4.96027 -0.604848 -1.06986 -7.44394 0
-12.5617 -6.73493 4.5703 7.57968 5.50696 0.776983 -5.2054 -12.3877 -1.16504 -10.0495 0
-9.50749 -1.73204 12.6281 1.83021 18.5497 0.610862 -4.75265 5.93103 -0.347069 -7.20641 0
-13.0617 -16.7229 6.63419 -1.40418 2.91757 1.18394 -6.52478 -8.72419 0.533911 1.47222 0
-10.2799 7.20087 10.8043 -5.87333 -4.21239 4.46621 -5.12857 1.06024 1.21083 -12.0152 0
-0.753227 8.14618 9.75565 6.4408 -2.58861 6.13884 -4.50438 -13.5298 -3.45439 0.527977 0
-7.78061 -6.22968 12.3367 3.40755 17.7842 4.70567 -3.17864 1.9256 -4.52853 -1.55032 0
-13.4728 -7.78308 5.14213 1.42868 20.8549 7.46359 -5.08579 -13.2624 0.803253 -6.03936 0
-5.72111 -8.29818 7.74782 3.0176 0.310725 5.69143 -5.67653 -5.79203 -1.73437 -2.09855 0
-7.67477 -2.73685 5.3418 0.237499 3.62273 8.36336 -3.86516 -1.94655 4.60244 -11.1675 0
-9.38302 -9.34932 4.57505 -4.39856 -3.93053 3.36504 -4.68496 -3.19541 -1.72946 -4.09392 0
-5.1766 -7.49328 7.62851 14.6013 17.7163 1.96599 -5.90598 -6.06872 -2.93882 -10.0696 0
-6.34718 4.85568 13.1666 -4.45622 9.74241 6.30941 -5.21091 -4.49603 -2.00524 -7.58598 0
-13.0068 -5.56891 6.94244 -2.28638 11.6919 6.40767 -3.44687 -2.10486 -2.70719 5.29503 0
-5.42277 4.64061 5.8715 1.02889 3.30702 4.40439 -4.32531 -8.53707 -1.81038 -9.62905 0
3.04552 -2.22635 12.0612 -3.41929 16.4148 -1.39227 -5.86086 -17.2883 -1.4628 -4.91679 0
-9.64405 3.10955 11.3533 6.31858 14.3057 8.63406 -3.75804 -17.4424 -0.730055 -5.15082 0
-6.12328 -5.10177 8.74076 4.50263 8.07785 6.71982 -6.89453 -14.6409 4.03289 5.30617 0
-12.0849 -8.16107 8.4303 13.2506 5.38408 7.3573 -5.49791 -11.9641 -2.93621 -0.0515316 0
-9.43661 -1.59507 12.9142 -2.01765 3.96362 3.88909 -2.96335 -12.7141 -1.28929 -4.93258 0
-3.34852 0.209588 4.36544 -4.00123 4.60343 10.9169 -2.10644 6.29077 -0.487794 -7.33341 0
-3.31964 5.38016 10.0966 4.26704 16.2175 -1.42821 -6.00122 -8.92013 -2.6845 -0.0472733 0
-6.86049 13.3698 4.44831 7.06996 9.90272 4.86296 -4.2973 -16.5444 -4.38712 -14.5064 0
-6.78539 1.73403 9.98316 5.76609 25.868 4.08075 -5.24177 -6.12361 1.87892 -2.44897 0
-18.3745 -9.28809 7.22846 0.877413 1.886 5.49986 -3.91384 -3.33641 -1.42306 -2.24072 0
-2.78471 -3.07025 8.46207 -1.20403 3.99698 3.0128 -4.73046 -3.39588 1.09783 -3.2158 0
-6.55816 -1.07257 4.07179 9.03077 1.45172 6.27757 -2.78574 -12.3952 -4.62854 -7.67477 0
-7.63319 14.2044 2.11842 4.02523 19.1729 12.5363 -5.75905 -0.955668 -0.42274 -8.76471 0
-8.3541 -6.89995 7.607 4.72042 8.04352 1.54291 -2.55634 9.08195 2.00435 -9.86916 0
-11.5208 -1.43308 6.3259 9.68073 9.40228 4.20969 -4.29771 -9.90875 -0.625386 -4.888 0
-11.1715 -6.47562 10.6508 2.25072 6.57568 4.27268 -4.44219 -15.2834 0.321728 -11.3015 0
-3.8148 0.574034 11.0568 -4.83583 19.2337 4.29543 -6.19414 -19.3423 -3.57061 -5.99669 0
-10.0385 -9.79789 8.05789 3.53573 -4.70988 4.9429 -3.94148 -9.89924 0.236409 -3.9412 0
-2.49644 1.71255 5.94674 -1.1171 14.0362 11.8625 -3.57626 -11.1617 -2.82716 -11.1661 0
-9.99341 15.1456 10.636 5.68647 -5.4617 9.57344 -5.9457 -16.7919 -2.3897 -7.69662 0
-2.55958 -3.1345 3.88777 -5.58024 10.7976 8.77491 -5.91048 -7.58582 -2.14322 -7.83 0
-5.27178 4.72144 6.5099 2.46836 11.302 2.8321 -5.88531 -0.478133 -3.05388 -8.24772 0
-7.84105 -10.4973 8.28712 4.59647 -3.63911 1.39023 -5.37494 -3.19193 -0.445984 -8.27473 0
-6.49598 1.38655 5.53389 3.26507 1.06413 9.03656 -5.79645 6.11552 -2.63222 -3.93645 0
-4.38328 10.4437 9.62103 5.95429 17.6223 11.5815 -5.90747 -1.91835 -5.19112 -3.25731 0
-3.36426 -5.26162 10.1751 2.51666 7.08299 7.78772 -4.95956 -17.4056 -3.02172 -1.72813 0
-4.89643 5.37637 8.55948 -7.49387 12.5734 6.25868 -4.2032 -12.0118 3.21889 -6.51575 0
-8.24899 7.98944 8.20749 0.174318 16.3086 11.6731 -2.38019 -15.9898 -0.501156 -10.52 0
-6.98044 -9.12879 8.2364 10.2647 20.697 5.74399 -3.09797 -14.0124 1.91435 -3.21266 0
-8.63615 1.82761 4.98401 8.1005 10.3164 4.95688 -3.04785 -4.24515 -5.51574 -7.9529 0
-7.14791 4.73884 6.76047 -0.722196 14.178 9.00398 -2.43187 -24.1085 -0.800466 -2.71324 0
-6.45068 -9.37092 6.28414 -6.18862 7.48292 12.8016 -5.22515 -11.3466 -4.85818 -6.46298 0
-9.4672 3.46868 8.78376 0.00532447 7.27273 8.46826 -1.70624 -20.3597 -4.16345 -3.74587 0
-5.64006 4.62675 8.41356 -7.60413 14.5211 11.1511 -4.54662 -2.09635 -3.40557 -4.1967 0
-7.68372 -10.5214 10.8628 3.32649 2.31038 6.0456 -6.72298 -17.7195 -0.220598 -6.32733 0
-3.58562 -14.8827 12.9826 10.6875 10.1337 1.35232 -6.75705 -1.95517 -5.92408 -8.36692 0
-11.463 -10.207 6.87425 6.4207 3.04402 9.82668 -5.7941 -12.6988 -4.092 -9.96646 0
-6.62206 6.81959 6.05523 -1.97435 -2.53026 9.64346 -2.86006 -15.8681 -1.28058 1.53836 0
-13.779 17.53 8.78041 2.0965 8.47928 3.92876 -4.36866 -23.5533 -0.0260178 -13.7241 0
-10.1884 -1.23218 0.454699 2.60221 -6.53802 10.1039 -4.84962 -7.41731 -1.62584 -7.9806 0
0.225873 1.3506 1.58831 2.67935 16.7429 6.73763 -6.20116 5.70711 -2.08148 -6.07609 0
-2.3221 -2.23134 6.01208 7.65081 -0.821893 -0.255214 -2.86988 -7.39554 -2.37953 -8.88329 0
-6.4539 -4.66103 9.60113 8.91331 13.2452 0.410105 -5.5171 -4.49068 0.262103 -3.36634 0
-13.1024 6.65034 10.1977 13.0322 6.65394 10.0868 -4.17648 1.7128 -1.6702 -12.2193 0
-10.1929 3.08839 3.51658 0.901738 14.6754 5.43505 -5.27508 -12.1449 4.80106 -5.0765 0
-9.93063 1.90037 4.37322 18.2482 6.57787 4.33613 -5.113 0.218089 -3.67277 3.04009 0
-14.0171 -6.03448 8.75163 -0.954848 -3.00345 1.24018 -3.31009 -5.02538 -3.92346 -10.4803 0
-2.50393 -6.65047 8.91657 1.2829 30.6509 6.12763 -5.36761 -3.27949 1.18546 -2.66766 0
-14.0483 -0.980996 9.3272 1.7369 17.3329 11.0523 -3.54567 9.07564 -0.00204925 -7.55048 0
-10.6379 4.80051 11.1816 10.29 23.2547 -0.302634 -3.46324 -3.10982 -1.66352 -1.59638 0
-7.75291 7.59437 9.26014 5.3905 -4.62375 12.7852 -6.77193 -2.0264 2.03175 -2.01479 0
-13.4729 -2.9042 7.98887 -4.76436 9.12576 5.2759 -5.06653 -8.75171 -4.52798 -3.26405 0
-7.44554 -9.56857 7.28624 1.79446 4.41908 -1.38931 -7.2858 -6.28426 -4.45025 -14.4353 0
-7.43067 -6.92797 8.41976 7.1247 6.22529 2.7346 -6.98613 0.559308 -2.97088 -8.32267 0
-15.6054 -9.79377 11.1972 7.04504 4.40261 7.41147 -4.71424 -0.621329 0.624167 -3.83736 0
-6.65428 -8.98773 3.98918 1.81818 14.486 4.28814 -6.59744 -14.086 2.16063 -10.073 0
-8.08433 -3.86751 11.2046 13.2892 15.5338 5.68647 -6.30564 -24.8203 -0.373825 -7.70996 0
10.4723 -3.09411 2.93765 -3.21492 -1.06536 0.310589 10.6853 -1.07687 12.1854 7.51823 1
2.2049 -2.47127 1.52306 5.5134 -2.01802 15.3109 9.47233 6.93072 3.06899 10.4741 1
-1.92851 -0.876933 9.47092 1.84274 -1.98405 9.87834 8.75146 -13.9337 4.13682 11.638 1
5.80056 -1.26533 2.25335 6.39826 -5.75618 10.1719 7.60546 -15.3212 9.8504 9.67865 1
10.3844 -3.38908 2.3685 6.68238 -0.475548 5.193 8.60605 -1.06733 2.5305 10.0232 1
17.519 -1.01907 6.69557 0.963651 -4.6901 6.80959 6.43484 1.76976 14.8792 10.1035 1
-0.912401 -1.98237 2.07098 2.64779 -5.20259 10.2062 11.6349 -5.63886 6.46196 7.80885 1
8.02814 -3.03893 -4.63954 2.29703 -4.61767 9.61132 6.95257 -4.32736 10.5845 9.96837 1
29.443 -4.12937 11.5578 4.52417 -6.6468 5.30606 11.0546 -8.57801 3.12742 15.6514 1
-0.191182 -4.11955 7.44439 1.64207 -3.37263 7.21628 9.93213 2.50219 9.53992 7.52724 1
16.8652 -1.75944 4.69524 1.17974 -3.65242 11.0626 11.4907 0.889858 5.22383 10.7023 1
17.6971 -3.42916 5.89232 1.8163 -4.60597 8.58064 8.59447 9.29422 -2.4584 11.8998 1
6.05224 -0.957792 2.40626 1.82212 -4.23808 8.97839 6.41727 0.798075 -1.11328 9.98033 1
1.91521 -2.89632 6.88679 4.76488 -2.43642 9.06974 10.7225 11.2732 4.69162 11.0584 1
9.9076 -4.01603 13.8435 4.36878 -2.8457 7.80011 4.28589 3.89191 6.07921 7.74779 1
6.20678 -4.47877 -1.85693 1.41594 -6.04168 8.0369 6.68869 -0.863231 1.47025 10.1862 1
-8.38524 -4.29435 0.937941 4.39455 -4.32061 10.8537 4.6159 -5.12125 -1.33636 7.15019 1
-0.287876 -4.76118 0.646141 2.53374 -6.77049 6.65348 3.91181 -1.49653 11.2377 11.8557 1
-0.432679 -7.66799 3.9696 2.18793 -2.53498 11.4751 6.20914 9.02226 1.52965 8.28694 1
-1.45104 -3.87751 0.115395 1.50084 -3.49976 13.9097 8.0146 -21.3021 22.2116 8.49097 1
7.96948 -1.39421 0.966699 4.85673 -5.48142 3.86917 8.89356 6.26334 8.30848 11.493 1
3.30969 -2.88132 5.28397 3.34875 -1.19807 6.68125 9.41739 1.35406 11.8597 13.602 1
14.355 -4.1957 11.2149 -1.25935 -6.47642 10.8171 3.38441 0.835043 7.94638 9.68829 1
-4.73426 -4.70777 -1.53661 -0.58857 0.311031 7.88789 11.9837 -3.95273 15.1684 10.5855 1
16.3205 -0.787884 10.8651 6.17855 -9.82694 5.0046 5.81988 -2.57392 7.69768 11.0445 1
8.30393 -2.26013 5.80455 3.47164 -4.45511 7.69208 6.17648 -19.9856 5.68105 7.99188 1
13.8442 -2.37326 8.96906 -1.41691 -6.53081 4.54245 8.75425 -0.712496 4.53101 6.53378 1
16.0412 -3.01337 2.84687 5.56544 -5.06828 12.3574 12.279 6.63543 0.920155 8.50722 1
-0.766862 -2.72435 -3.8191 2.49451 0.626949 7.45668 8.44027 6.46905 9.55936 9.43934 1
3.38593 -3.56901 3.39652 2.81842 -1.1443 9.64295 10.1305 -14.4495 7.09768 6.63125 1
-1.98821 -4.35165 1.13797 0.0417925 -3.09311 11.4031 11.9981 0.555681 6.43191 10.3282 1
2.52001 -7.10491 5.27671 1.24465 -5.11825 8.18261 3.42032 1.77224 -2.72418 14.8358 1
6.83629 -1.67471 9.48624 0.100572 5.91561 6.56542 9.51623 3.23751 16.6068 10.99 1
17.3082 -2.21378 -8.44527 6.03691 -1.22037 5.97555 6.57331 4.11115 5.53161 12.2439 1
10.7353 -1.67077 2.13276 2.88432 -7.54251 6.2467 8.97695 11.7765 4.82384 11.3256 1
8.84237 -3.04758 10.9936 1.92647 -4.67034 7.01429 8.55893 4.5847 -5.88766 11.4166 1
9.7289 -3.62158 4.11428 4.00298 -4.76304 9.91932 9.93974 1.32911 1.01835 9.27549 1
-0.807236 -5.51791 -3.10566 3.09527 -4.49043 6.67308 5.58271 -5.23271 12.2811 10.6294 1
7.2451 -5.59214 -3.6482 2.3645 -5.1459 13.3589 8.31423 0.156945 5.08803 7.9791 1
15.9279 -2.55104 9.74968 -2.66622 -5.7474 8.36365 8.19184 0.577802 10.8456 5.38267 1
5.17152 -3.24775 2.98949 2.79416 -7.44536 6.43755 10.2718 -7.6103 3.75855 9.37092 1
0.876006 -2.51492 2.19428 4.7141 -5.70968 1.07547 10.1556 -4.14657 10.2811 9.13472 1
1.87537 0.0611856 -6.38968 4.54295 -3.57311 11.8904 7.78624 1.51075 11.1354 9.23444 1
-4.31326 1.33714 4.58669 0.611547 -4.39571 8.76999 7.43333 1.09063 0.15249 11.6964 1
-6.77857 -2.78688 3.46536 3.2263 -1.52323 4.84492 5.77449 -8.81941 -3.48231 12.4902 1
-5.01309 -4.4348 -4.61504 2.28088 -4.1023 9.72502 6.42538 -6.78544 9.26218 8.52363 1
11.7127 -2.82906 1.72665 4.61567 -7.8624 4.18569 11.703 -9.35326 -3.18011 12.4755 1
7.73866 -2.53411 2.37763 1.13012 -6.28206 8.6447 4.88029 -4.94507 2.15362 11.5344 1
11.0206 -2.29296 13.3327 3.87511 -8.34576 6.50272 7.50678 -2.03097 9.6288 7.46384 1
5.73029 -2.41213 -0.0683939 0.289187 -5.39452 8.7328 6.51992 -2.27107 8.71796 7.69407 1
11.1055 -3.34773 -3.97633 1.81446 -3.31658 11.2475 10.548 2.76382 4.25976 12.3801 1
13.7342 -6.57634 7.53756 4.82365 -0.0514095 5.29771 10.2962 -4.08956 8.23872 6.99271 1
13.6244 -3.56767 2.96514 1.38885 -2.39381 10.4289 8.42453 -8.52858 -5.93022 9.88963 1
1.43013 -1.03521 4.98085 4.26078 -10.2866 4.07451 13.2101 -4.22383 2.15189 13.5045 1
-11.0659 -4.13826 7.63024 1.71927 -5.33993 7.03478 10.1903 11.2798 9.67019 6.00923 1
6.18966 -4.69582 4.73789 0.868851 -6.97937 6.00132 7.31414 -11.0582 7.91333 9.93966 1
7.83899 -1.79335 3.95474 3.71214 -6.12873 4.53628 9.17022 -6.71434 11.8325 12.4619 1
7.54058 -2.63037 -1.61891 0.501897 -6.48076 7.73646 9.89802 5.16754 3.66688 7.83579 1
6.24506 -1.49152 -1.79759 0.704863 -8.48301 8.87332 10.2798 0.332575 9.17083 3.74482 1
-5.06238 -1.08807 7.19507 0.159624 -0.64299 9.98571 9.27089 -12.6986 -0.773384 8.05206 1
6.00452 -5.18771 3.1646 4.67992 -0.856164 7.88588 7.12961 2.94971 10.9165 8.52566 1
2.24531 -1.57685 4.90467 -0.551307 -2.1521 9.48753 11.5224 0.199843 1.34903 13.9135 1
5.33279 -6.17727 7.14602 -2.5585 -0.288305 8.27287 8.82034 5.01183 -4.48004 7.70576 1
2.75034 -1.83945 5.73021 2.16493 -5.10307 5.58608 6.72735 6.27446 1.02335 12.7153 1
6.92921 -2.64554 3.00092 4.6231 -3.66574 7.29278 9.56874 -4.29201 1.28132 9.52701 1
15.314 -5.21537 5.67064 1.59595 -5.37927 9.21471 8.67235 1.39113 5.66679 11.4533 1
0.112136 -1.9672 0.10076 1.63321 -3.61093 -0.345684 10.8091 -0.693154 12.2236 11.8904 1
2.49061 -3.92452 -1.78776 2.26706 -9.83965 10.3908 10.4209 -2.18898 14.3197 5.29816 1
18.5241 -1.07226 3.39327 5.29286 -8.87902 10.4334 7.13845 -2.7453 10.659 5.26186 1
1.65514 -3.25743 -4.04567 3.82468 -5.48601 9.30394 6.80505 -1.43115 5.5961 10.8147 1
11.7983 -2.18677 6.99149 3.24872 -5.43927 6.57737 7.23748 3.44519 0.889196 8.79665 1
2.1749 -5.72534 8.43223 0.52059 -0.0575541 11.4474 7.51251 1.73874 7.09023 5.20942 1
5.36726 -4.56737 0.190938 2.00739 -1.53777 9.54695 10.8765 -9.16042 3.67131 10.7971 1
2.64297 -3.5789 9.84557 -2.00999 -5.29072 17.0395 9.27387 14.6777 2.54414 8.78951 1
0.39109 -2.87202 7.0257 0.766365 -5.77664 7.86679 11.3154 -2.04927 20.4375 11.1918 1
4.17438 -5.32134 5.88259 -2.37327 -1.32746 7.13839 8.8253 -7.17179 -0.505708 10.0036 1
8.86572 -1.50271 0.32655 1.18796 -4.63173 8.45178 6.57432 4.18601 13.7174 5.70527 1
0.950989 -3.73074 0.799406 -2.29911 -3.09344 5.49173 14.6542 -24.909 4.22903 11.9956 1
12.6692 -1.82011 4.60568 1.57602 -2.94482 10.8396 8.93559 3.64925 14.72 8.71123 1
11.1026 -3.54386 2.18141 4.11729 -6.12374 4.27075 8.91575 5.07572 1.74178 8.83812 1
5.82789 -2.30298 1.79841 4.92029 -1.87667 13.1771 8.37642 -1.38697 4.59135 9.36007 1
-1.38675 -3.0396 7.83906 4.86062 -7.40161 10.1019 8.75524 -9.04639 9.58956 9.18032 1
6.37145 -2.87755 2.39925 -0.363384 -7.89342 8.30965 7.52729 0.416861 -4.33852 10.3269 1
18.0087 -2.89022 5.92075 1.40059 -4.6284 10.6226 6.95109 -0.258411 3.29517 14.1928 1
-11.7188 -4.67792 3.12091 5.02167 -3.84045 10.3109 13.6846 -7.27542 9.13163 5.4887 1
6.7778 -3.11596 14.9483 1.22391 -6.08091 7.48343 7.57651 7.77731 0.15655 9.62803 1
7.77606 -0.344829 -4.63747 6.232 -4.13006 11.622 11.0654 -8.8518 3.36062 5.47019 1
13.1572 -1.33047 -4.0427 1.03638 -3.38197 4.76845 5.82307 -2.12858 8.20333 7.71539 1
17.2729 -5.48186 5.26718 3.63506 -6.16642 3.0641 5.06691 14.3634 -1.12279 10.6422 1
7.92078 -1.04687 9.89353 7.17732 -4.20214 5.18959 9.47566 -1.84727 0.8362 11.4984 1
6.76008 -2.90362 7.39388 -0.793506 -2.52637 9.17027 7.91988 -10.7617 14.6646 9.51623 1
-22.6126 -0.869771 -4.34226 2.09756 -7.36394 8.9146 6.5943 1.99037 0.373818 10.4722 1
15.9002 -2.39495 -0.58606 -0.243554 1.39394 8.81765 5.29461 6.69851 10.422 6.37033 1
-2.52347 -3.28417 1.96384 1.25867 -8.73146 5.67056 6.12377 3.25226 -0.676441 9.24792 1
20.799 -2.96167 0.945295 2.59885 -5.79234 11.9955 8.86874 -6.70166 6.65252 8.90382 1
2.48614 -0.944321 6.84996 3.85788 -4.20318 7.16202 6.63415 -3.3003 12.2825 12.1082 1
4.5912 -2.38371 -0.878754 2.45618 -2.01453 4.37151 10.1499 -3.00496 11.6671 12.1091 1
9.0064 -4.68578 9.57525 1.33483 -3.80077 9.68665 9.62395 9.41246 12.9174 12.0578 1
9.71679 -1.71568 -2.23101 2.67962 -0.735518 12.3626 12.8326 -10.4113 1.79882 10.139 1
-1.91553 -6.07411 8.91504 -1.01387 -8.10907 7.46171 10.2574 -9.12564 1.11119 12.6293 1
17.2113 -3.77817 11.7522 6.007 -5.4341 8.51007 8.72525 -3.58358 2.35175 8.99809 1
3.11073 -5.98004 7.4252 1.87404 -3.47563 10.2421 8.10945 -8.29514 18.7498 7.02267 1
-7.62686 -4.86834 3.80141 3.13244 -7.70025 9.72634 7.88238 4.56673 9.46265 9.73469 1
-6.07327 -0.914658 1.14437 0.421415 -2.39224 6.83238 9.29289 -9.66536 9.23125 10.0701 1
14.7927 -1.29818 6.10956 2.49257 -6.65909 6.44091 9.001 1.15043 -0.88939 5.95694 1
10.3603 -9.90545 -9.26634 10.0034 3.33695 -5.88112 -6.69386 15.7214 -0.858484 6.00352 2
6.66959 -4.10861 -11.7814 7.89133 -3.88448 -10.8429 -1.92652 3.23057 -8.96348 2.29683 2
0.133176 0.49791 -4.90227 7.66621 -1.70176 -5.9552 -5.13589 2.05489 -7.61403 2.81558 2
2.76019 -9.91633 -9.33039 12.685 -5.69204 -1.47784 -2.89658 11.6954 -6.94931 3.00612 2
-1.65403 -3.28194 -4.3947 7.53484 -8.58265 2.83516 -3.78899 5.28751 -6.85727 2.4927 2
12.7166 -2.7175 2.05168 6.20921 -20.6114 -2.71967 -3.2445 9.42429 0.605757 6.70173 2
0.171068 -6.47261 -10.1269 10.5331 3.73635 -8.91947 -1.26893 4.4512 -7.67243 2.56724 2
8.40464 -9.14013 -0.742238 8.17049 2.03012 -5.90501 -1.37444 3.97702 -2.67406 4.19365 2
6.22809 -2.49864 0.368286 11.6946 1.97262 -4.50786 -5.00359 4.6434 -4.94801 2.66089 2
1.781 -13.5586 -8.22821 14.2852 -3.71088 -8.98946 -1.26075 3.4104 -0.432406 2.21131 2
21.6062 -9.75802 9.28716 8.37789 7.57311 -7.92953 -7.892 4.22102 -5.17464 3.8927 2
12.7667 -7.73952 -4.26759 13.2564 -8.76778 -5.41583 -2.93881 2.32655 -11.5935 2.69402 2
14.7205 -13.6175 -5.59505 9.59973 16.1423 -2.25858 -5.49332 9.86003 1.12481 5.99666 2
6.17126 -5.32104 -4.21308 10.2073 -3.70733 -8.31941 -4.86676 7.42666 -9.8012 5.12572 2
-10.8597 -12.4524 -17.1075 7.55498 -2.67312 -5.9935 -0.568552 9.95099 -3.46734 0.607245 2
16.9514 -1.2978 -1.56116 12.0911 -13.3051 -12.1324 -0.319078 5.80215 -8.16767 3.05659 2
-8.48137 -3.73462 -6.19328 10.5216 -11.9175 -10.2526 -6.32232 4.38084 -6.76719 3.49245 2
5.50772 -4.64662 -13.1307 7.53826 -23.2415 -9.53465 -2.37557 3.47625 -1.57122 2.5253 2
-5.22165 -4.74717 -5.31982 10.8274 -15.4733 -12.626 -1.5447 8.08988 -2.24375 2.76114 2
6.43311 -4.11794 -0.889185 8.35652 -1.46339 -4.00906 -3.21557 9.61455 -9.14973 3.06792 2
-0.836475 -8.84707 -5.92757 7.44649 6.06457 -6.39895 -5.96196 7.59893 -4.93338 3.64077 2
4.79486 -0.222346 -20.6377 10.1829 -4.05608 -2.90334 -4.72782 9.36414 -1.91629 4.71032 2
4.45089 -7.77387 -2.17815 11.6016 4.63765 -10.7657 -4.89105 9.16846 0.0604968 0.492282 2
-5.07686 -11.45 -6.01217 9.0021 -8.61668 -5.13138 0.791384 1.16232 0.0216854 2.51338 2
8.41675 -6.28584 -11.7725 8.5158 11.7735 -7.52886 -1.27561 5.1458 -1.02372 4.4157 2
13.96 -0.669581 -6.12067 14.0957 5.58767 -9.80098 -3.2241 8.62978 -0.363059 0.967172 2
4.2795 -0.977033 -3.80329 13.49 -20.5787 -8.09864 -0.0492708 3.9638 -8.32604 5.03571 2
14.0585 -12.4649 -7.68985 9.94272 -17.8957 -8.80305 -7.23489 6.62926 -5.28488 4.06024 2
-4.02645 -2.7152 -6.66293 11.1312 1.96593 -2.51741 -2.24325 1.23802 -4.63312 4.0358 2
7.2435 -2.89888 0.859188 11.3443 -9.97198 -6.88931 -9.74461 6.29471 -9.45355 2.82304 2
25.0368 -6.86445 -12.7795 8.39639 -5.81174 -9.50771 -4.61398 1.24552 -7.10787 4.03071 2
-2.96953 -4.27854 -0.555042 6.82697 0.501078 -5.28131 -6.90019 8.45446 -7.15676 6.96812 2
21.3561 -11.7938 -10.193 7.93232 -12.0526 -8.0848 -5.72663 5.39482 -7.72822 4.43478 2
11.5975 -12.1919 -14.3828 12.0652 10.1398 -7.44751 -4.16491 6.99194 -4.84662 3.5178 2
0.531087 -5.54977 -6.18207 8.69192 -1.67802 6.36177 -3.2754 6.29036 -0.319736 1.63931 2
11.0985 -15.3691 -10.7415 8.71879 -11.8648 -0.993882 -3.95403 9.99529 -4.65179 3.62729 2
1.51624 -12.3344 -5.17974 10.2852 -18.4716 -4.48112 -0.882049 5.46085 -8.33074 3.59808 2
12.5717 -3.72969 -10.6583 9.49776 -8.02703 -6.7841 -3.92324 2.5897 -8.46418 6.4834 2
14.7332 -0.604792 -12.6322 13.3471 -4.25076 -6.12565 -0.276618 7.21685 -4.86303 4.60932 2
-5.44907 -13.611 -3.43636 10.2601 3.43266 -11.139 -0.906586 4.08281 -4.44935 4.51247 2
4.01032 -13.3066 -12.9562 8.48955 -1.48571 -4.95484 -0.930028 9.86728 1.36684 3.51465 2
0.40836 -13.0103 -11.8706 11.2999 -14.3795 -7.99501 0.718309 1.18899 -1.79413 3.35319 2
-2.20321 -3.25488 -12.8123 5.77935 -7.36138 -3.69873 -1.99705 10.215 2.4006 0.63748 2
0.894528 -6.22356 -1.52592 6.08051 2.10413 0.166122 0.503525 4.94451 -9.76394 3.05683 2
14.2948 -8.91097 -8.48854 5.3643 -2.06271 -0.468022 -2.72612 8.47881 -8.57516 5.51926 2
8.53727 -6.29485 -15.6087 11.17 -4.00347 -6.7644 -4.20805 4.62772 -5.97428 2.56637 2
3.67802 -9.25082 -11.9758 11.0831 -1.1368 -10.4004 -5.26709 9.75242 -9.42234 5.90554 2
2.31151 -10.8241 5.95948 8.30292 1.93896 -9.5666 -1.20475 7.42152 -4.42488 2.90986 2
-3.33553 2.47785 -13.9074 11.8041 4.74933 -4.71508 -3.08302 2.94985 -4.53775 4.75572 2
8.46051 -12.0987 -5.96091 5.20868 1.95708 -3.43563 -0.534962 9.74254 -9.22878 3.20074 2
-0.455723 -7.44571 -9.55731 6.72234 -6.11895 -5.63543 -4.41158 11.2422 2.47591 5.30001 2
6.49704 -13.3057 -6.8673 12.2023 -2.77608 -8.90458 -7.48551 6.08174 -8.77913 7.24223 2
1.74421 -2.15462 -1.16354 5.44417 -4.62283 -4.5395 -2.17914 8.6407 1.57108 4.93717 2
2.74735 -8.32397 -2.63015 5.13774 -4.02217 -0.516453 -4.81272 3.26425 -4.44458 8.07042 2
19.3374 -13.124 -11.6406 6.8627 5.44947 -7.3601 -5.04776 3.78055 -5.04813 2.25158 2
10.4524 -6.5128 0.479874 12.4133 6.21985 -8.0213 -0.847696 7.96676 -4.28107 4.92993 2
-0.365681 0.474297 0.131978 10.8171 2.80121 -3.28976 -1.31077 6.8261 -0.0125053 4.25291 2
-4.50566 -12.9315 -7.98239 11.527 -3.41289 -11.0083 -2.62545 2.00504 -2.48961 4.90147 2
8.66638 -12.0393 -2.30855 10.9317 -6.96721 -5.24471 -9.79579 4.55048 -8.62256 2.86675 2
6.73529 -19.9613 3.04816 13.2364 -2.8053 -7.41639 0.502396 6.30924 -2.47419 5.55889 2
7.41032 -3.73955 0.844952 8.94784 5.13719 -7.52528 -6.15034 5.41464 -5.27905 2.09884 2
-10.5448 -5.71636 -2.19627 12.7798 -15.314 -2.40126 -6.81625 3.20147 2.38227 2.0629 2
-1.50662 0.695488 -11.8856 9.65034 4.37378 -4.40108 -2.64887 10.8584 -4.25579 3.57818 2
12.1812 -9.07439 -7.00916 6.84112 10.8657 -8.84196 1.03441 6.30056 -8.35099 7.27178 2
5.3308 -8.15853 -7.24911 11.2889 -0.456084 -9.94781 -2.25223 -1.51654 -3.01433 3.65804 2
16.0113 -3.41675 -11.0909 5.2542 -3.61549 -5.72129 -2.55346 5.80792 -3.63746 3.34841 2
9.59008 -5.21545 -2.9014 9.15006 4.94867 -4.57865 -4.43766 10.543 -3.0791 7.4124 2
8.53264 -8.20633 -6.71735 7.46169 -9.09973 -5.16973 -5.79767 8.99223 -3.24361 0.359128 2
-0.534334 -12.2868 -9.46354 9.02014 -1.85535 -5.35152 -2.51066 -0.340352 -5.9253 2.12586 2
15.5449 -2.581 -5.4002 13.5379 2.55536 -4.64924 -6.08703 7.67207 -2.53456 1.46373 2
13.6212 -11.0017 -14.222 12.1531 16.7866 -7.10402 -8.2723 1.58491 -0.713493 5.47759 2
11.2673 -6.55535 -11.9016 9.1334 -18.961 -6.70063 -8.95825 2.57188 -2.11877 1.76873 2
4.77481 -8.03866 -3.09977 9.44753 2.33088 -3.52188 -6.86936 4.31626 -5.54888 4.03755 2
10.9828 -7.70381 -8.49182 7.92902 -6.6938 -9.18653 -3.18749 3.06311 -4.88567 6.3295 2
16.6653 -5.20364 0.393912 9.69588 -5.97494 -8.03042 -2.51764 6.38937 -5.67677 3.9898 2
0.59825 -13.5807 -2.68919 10.969 11.9614 -12.5023 -6.62716 13.5997 -10.0339 4.94591 2
-15.2171 -8.07262 -1.81664 7.64475 -9.779 -4.0323 3.14016 12.7093 -3.73062 4.28059 2
19.8215 -1.93258 -9.41158 4.28804 -11.8848 -8.73839 -2.79058 6.67362 -3.6658 3.12307 2
17.5787 -5.14093 -8.72944 7.12336 6.50865 -6.74052 -1.78705 8.91315 -2.56081 2.66652 2
-1.42798 -6.32358 3.91053 8.6433 -2.19952 -3.30847 0.335559 6.34213 -2.57949 4.65774 2
13.4032 -3.27086 -10.7928 8.41299 -11.4782 -6.54363 -2.08811 14.2312 -5.42422 4.48873 2
5.03868 0.117793 -3.93193 10.3133 3.49505 -11.8766 -3.95634 5.95332 -6.64386 5.54258 2
2.24753 3.62222 -9.0035 8.12227 2.81959 -0.561585 1.34263 3.33254 -4.36999 1.45559 2
2.13999 -9.31447 -5.89458 11.3439 -1.70437 -6.82668 -6.49853 13.8878 1.70891 2.67069 2
8.57518 -12.273 -0.819791 5.63194 11.2383 -8.51258 2.55543 6.59219 -4.78481 7.07112 2
5.65147 -8.38508 -2.59727 8.16111 -12.1039 -8.83425 0.345895 7.88077 -4.79893 -0.571396 2
1.21019 -9.0986 -9.36952 10.5339 -7.60428 -13.3374 -4.66719 4.25476 -5.40827 3.17142 2
0.393349 -10.0115 -4.3319 11.9615 -9.86533 -7.54281 -1.18522 9.65432 -3.14408 3.00611 2
5.51783 -3.1187 -3.50702 5.58083 0.73732 -8.23494 -5.66084 8.19495 -5.80037 2.7824 2
-1.56781 -11.9504 -8.03492 4.32814 -3.9642 -2.52564 1.77574 11.9406 0.0122405 1.12021 2
9.40582 -10.0349 -12.137 4.85548 -8.37221 -7.33918 -4.97189 4.13817 -4.69027 -0.174608 2
-1.6931 -3.10085 -11.3596 8.63851 -10.6119 -8.04167 -0.535854 6.17102 -5.26044 5.91216 2
1.47301 -5.52153 -8.83712 9.21569 -3.67933 -13.8155 -4.06518 0.100986 -6.17957 4.48131 2
22.0744 -5.44936 -5.96889 7.07233 4.48939 -5.07795 -3.03198 7.72669 -3.16068 4.00244 2
9.29992 -6.7651 -0.36626 7.44789 12.507 -3.71123 -0.244781 0.531865 -12.3923 2.53475 2
8.02227 -1.51131 -13.5849 8.19051 5.76642 -7.75818 -0.952012 6.13455 -8.08096 4.70566 2
14.5698 -12.5503 -6.48518 12.0252 4.06566 -12.1831 -4.91273 5.31837 -7.26945 6.18028 2
8.99069 -3.1425 -12.8889 8.4337 -4.74924 -6.82711 -3.12927 5.64492 -3.3952 3.27835 2
5.85157 -10.2831 -7.27841 8.57911 -0.532814 -4.78505 -4.49952 9.4358 -2.04826 3.04832 2
2.42582 -4.23872 -3.19889 7.10011 20.5457 1.49943 -6.71285 4.68884 -4.198 5.62912 2
2.97063 -8.53518 -9.81025 10.8051 -0.325151 -4.97171 1.45966 6.91811 -4.19513 3.77499 2
5.93461 -8.06945 -1.81516 8.06217 -4.82984 -4.81563 -3.1703 2.86335 -10.3225 4.56716 2
10.4566 -1.33533 -8.24264 8.08073 -10.8053 -8.90659 1.30177 6.62832 -5.52733 1.80213 2
8.44434 -6.58553 -2.78668 10.9629 -9.23032 -7.64685 -1.9888 6.78213 0.722807 2.91112 2
12.88 -5.73255 -4.59671 8.74891 -11.2782 -7.4942 -5.84797 6.46562 -6.12837 8.43633 2
1.10073 -15.5267 -19.4674 7.52737 6.01919 -10.1389 -3.56221 10.1405 -6.75303 3.20244 2
-4.63699 -16.5352 2.29657 11.2149 -15.9103 -4.7186 -3.96976 10.2816 -8.28656 5.47273 2
16.6116 -5.39845 -20.1354 9.5741 -4.32778 -2.20362 -0.957208 10.9393 -3.89559 3.30406 2
-1.28628 -9.54264 -2.6586 3.55557 2.04658 -8.73159 -2.0192 4.71878 -4.89012 4.3557 2
6.16132 -10.8581 1.59777 9.48962 -8.13222 -8.971 -7.1331 8.60359 -2.7166 -0.724015 2
-3.58481 -8.06615 -11.4916 7.1399 -19.1718 -7.51249 -3.61526 4.8883 -1.05344 5.5678 2
5.00307 -8.56389 -1.23947 10.506 -25.3792 -14.6318 -3.85807 1.61771 -5.4017 2.68639 2
4.93372 -16.2067 3.90752 9.27658 5.33787 -2.9062 -2.14497 0.955258 -0.778537 6.1002 2
4.38707 3.01076 -15.7809 9.85551 -15.3299 -5.16372 -4.00534 5.98362 -14.5584 3.94211 2
20.8031 -14.0875 -4.5668 9.98773 -10.9723 -2.37622 -4.35723 6.84134 0.913383 6.76605 2
5.32571 -9.96245 -7.30846 8.65301 -13.2573 -13.1629 -3.919 0.507216 -3.31369 2.23752 2
3.83668 -1.61531 -6.53754 10.8262 5.33252 -5.89052 1.67198 5.49516 -1.594 4.64614 2
6.73243 -9.17899 -8.86447 8.08769 -8.93815 -10.8256 -4.97676 3.00849 -6.90522 4.46127 2
9.32958 -1.60848 -1.55491 7.69025 2.70518 -7.20313 -2.34548 1.64738 -8.12752 4.79749 2
12.9723 -10.8432 -4.26019 8.2749 0.241045 -6.67876 -4.64824 4.02573 -0.832402 1.86248 2
5.86111 -0.884828 -5.36298 9.55901 15.1529 -6.10993 -5.23487 3.675 0.990378 3.6994 2
-1.25965 -6.64135 -12.6926 6.56002 -14.0232 -6.09059 -3.81658 5.97614 -7.46471 7.14984 2
16.6877 -8.3834 2.0384 10.1364 -5.67156 -5.24611 0.648114 5.22255 0.481866 0.852941 2
-2.15779 -5.79026 1.36697 6.41768 3.54137 -10.3037 -1.68367 9.58081 -3.85268 4.34246 2
7.67618 -2.21996 -6.30597 10.6201 -6.29276 -6.56123 -1.90531 7.75884 -6.52857 3.54824 2
-1.22942 -7.51277 -3.57964 10.8208 -1.51329 -2.24177 -7.52584 5.97106 -7.75127 0.983886 2
7.65039 -9.1271 -12.5415 8.08915 2.19659 -5.21161 -9.10916 3.01639 -5.03269 4.11778 2
-2.91242 -2.41552 -9.0333 13.2716 8.95416 -9.47053 -2.37202 8.00642 -7.04702 2.33786 2
15.401 -4.63041 7.64377 2.80239 -0.446273 -8.24698 9.71939 -7.46406 -1.42624 -6.6274 3
10.7441 -4.0079 1.89315 -4.35466 -1.49519 -7.19252 10.1377 -2.19584 -2.09862 -5.04272 3
17.871 -3.29721 3.35261 0.565201 -2.11864 -6.21636 9.70349 -7.25838 0.160697 -9.34536 3
13.182 -3.43485 9.07136 1.99763 -1.28463 -11.2639 9.53181 -3.8709 3.21684 -7.24528 3
6.40423 -5.70598 14.5298 -8.45444 -3.21212 -8.83716 7.04793 -3.98537 -3.46012 -4.05749 3
7.13567 -7.07603 0.585775 -6.76538 -1.96685 10.5203 7.48131 -5.03523 3.84541 0.190451 3
16.812 -0.627253 2.08478 2.19674 -2.51392 -7.024 13.2457 -6.69144 4.24643 -2.89767 3
10.1466 -4.4189 -6.63283 -0.381324 -2.24242 8.21797 9.92828 -6.8819 -0.914119 -1.04273 3
5.46525 -3.87034 -4.81064 -4.16258 -5.3227 -2.89944 9.4672 -4.2387 -3.78138 -2.72378 3
3.4782 -3.73305 5.42268 -6.44324 -2.24838 -15.047 10.1297 -3.79665 -0.572826 -10.8541 3
9.0311 -2.86113 0.473971 0.373048 -2.2514 -12.3903 9.46061 -4.13265 0.567339 -6.02633 3
10.9814 -4.11397 2.63647 -2.47544 -2.72807 -8.57275 11.0498 -4.21262 1.16452 -7.88749 3
14.6922 -5.09313 4.74424 -6.00627 -3.38854 -0.852314 8.58733 -5.31594 0.582011 -4.79437 3
3.91076 -7.10039 11.934 5.05251 -1.47437 -12.5857 7.08012 -2.29339 1.39185 -5.60972 3
16.7809 -2.27608 2.85936 0.0440766 -0.483633 -4.47959 8.96387 -7.69888 4.29007 -5.31511 3
2.75721 -6.28205 7.94129 -3.80729 -2.06015 -13.3367 6.89968 -7.12319 -1.81002 1.33632 3
4.81835 -0.951747 10.3986 -3.18418 -2.1444 -8.60256 9.20873 -5.38905 3.09395 -5.04638 3
8.87336 -4.44476 -2.24919 0.226421 -1.12676 -10.7049 4.88517 -5.54656 1.53469 -4.27598 3
8.52539 -3.57913 8.42531 1.12596 -2.71333 -17.8868 6.42855 -7.50015 -6.42954 -1.627 3
6.99201 -1.88174 10.1558 -11.3225 -2.0733 -9.37569 10.1786 -4.68328 -9.08712 -8.71301 3
16.1913 -3.99515 4.76107 1.35798 -2.28836 -7.57813 10.7819 -4.19935 -0.92038 -2.94321 3
16.2212 -3.65305 8.13306 8.01104 -2.33961 -11.3702 6.72219 -4.95594 0.724326 -2.17239 3
6.09792 -0.915272 -5.13306 -9.03802 -3.08267 -4.34477 6.9766 -5.02361 4.91117 -2.536 3
12.699 -5.64562 17.5673 -2.48213 -3.00765 -13.954 9.08251 -3.03016 -0.336732 -6.82762 3
11.5044 -3.94955 5.67979 -1.92998 -1.60987 -8.52793 8.53247 -5.08544 4.13432 -6.2644 3
6.50355 -6.06674 8.55057 5.27263 -3.09792 -2.18583 9.10108 -1.27557 -4.75164 -2.45733 3
-0.474869 -5.40728 2.38232 -4.35696 -1.68568 -2.07988 8.5127 -4.15719 6.64888 0.581664 3
4.18064 -4.09358 6.83724 -6.70153 -1.57209 -12.5904 7.89609 -3.85189 1.02062 -4.84952 3
3.34185 -3.49277 0.801664 -3.97188 -2.62795 -0.803064 7.61911 -4.8263 -2.531 -0.0971234 3
-1.30463 -1.79327 9.61473 -8.3181 0.0343478 0.470087 7.577 -7.41797 -0.755075 1.35108 3
9.28048 -6.64671 9.39543 -1.68902 -1.19153 -0.543665 9.72309 -5.79731 -0.200217 -11.9427 3
2.21848 -3.43072 8.38465 -1.03693 -2.44612 -18.5514 8.73726 -5.67059 -1.62318 -5.84311 3
3.06656 -4.27098 5.94101 -2.69549 -2.39014 -13.9316 8.5735 -6.8855 6.39794 -0.250856 3
5.10009 0.648585 -0.143183 2.30429 -2.56711 -12.455 8.05948 -4.92434 -1.14281 -6.99148 3
4.97522 -5.57461 14.8179 2.78611 -1.62736 -3.68942 6.20261 -4.82474 -1.66769 -6.42212 3
2.53689 0.20971 -1.13577 -4.90161 -2.61225 -13.1344 8.88271 -5.95223 1.79375 -8.42494 3
9.3547 -5.13071 0.683809 1.07367 -3.80964 -3.17424 8.93579 -6.00882 1.48411 -6.06389 3
8.34078 -3.72992 3.43519 2.4883 -0.767857 -9.82823 5.97481 -7.30872 0.100289 -3.91486 3
7.69267 -3.92745 5.67086 1.39074 -3.15372 -12.5784 9.63251 -4.70709 -2.9786 -6.87967 3
1.0668 -4.09802 5.36573 8.11243 -3.78707 -13.4714 7.444 -4.97502 -1.61894 -4.84556 3
-7.3511 -0.38974 -2.03199 -1.14357 -2.95831 -6.25408 10.2646 -6.91812 2.10681 -7.8527 3
7.73356 -1.88913 14.0719 0.71993 -0.81772 -3.37579 9.33243 -6.62596 7.9158 -7.76233 3
1.24433 -3.18659 18.6883 7.57195 -2.28907 -8.4771 12.0135 -5.05318 -2.55425 -6.10655 3
1.52259 -3.27589 -14.6732 -3.2541 -2.99458 5.48165 9.31936 -3.90272 4.22454 -5.72272 3
2.26893 -1.99502 2.92463 5.45339 -2.72312 -12.4664 9.22357 -4.12348 -1.6045 -9.15866 3
16.6114 -1.86446 -0.0759804 -3.99379 -2.84061 -3.54085 8.7178 -3.2577 -0.691444 -2.52936 3
12.9591 -3.24304 8.63617 -0.717388 -1.14862 -1.50179 8.67294 -6.09052 -0.924328 -2.9215 3
13.1896 -5.06787 -14.5544 -0.262188 -2.5759 -6.33756 9.30493 -5.18452 -2.65543 -5.29474 3
11.9114 -4.78849 0.232776 4.97986 -4.19428 -14.995 10.5644 -3.19374 -1.45088 -8.36422 3
12.182 -7.4467 1.71821 -2.91634 -2.67854 -14.1574 7.84539 -5.66826 -0.576746 -4.34249 3
7.98086 -5.0249 -3.54836 -4.6518 -1.06647 -10.8376 11.7057 -3.6924 6.99899 -6.03862 3
10.164 -2.96228 -4.51662 -1.04926 -3.14754 -11.7186 7.27036 -3.54124 -5.42354 -2.63459 3
-1.50626 -3.39411 7.48541 1.2918 -0.739833 -3.72241 10.0289 -6.9897 4.12214 -5.29295 3
3.13957 -2.42809 -0.249792 -3.28745 -1.89467 -16.479 7.25782 -3.81629 -1.70235 -3.65097 3
3.93263 -5.17992 11.1898 8.22676 -0.660697 -7.44065 9.19315 -4.45488 -0.0709723 -5.32497 3
11.9242 -0.380905 4.07847 -8.29288 -2.09511 -15.1696 11.2812 -7.68798 -3.61914 -7.47095 3
10.0023 -5.30946 5.07699 3.47779 -2.8893 -2.88488 8.96546 -5.48414 7.37631 -6.83798 3
7.30858 -3.57055 17.5209 -0.0668735 -2.41483 -14.8518 13.0536 -3.5709 0.523706 -1.86927 3
3.8462 -4.05953 8.94289 3.52488 -4.13681 -8.45044 6.94831 -5.5067 1.01536 -7.58312 3
2.6315 -3.09372 3.03319 -4.78303 -1.2028 -5.71286 5.36124 -6.9966 0.638443 -3.64016 3
4.95113 -3.3311 5.50034 0.740348 -3.39479 -2.63098 7.03292 -4.43296 -1.0751 -6.26334 3
1.57527 -3.27268 -5.92479 -2.108 0.584519 0.293432 9.81862 -2.23505 2.65779 -6.14655 3
2.06827 -6.78949 3.74218 -3.37967 0.0189091 -18.0741 8.5471 -4.28377 -1.10047 -4.92801 3
14.3881 -3.01183 6.40893 -13.8841 -2.08884 -14.9181 7.8498 -5.01771 -1.7888 -3.46114 3
15.538 -2.57603 3.49963 5.76631 -4.04896 -12.6922 6.76835 -5.64449 -2.30797 -3.4842 3
7.22432 -2.86152 4.87873 -6.78823 -2.62363 -11.6454 6.24847 -5.00236 -1.03591 -5.98816 3
4.70293 -8.41294 11.1225 -5.74858 -1.77779 -5.81112 8.12142 -3.73151 -4.68714 -4.23261 3
4.86575 -2.98046 9.00799 -3.75155 -2.69665 -20.7602 6.8203 -4.05395 -3.9892 -5.59893 3
11.7603 -4.88187 7.9748 8.13285 -2.37223 -10.1706 9.42708 -5.60386 0.717296 -9.77159 3
2.99018 -8.4436 14.2109 -7.39374 -2.15339 -4.80864 9.38645 -4.9038 -0.205459 -8.50979 3
6.68695 -6.46574 7.17986 -9.74148 -4.29485 -13.1506 7.23085 -4.30797 -1.45886 -2.84039 3
3.50696 1.33579 12.2252 -3.96241 -3.02952 -8.26192 11.7774 -7.22764 -0.03491 -5.73098 3
10.65 -2.05351 6.13263 -8.52806 -2.7676 -7.50707 9.21533 -4.73115 1.42985 -5.22472 3
18.6974 -0.118974 3.21378 1.25591 -0.643693 -10.2535 7.42623 -7.84913 -2.72557 -7.79519 3
-3.90916 -1.04877 0.823451 -4.1112 -2.61858 4.60497 5.92263 -8.82801 0.371059 -0.710826 3
0.30929 -4.88925 -6.47325 -8.04611 -1.66015 -3.23661 9.49543 -3.49988 3.60002 -3.57878 3
9.34547 -2.54485 5.36627 -10.2903 -1.81958 -6.17593 10.1513 -6.58689 0.846315 -6.59881 3
13.8485 -1.55116 -0.731084 -1.57051 -1.45203 -5.51778 9.46718 -8.35804 -8.59546 -1.48513 3
14.1834 -1.95821 -1.53652 -7.32821 -3.54497 -6.20264 9.64294 -4.3544 1.38653 -1.14444 3
10.7386 -4.66808 3.44067 8.64839 -2.64696 -13.243 8.43547 -3.29495 -0.87454 -0.497649 3
11.4926 -3.18797 -5.08072 -1.2645 -2.05602 -2.26725 9.97825 -6.12891 -5.08061 -2.24276 3
9.7957 -1.39547 -2.56617 -6.23561 -2.82188 -8.66236 7.71062 -6.21096 -0.0929059 -4.90108 3
9.28433 -4.60394 10.6703 1.38459 -2.84437 -13.3944 13.7044 -6.00981 0.63275 -3.99197 3
14.1747 -4.43553 10.9035 -0.750388 -0.284257 -2.98685 7.80802 -2.45727 -0.609233 -4.22894 3
3.40719 -1.3131 -3.40337 -2.46317 -1.45886 -6.44995 9.00877 -7.26429 1.88513 -3.71105 3
6.58473 -5.72296 12.8279 -9.96044 0.344451 -13.0027 10.0523 -4.45153 1.00304 -5.64357 3
2.70674 -0.193247 1.08976 5.08032 -2.55181 7.83825 11.1507 -7.17355 -4.05919 -3.39545 3
-1.88882 -3.78019 2.01861 3.19732 -3.66473 -10.4621 9.66994 -3.52423 -8.31008 -6.56108 3
-3.30677 -1.78746 2.95525 1.52419 -2.49088 -16.9471 9.22654 -8.14604 -0.831414 -2.36364 3
20.7828 -3.55297 19.1008 1.67425 -2.15421 -6.03119 7.89272 -5.4755 -1.81192 -0.802064 3
8.09668 -5.33776 -0.674626 7.4477 -1.88521 -1.81852 10.0863 -4.48446 6.1838 -5.39659 3
-0.548897 -4.5949 -5.60571 -4.79851 -2.34093 -18.2717 5.10885 -8.58602 2.43424 -8.54735 3
19.1468 -2.50868 6.85589 2.84466 -1.47479 -4.4051 11.154 -5.719 -3.26867 -6.72607 3
9.04812 -3.70446 14.2724 4.09247 -1.32855 -4.48936 9.98604 -5.99053 0.970919 -7.21881 3
13.4783 -2.01238 -7.9167 5.2412 -0.615416 11.9914 10.5953 -6.63834 0.0377851 -6.44189 3
6.45126 -5.59576 -3.0056 -1.98231 -1.21223 -6.97247 7.47705 -3.78397 -0.0279157 -4.91093 3
8.09469 -0.823386 -7.19646 -5.90051 -2.75683 -2.4411 9.96627 -5.59899 2.68409 -0.710825 3
-9.05309 0.065029 0.670132 2.91721 -0.97722 6.31872 12.4927 -6.49385 -2.56638 -0.483165 3
4.81587 -2.9391 4.60631 -3.35405 -1.83416 -3.386 12.2272 -4.36588 3.69151 -7.98523 3
13.6197 -3.8177 15.5317 0.787597 -2.38125 -6.36914 9.62864 -4.55351 -1.83599 -4.04377 3
3.18849 -2.74945 5.28691 1.86981 0.192451 -6.39694 11.3997 -3.55907 -1.34733 -1.85283 3
3.9184 -2.53206 -8.35348 -1.19242 -2.55557 -8.61281 8.94576 -4.96082 3.30929 -3.01418 3
10.6182 -5.22954 -2.58565 -3.28287 -2.66787 -4.96533 10.5989 -5.01769 -0.915786 -3.60495 3
9.62336 -0.105678 2.31663 10.8532 -2.09618 -13.0823 9.50871 -7.46999 -2.07463 -6.1786 3
9.08984 -4.8845 7.66506 -9.98441 -1.49927 -23.4555 9.96483 -5.73247 -0.179336 -5.6358 3
-2.98828 -3.01143 0.180721 -12.4696 -1.57647 -12.6677 6.67888 -3.80697 0.219466 -1.16782 3
1.91524 -2.34703 14.3435 0.125638 -2.78291 -1.42134 8.93924 -5.51832 -0.916818 -7.00396 3
4.48196 -1.14224 -2.88558 0.708838 -1.29067 -2.26468 9.41967 -3.48639 -0.502675 -7.58307 3
1.86219 -3.02826 22.0248 -2.17865 -1.75848 -5.12129 8.52523 -6.24044 -0.371782 -7.87716 3
6.64884 -3.11927 6.69409 1.52784 -2.29584 -0.664213 6.62112 -5.64734 0.922764 -2.09193 3
7.31647 -6.53108 3.05711 -4.84562 -1.68289 -13.4309 7.17648 -4.8768 0.665773 -5.21341 3
15.8236 -2.89677 -8.32462 -9.01053 -2.97701 -6.23289 11.4968 -7.07565 -3.78122 -0.866467 3
7.11113 -1.10791 -12.4435 -1.18438 -3.63122 -8.81896 10.1126 -3.06102 2.07708 -4.73178 3
9.92317 -2.42736 8.76872 -5.77159 -2.55297 -6.70576 7.26615 -3.4378 2.03853 -5.83752 3
15.0928 -5.23473 16.3651 2.89751 -0.520092 -6.23291 13.6159 -5.7295 -1.02178 -7.97555 3
10.5168 -4.41556 -9.61834 -4.59263 -2.05417 -10.0674 11.7673 -4.49318 -0.0499973 -3.51775 3
-2.45796 -2.36441 -2.40341 2.26416 -1.28211 -16.5948 9.88371 -4.01475 -2.93486 -2.57964 3
6.34468 -6.0306 4.9293 4.71691 -2.27427 -7.8193 7.35511 -6.44832 2.12812 -4.62508 3
-3.02487 -4.4959 -1.27951 -11.521 -2.16895 -11.5258 9.84524 -6.85124 1.5311 -1.41158 3
2.68678 -6.98626 12.5038 -2.77374 -2.64137 -12.2147 5.88 -7.14273 -1.43889 -5.95229 3
18.0913 -7.32817 5.69977 2.72236 -2.18889 -8.55256 5.81164 -6.73327 1.75211 -6.48924 3
1.80624 -6.89249 8.95839 -6.72352 -0.0394897 -5.0134 10.6565 -9.32925 0.183857 -3.20815 3
4.98051 -2.24484 3.84316 -0.971367 -2.37812 -12.1008 11.7046 -3.91464 -0.855932 -1.84039 3
2.79246 -4.12894 14.1336 3.47281 -2.35469 -5.96395 13.3662 -6.33912 0.965939 -1.43545 3
1.17765 -2.93578 -10.8068 -9.67447 -2.0251 2.10409 11.9271 -6.42326 -4.78013 -3.29982 3
10.0503 -5.52492 -4.74097 -5.39517 -3.33768 -13.4456 7.41837 -6.29115 4.17011 -4.77731 3
5.70463 -6.36752 6.97786 -2.96206 -3.10992 -4.74175 7.01548 -3.29014 2.19982 -7.51653 3
5.20677 -2.9668 3.40054 -11.1771 -0.220809 -4.30765 7.78549 -5.34162 4.45223 -5.98068 3
7.68108 -2.42202 7.46939 2.34739 -0.375348 -3.47159 12.2749 -5.8082 -0.00734614 -7.01472 3
10.8682 -1.11778 23.5256 1.37903 -2.07994 -6.90468 10.84 -4.7837 -0.99006 -3.98229 3
0.530476 -3.58146 -0.334315 -6.75733 -2.06753 -6.70516 5.5305 -4.84947 0.799486 -5.22265 3
9.78901 -4.89155 -4.12713 5.16679 -2.77139 -10.0804 7.35912 -1.6857 -1.42621 -4.51144 3
8.99781 -3.59827 2.66959 -3.95368 0.194133 -15.8151 9.93291 -5.18349 1.96278 -8.23546 3
10.1642 -4.51144 3.4659 -0.296615 -5.20559 -16.0966 5.82723 -3.74217 1.37543 -0.932621 3
-1.35915 -5.87362 4.56948 -4.49013 -1.95802 -15.6179 10.3831 -6.17833 -1.60739 -5.93975 3
11.5144 -1.53419 -6.21774 1.19713 -2.24986 -7.20455 9.37867 -5.6024 -0.196434 -6.94155 3
10.7919 -4.77934 -1.09086 -3.2505 -3.64411 -9.03195 9.22607 -3.7408 -3.79621 -3.92989 3
15.2627 -3.12088 8.93846 4.10951 -1.66281 -12.9987 8.01639 -6.75744 -3.79062 -6.52783 3
9.76069 -0.385229 -9.85378 -4.46909 -1.70882 -10.5525 7.29789 -5.89353 -1.15372 -4.57046 3
5.80863 -0.868603 -2.65892 -0.298486 -4.43429 -7.81941 7.87098 -8.76493 1.26769 -3.74349 3
4.65348 -3.12987 -1.48608 -0.440821 -2.43851 -8.89335 9.80633 -4.11688 -1.09812 -8.0339 3
0.682201 -1.70954 -2.28081 1.23751 -2.22031 -4.14771 10.3734 -3.78146 -5.55183 -3.72892 3
-2.07415 -2.11541 1.24479 -12.818 -2.34816 -13.6147 10.3367 -6.99714 1.75944 -1.43289 3
1.80444 -2.16834 0.662573 -1.61761 -1.35257 -14.1626 7.44242 -7.51777 2.71513 -3.92209 3
14.8811 -3.80037 10.7023 -5.11034 -3.06434 -13.2268 9.14943 -7.22509 1.35499 -5.82128 3
0.379368 -4.53719 5.82629 -3.7723 -1.56773 -2.67153 8.67461 -4.22218 -1.18514 -3.16167 3
7.72542 -4.36038 -0.171743 -3.51248 -3.04684 -9.66299 10.0757 -5.42767 -4.61279 -7.50101 3
4.64893 -2.66081 0.938304 -0.647977 -3.83382 -3.97363 10.7283 -5.82869 -2.23804 -5.41278 3
4.63556 -5.07052 9.65421 -8.39151 -0.7185 -14.2612 8.86662 -6.14159 -5.44781 -5.76446 3
13.9019 -1.70773 6.32783 -0.0922931 -2.67865 -7.43285 7.19271 -5.79482 1.71191 -4.33851 3
12.2992 -3.60097 14.2933 -6.74695 -1.98249 -6.7223 7.32338 -5.72697 -7.30468 -2.36483 3
6.63685 -6.0366 3.43496 -7.70573 -2.92129 -6.26702 8.64634 -7.42412 4.92917 -4.81586 3
15.4663 -6.01034 12.2984 -12.7416 -3.01558 -3.54031 7.45431 -4.10582 0.627484 -4.45595 3
5.2045 -0.593297 1.50625 -8.17675 -1.43986 -1.07174 9.27832 -6.62039 3.01885 -7.59781 3
16.322 0.597213 -1.37684 -0.0787426 -1.67843 -9.51947 10.0521 -4.08979 0.366429 -4.82814 3
6.36573 -0.150517 -9.14718 -6.55536 -1.72251 -13.9224 9.55463 -5.41373 3.30945 -0.212308 3
4.01868 -3.64647 1.41928 -0.819062 -2.96507 -16.0479 6.17908 -9.24611 -7.61997 -3.01122 3
0.250866 -2.39755 9.35666 -1.13439 -2.5195 -12.3592 6.14657 -6.95217 -1.17599 -5.48879 3
17.1239 -4.43533 -17.0013 4.43604 -0.0929962 -12.7395 3.69867 -5.16888 -0.880908 -2.62518 3
2.08679 -5.2381 20.3744 -2.45621 -2.62808 0.916066 8.89298 -6.07847 2.10519 -3.75146 3
9.8754 -5.59342 3.40261 -4.43379 -2.20605 -4.49802 8.70756 -5.4484 3.44488 -7.97531 3
3.69596 -0.18685 4.22483 1.25487 -6.61967 -12.6227 9.31908 -4.12208 1.16817 -5.86639 3
5.12365 -1.89729 8.99157 6.71751 -2.22604 -13.6429 11.832 -4.70817 -0.318099 -7.22803 3
6.66662 -5.04883 4.0119 -1.76308 -1.88456 8.23946 9.61429 -4.83462 0.879521 -9.95591 3
1.57838 -3.96442 5.72975 2.40817 -3.27234 -15.9392 7.12763 -6.37569 0.731196 -4.62626 3
4.944 -4.84409 -7.88645 -4.75795 -2.50682 -9.37264 5.89277 -4.17105 -1.57157 -2.41653 3
4.96315 -6.19628 2.70182 9.42076 -1.55308 -13.2535 11.1601 -4.87024 -7.99929 -5.18394 3
1.74056 -5.5173 10.992 -0.640194 -3.78402 -5.38651 9.36786 -5.63758 -1.59916 -5.41768 3
20.4159 0.453851 -3.56364 -8.2761 -2.63527 -16.6927 10.1965 -10.1625 2.05134 -4.26304 3
15.3193 -0.273079 3.28621 0.488597 -1.66964 -8.01289 12.7262 -5.29645 -1.20251 -9.79587 3
12.6912 -2.16093 10.3247 -5.80201 -1.35732 -13.7704 8.06311 -3.55472 0.304332 -2.02599 3
1.88493 -2.66997 7.45594 -1.346 -1.53658 -8.12522 12.3131 -7.0465 -10.8164 -4.36523 3
6.14214 -6.82089 -2.59888 3.39402 -2.0353 -8.24738 7.18572 -4.77141 0.727521 -3.40829 3
7.88944 -6.1321 14.5562 -2.70485 -2.402 -24.1989 7.37059 -4.53108 0.813376 -0.522485 3
21.193 -6.46987 3.80969 -5.8595 -1.55469 1.06783 8.07885 -6.34617 0.69624 -6.68747 3
14.432 -2.85433 -4.80177 6.07968 -1.44562 -0.689418 9.02689 -2.69065 -0.0947475 -6.61788 3
7.21931 -2.21317 8.81913 -0.449288 -1.32408 -14.0244 11.8577 -7.63708 1.1019 -2.72778 3
9.11365 -4.72575 0.195317 0.784221 -3.56062 0.934584 8.07298 -5.99052 5.13212 -3.66517 3
-0.655132 -5.33132 10.0618 -2.8886 -1.19542 -18.7308 9.1053 -4.70717 1.605 -7.10327 3
16.1171 -4.95844 9.33613 -2.26746 -0.819861 -8.38107 8.88202 -4.72815 5.61044 -8.69263 3
3.87711 -5.40236 4.21037 -3.57755 -3.31113 -8.66403 10.976 -6.54875 2.30408 -2.60123 3
5.45911 -1.49835 1.27101 -0.501848 -2.5978 -8.66263 8.84148 -5.66781 1.80118 -6.40202 3
16.9983 -3.47831 1.05828 4.13955 -1.25634 -9.33547 7.54374 -2.79014 4.58456 -6.55113 3
-0.677794 -5.71296 8.49057 -11.2971 -1.72537 -11.1028 6.6171 -4.85901 1.09962 -1.31129 3
11.366 -5.49784 7.8507 -9.02063 -0.935934 -17.5069 9.75568 -5.57486 1.2504 -9.82552 3
11.2977 -2.29688 7.23586 6.61001 -1.67897 -1.98397 6.80708 -5.46064 -2.00971 -1.7293 3
11.4638 -5.08534 0.574822 -6.78983 -0.578185 -7.70106 8.62982 -5.23968 0.971199 -4.81747 3
9.82353 -2.75109 7.35754 -4.41041 -0.979316 -14.5242 7.12528 -3.75748 -3.45731 -1.74472 3
3.12213 -2.80956 5.81877 -3.86438 -1.76942 -11.6867 9.27765 -5.2708 2.83022 -2.91905 3
10.2942 -2.42724 -4.42069 2.21631 -0.446053 -10.2643 9.02189 -5.31975 -5.89566 -6.32248 3
9.05786 -0.535677 -6.03355 4.80155 -3.00843 -10.0084 8.9258 -3.80737 -1.44933 -4.99528 3
-1.36082 -4.39088 6.30919 -14.9363 -1.29382 -2.56098 10.7029 -4.42671 -2.71985 -2.24345 3
-0.532695 -0.635391 -0.0504759 -5.00264 -1.93611 -10.4725 11.8805 -5.49232 -2.75591 -4.44822 3
6.46943 -1.33943 -1.92919 -5.05367 -1.95871 -7.42804 11.0857 -7.96099 4.34753 -5.72567 3
13.8082 -2.58856 8.29098 1.06994 -1.95096 -0.092777 7.82202 -7.93462 4.94367 -7.4622 3
0.2262 -1.01962 0.489442 -6.07554 -0.562091 -11.543 6.56273 -6.78715 -0.0985544 -3.68887 3
7.23989 -4.55108 5.70246 -0.0742339 -1.78014 -3.88504 5.85741 -5.49793 -3.68331 -3.81899 3
-3.29715 -2.93497 -5.01478 -0.674503 -2.86194 1.67887 10.8593 -5.84531 -3.49609 -4.14021 3
7.27736 -4.0854 0.756266 -7.61798 0.172271 -9.76731 10.8948 -4.79875 3.58432 -2.09053 3
13.2563 -4.45091 0.131305 -0.211021 -1.50804 -7.37899 6.70943 -6.4027 3.71108 -0.295462 3
18.8911 -4.11819 15.8809 -3.95504 -1.67567 -7.06487 8.96269 -4.56387 5.63959 -9.42243 3
6.07219 -2.02449 5.14099 -7.69234 -2.18818 -2.1123 9.45156 -3.46496 -1.03572 -7.01509 3
8.0738 -2.09437 6.82349 -7.91 -3.89553 -4.13764 9.96131 -4.28387 -0.814852 -6.45051 3
7.30067 -5.68325 12.4521 -0.415848 -3.134 -6.44004 7.92156 -1.95977 -4.23426 -1.1594 3
17.1767 -0.986024 5.97031 3.20437 -0.844685 -14.2069 11.4766 -6.92509 6.90502 -5.93677 3
13.6286 -1.36895 -4.14292 -6.03317 -2.7001 -1.8786 7.39239 -6.7756 0.280436 -3.3025 3
6.35337 -5.80126 9.81304 0.380076 -1.27027 -6.66408 7.26089 -5.00955 3.12801 -1.51139 3
6.19994 -4.25881 -13.5204 5.3275 -2.00321 -11.8424 10.3532 -5.7691 -8.53542 -3.23229 3
1.70265 -5.75167 -3.03453 -2.90025 -2.53914 -3.37578 10.6998 -6.4465 -2.04424 -5.32781 3
4.15234 -3.97301 8.75843 -0.146901 -1.05969 1.08094 8.22316 -4.42273 -3.75773 -5.55849 3
12.1179 -5.3505 13.0305 4.73583 -1.2056 -5.29222 7.66063 -6.24676 1.4813 -5.56745 3
4.01991 -3.36116 7.88878 0.582321 -2.39829 -6.80257 8.45879 -4.2493 -5.87056 -5.71654 3
-2.11183 -5.57854 3.15662 6.39924 -0.869087 -5.3716 8.69449 -3.74687 -1.24583 -3.38925 3
14.1068 -2.74196 -6.19213 3.91302 -3.57931 -9.28421 11.6319 -3.2442 -2.80929 -4.38971 3
17.6327 -5.21393 2.25905 2.04135 -1.85008 -0.546547 9.60781 -5.88738 0.664159 -9.37771 3
4.70859 -5.7556 -2.65618 -5.93339 -2.85662 2.61182 8.50635 -6.69057 -1.7777 -6.50853 3
-4.13683 -5.98266 8.15071 -2.364 -3.25286 -2.10524 8.02718 -4.87672 6.38642 -7.14341 3
5.29104 -3.38653 4.8429 2.93018 -2.41834 -3.63082 10.2035 -6.99645 6.93815 -3.61351 3
0.923399 -6.10136 16.0573 -5.07465 -2.88075 -5.00616 7.19108 -6.92541 -1.46982 -6.89718 3
1.89445 -5.4653 0.937858 0.368745 -2.00145 -12.9129 10.4271 -6.08221 -0.909488 -4.56552 3
-10.2285 0.480804 -1.67987 2.3115 -0.640594 0.380375 12.533 -6.76442 6.25243 -8.82431 3
1.70249 -4.89665 8.83663 -8.15301 -3.49895 -2.43274 8.36421 -4.71917 0.271573 -4.17961 3
7.22646 -1.57109 10.1526 -2.25113 -2.02555 -15.5661 10.3621 -6.51017 2.89552 -8.98018 3
4.28926 -2.74432 -4.06259 -6.39288 -6.73021 -6.01197 6.48185 -1.46632 1.83581 -5.28623 3
12.1119 -6.32266 -4.0877 -2.04347 -2.87893 0.671827 11.1431 -4.959 0.26833 -5.77262 3
-0.150696 -2.61618 11.3987 -8.77457 -3.28613 -13.9008 7.84422 -4.88093 4.0232 -9.34278 3
7.68767 -6.94556 2.97266 -8.84311 -4.82602 -9.97829 7.55675 -5.45388 -1.25443 -8.77378 3
10.9141 -3.16279 15.7254 3.80173 -0.916121 2.41411 8.37275 -7.5716 -2.13201 -3.58304 3
-6.9992 -3.47066 -12.6227 1.90199 -1.65384 -6.44319 6.31473 -5.22746 -0.0900519 -5.09472 3
15.1938 -4.05392 0.246906 -3.94929 -4.71934 -6.9572 9.9059 -4.9879 -3.76259 -1.9667 3
0.652072 -4.86441 10.9275 -3.37863 -2.29136 -13.9131 8.75279 -6.48011 -1.73208 -4.51143 3
7.85071 -4.29374 -2.55685 2.63315 -1.14734 -1.53737 10.8723 -2.85517 1.42734 -6.57584 3
2.6504 -1.97503 1.86919 -6.19827 -2.46145 1.55734 10.0427 -6.13399 -3.8768 -4.69908 3
9.41298 -4.72277 0.0106782 -3.11889 -3.08356 -11.962 9.01785 -4.64929 -6.01207 -1.12944 3
5.33353 -3.09422 7.07417 -1.45689 0.301452 -13.3033 10.7859 -5.54558 -0.210443 -7.80526 3
9.74947 -5.49577 14.8932 5.35246 -0.652221 -9.55448 10.5654 -6.45005 3.79346 -2.6632 3
-6.89079 -0.643946 14.7219 0.0189263 -0.755422 -3.89676 11.5148 -6.31253 2.41578 -6.04564 3
7.9383 -5.48488 11.341 -9.36213 -2.38665 -0.213894 8.67495 -3.26024 -4.07213 -1.18247 3
8.0424 -3.44651 6.45546 -0.216865 -1.7496 5.72094 12.8771 -5.24733 -0.534271 -3.56644 3
13.7759 -3.94327 0.0347548 0.369064 -2.83341 -17.1962 11.5902 -5.6044 0.593788 -5.73544 3
-7.41168 -2.70819 12.3687 3.83125 0.0247083 3.16943 9.36703 -4.83245 -5.57621 -5.10274 3
14.863 -4.72132 8.80739 -8.59361 -3.7258 -4.59433 12.2207 -4.98201 -1.42363 -3.62466 3
15.4814 -5.04441 8.08849 -3.29958 -3.27387 -7.24727 9.01445 -4.67853 -5.21462 -9.98478 3
4.67095 -0.725912 -3.91103 -6.16245 -3.17201 -14.1423 7.51815 -5.93428 -3.79903 -4.51437 3
4.32351 -1.15761 3.17697 0.332167 -1.48449 -2.84467 12.6773 -5.03897 0.0961643 -10.2761 3
5.36541 -4.81145 -5.91693 1.52354 -1.76167 -10.141 8.98271 -5.09291 1.10781 -4.07486 3
12.3887 -2.04573 3.85556 -12.4407 -2.56766 -8.41003 6.8829 -7.32867 -2.42042 -3.39306 3
0.854911 -5.00362 10.0034 2.96241 -2.11457 -14.024 8.78707 -4.41895 0.340958 -7.61365 3
2.59709 -2.71014 -0.190069 6.11464 -3.87559 -13.6444 12.2028 -6.20858 5.18609 -5.52576 3
10.2533 -4.87782 2.91015 0.885944 -2.41809 -7.62824 8.58531 -5.73635 0.115162 -4.93231 3
9.64766 -2.71755 -4.10947 -5.8247 -2.14048 -9.03698 8.76595 -7.27903 -0.90546 -3.70757 3
11.1744 -2.31096 -6.30838 -0.446736 -2.14802 -7.84237 11.2915 -8.60941 1.91216 -7.22372 3
5.93179 -3.53304 9.79152 -2.45581 -2.21737 -13.3839 6.21625 -5.9931 -2.6123 -9.10773 3
6.15876 -3.88967 3.43066 0.276247 -1.52933 -5.0663 9.07447 -5.35442 4.51968 -11.7519 3
20.8323 -4.99717 10.6893 -8.14627 -0.148409 -1.30339 11.9497 -3.28946 -8.06384 -4.6959 3
1.30372 -3.88176 1.2342 -2.81152 -2.20186 -2.19462 9.15318 -5.27771 1.85321 -7.41269 3
19.5277 -4.22109 -3.12457 -0.00604048 -2.72864 -1.05671 8.48135 -6.37734 0.0946 -6.32454 3
-2.36189 -1.6832 -6.53019 -1.12263 -2.06017 -8.68315 8.87671 -7.70296 -6.0595 -2.41821 3
-1.36941 -2.11847 0.684384 -9.11323 -2.73997 -6.15992 8.61131 -4.57412 -2.10385 -5.04803 3
11.0827 -4.81858 -7.78388 -4.98902 -2.59732 -15.9561 10.9828 -6.74845 3.194 -3.56994 3
11.9701 -4.37463 8.51041 3.34099 -0.910393 -10.1752 8.2294 -6.63051 -11.0752 -6.08263 3
11.8092 -2.34497 4.70946 1.22639 -2.02785 -11.7214 7.42648 -6.60628 -1.31678 -3.66962 3
5.93768 -4.74409 1.75708 0.725402 -3.02824 -10.348 11.0902 -3.75394 -2.26338 -5.29525 3
3.13318 -5.49792 7.76768 -10.0614 -1.41876 -5.8424 11.2027 -4.63126 -0.147254 -5.13052 3
-0.974415 -2.99476 -5.20021 -7.53009 -1.88169 -3.35556 11.095 -7.07653 6.1765 -1.50267 3
9.44548 -2.82603 5.96454 3.09285 -2.29098 -5.89871 9.55336 -6.08171 -1.59835 -3.69604 3
5.97069 -1.64494 2.28966 -1.96217 -2.16879 -15.133 9.91198 -5.83127 -5.50204 -4.57906 3
6.66978 -2.04368 5.50716 -11.3764 -1.74666 -7.97265 12.0576 -5.54873 0.418983 -4.62781 3
-4.95507 -6.77316 -8.96698 -9.02603 -2.49207 -4.8442 7.57924 -5.04192 -3.79787 -2.32289 3
11.1505 -5.16103 -0.718635 4.23732 -3.1442 -16.6743 7.44761 -3.40009 -0.887102 -4.72168 3
9.97864 -6.78895 1.55528 -1.56326 -2.48179 -3.72675 7.89144 -5.26152 6.91067 -1.25076 3
12.811 -2.46651 -12.9015 1.02656 -1.64253 -6.11613 8.50309 -3.35169 0.819692 -7.11417 3
12.0637 -1.60726 1.08572 -3.30461 -3.83684 -4.14868 10.6853 -5.15302 2.75402 -5.02344 3
12.3589 -4.04856 -5.27523 3.20122 -1.72227 -6.32698 12.8013 -4.99304 3.65147 -7.06531 3
1.19956 -3.0309 8.8774 -9.79847 -2.53883 -7.37203 6.27615 -4.18109 -2.2086 -5.72029 3
3.80292 -3.85177 -3.16769 -8.22843 -2.3012 -6.44833 11.638 -2.93464 2.24169 -5.20324 3
8.97421 -2.27553 16.8029 -2.12337 -1.57507 -17.8102 5.99899 -3.97409 1.30064 -4.70401 3
1.79031 -5.01408 19.48 -5.59345 -0.703132 -5.26481 9.76889 -3.67479 -3.50796 -1.12662 3
8.55302 -1.92866 -8.1629 -10.6928 -1.51618 -13.0034 6.18899 -8.52788 -4.53003 -3.8487 3
10.1728 0.0952424 3.10021 -4.11042 -3.30938 -12.8795 11.3118 -3.58006 7.53972 -6.86803 3
9.54836 -5.58489 -3.12536 5.11791 -1.14442 -12.6665 9.10257 -4.06097 1.84206 -5.42749 3
1.32311 -4.87885 13.6929 1.38119 0.284654 1.16371 9.46185 -6.76711 -3.19831 -6.3799 3
5.05285 -2.30985 4.9994 -6.04544 -1.56563 -3.70264 7.65789 -3.21826 -6.55755 -0.440298 3
8.47371 -5.28827 -1.17678 1.22438 -4.4587 -14.9014 7.55871 -5.82606 3.26426 -3.56097 3
1.65319 -4.78445 2.27983 11.8927 -2.31973 -14.5622 9.50199 -5.63459 -2.53172 -7.09466 3
1.81113 -3.66167 -9.29133 -3.25635 -1.73748 -5.77138 8.39875 -5.6031 1.2346 -2.30356 3
-7.72376 -5.2867 -9.01669 -0.840887 -0.629357 -3.60322 9.26063 -3.84389 1.38148 -4.0172 3
-5.0413 -3.2513 9.27547 -7.2898 -2.46879 -8.05478 10.4206 -5.45428 4.07082 -1.76875 3
10.7003 -2.90015 7.60882 8.78174 0.340306 6.72913 10.0642 -6.10202 -4.37379 -7.32338 3
8.38627 -1.41671 2.47763 0.432152 -2.91504 -14.3512 8.1759 -4.112 -1.24505 -8.44674 3
8.62942 -6.13528 2.10508 -0.17987 -1.1681 2.78288 4.97401 -3.77769 -3.62062 -3.20161 3
6.59936 -3.81849 -3.68576 5.13007 -1.85416 -7.78474 8.87592 -3.32302 0.921543 -7.57403 3
1.75656 -1.41649 10.0713 -10.4729 -1.03882 -9.14996 8.47706 -4.15314 1.17841 -1.68254 3
6.2509 -3.34059 3.31938 3.26456 -2.98062 -20.9205 12.4959 -7.36964 -1.25431 -8.49884 3
5.26253 -5.44622 4.71861 -0.135462 -2.06803 -19.0419 6.89987 -4.09614 -1.44108 -5.03194 3
11.4909 -4.4125 9.4737 3.52579 0.104789 -4.44558 9.71908 -7.30705 -1.18138 -3.26334 3
-6.32081 -5.05697 -4.97912 7.82754 -1.95917 -4.7433 8.0119 -5.73306 1.80772 -1.83669 3
-1.89196 -4.92179 5.40679 -1.87835 -3.90876 -7.17863 6.73857 -9.32653 -1.34371 -2.06035 3
10.8328 0.640648 17.9123 -3.26577 -2.95344 5.73873 9.44574 -5.19536 0.962147 -10.0125 3
6.1931 -3.67979 6.44479 4.49236 -4.01814 -15.5967 11.3484 -6.02257 1.34824 -5.43544 3
13.4166 -3.41174 18.3522 2.81212 -1.77921 -0.513732 9.80622 -4.09889 -5.45874 -7.53543 3
9.39173 -5.49804 7.75159 -0.45267 -2.54846 5.77445 8.72956 -6.87142 -0.410776 -2.63218 3
5.11594 1.54624 -5.88249 -2.98641 -1.57382 -18.5098 11.506 -7.08184 1.03566 -11.1901 3
15.7478 -4.60109 -5.75445 1.81506 -1.82947 -14.5743 8.96633 -5.73018 -4.23537 -6.44498 3
-10.544 -4.5073 5.70297 -2.8752 -2.97625 -0.940516 7.56599 -5.98118 1.99848 -6.26073 3
0.560598 -4.16765 11.291 2.30461 -2.23888 -5.21465 8.5194 -4.27882 6.90281 -8.02784 3
4.85504 -4.17423 9.36911 -4.92275 -1.97516 -8.27729 9.5888 -2.44065 -3.30774 -4.37275 3
16.8772 -3.97801 7.91593 10.2548 -1.68729 -13.1848 6.46085 -5.7532 3.2767 -2.97182 3
7.94526 -5.26512 6.61674 -1.96654 -3.3935 -3.48288 11.1697 -3.79257 -3.06687 -2.12087 3
10.9486 -1.34229 8.53838 5.31519 -2.63453 -10.1022 10.5014 -5.28442 2.12736 -5.25962 3
6.06119 -2.39028 -1.92406 -0.520976 -0.375797 -17.7204 10.9935 -5.13649 6.6721 -7.3211 3
1.20764 -1.65538 11.6516 2.48349 -0.646252 -9.25117 8.11094 -5.88086 3.73433 -1.68667 3
12.9508 -5.08474 1.26894 -7.32366 -4.21219 -13.7832 8.55095 -3.03013 -0.727362 -3.7117 3
17.1036 -5.35393 6.65468 0.145687 -2.66714 -9.8438 10.8771 -5.36802 0.733603 -7.73519 3
6.30862 -0.641156 -4.04664 -2.42981 -3.94962 -8.59788 9.60415 -7.69536 -3.10492 -0.0289153 3
13.6177 -4.07253 3.73667 4.60481 -1.77663 -10.3071 8.99745 -6.36122 -2.84134 -6.16018 3
6.90818 -4.99217 -6.052 0.569209 -2.97351 -3.39405 10.1472 -4.75058 4.17075 -5.50667 3
11.2796 -1.98775 6.34884 -0.69974 -3.37034 -9.2472 8.6738 -6.45515 -0.493889 -7.80344 3
4.343 -4.92851 5.46434 -9.46466 -1.12387 -9.0661 9.23517 -5.32975 5.41144 -2.02491 3
20.6597 -4.55046 1.92606 3.22631 -4.17499 -1.51921 9.46463 -4.63028 1.72603 -5.32356 3
9.72583 -4.05687 1.84837 -2.27191 -2.0911 -9.66561 9.0048 -5.87386 -3.41279 -6.23087 3
5.89956 -4.53557 7.83421 3.99795 -2.14231 -4.88335 5.87437 -8.64624 -4.04008 -1.56494 3
11.3976 -2.57535 8.66742 1.80923 -3.13329 2.39435 7.12165 -5.33878 -4.05597 -5.50871 3
-2.76622 -2.73638 4.63177 -8.81583 -1.16247 -17.4826 6.89257 -7.38553 -0.971689 -2.77972 3
7.93321 -3.72007 2.34741 -0.571196 -1.30791 -19.2604 9.25475 -6.06577 -0.709434 -5.24759 3
13.8629 -3.46108 9.06042 8.65853 -2.09864 2.57826 9.4312 -5.69829 -1.81817 -4.10266 3
10.5233 -2.76035 14.0949 -10.2537 -2.23457 -8.75948 11.6615 -7.28069 3.92268 -2.02228 3
9.00991 -2.3101 -10.1469 0.927345 -2.03069 -9.80294 8.57747 -4.13593 -0.79755 -0.868542 3
11.3876 -2.40071 3.8203 -6.34342 -1.69349 -9.68085 6.69366 -6.52688 2.60496 -1.951 3
-1.1495 -3.65623 10.6102 -2.03095 -1.71655 -9.27974 13.246 -6.04991 5.80795 -1.09774 3
2.68499 -4.86182 0.597048 -2.82711 -2.5152 -1.2101 8.29467 -4.71651 2.11669 -0.306196 3
2.79023 -2.16308 11.4979 -1.79597 -4.65097 -14.6179 10.3095 -4.61554 -5.79124 -6.42668 3
0.0313776 -3.20525 15.0204 -4.74409 -4.07739 0.188033 9.19997 -5.76919 -6.00834 -7.02173 3
-3.75104 -2.06367 -0.578511 0.279122 -0.924286 -22.6764 9.62559 -4.12766 3.12806 -7.0089 3
1.87314 -6.34424 -4.76674 11.5516 -2.23392 -3.89319 7.00802 -6.03245 -3.78021 -1.65666 3
3.53304 -2.41866 2.15186 -3.66872 -2.26438 8.21574 9.67178 -8.94757 -1.93942 -6.65146 3
17.1744 -0.883836 -4.58607 -2.93836 -2.28813 -8.70545 12.4967 -5.43536 1.46783 -5.74849 3
13.0404 -4.83151 -5.0676 -1.3435 -2.5184 -8.90593 8.00628 -6.5088 -0.184185 -3.66236 3
3.41315 -4.66348 15.2904 -10.008 -1.52724 -3.46776 9.1193 -7.85775 -4.54293 -2.2831 3
9.71733 -5.79062 -8.29712 1.72547 -2.17362 -18.1427 7.79611 -5.30692 -1.21022 -4.67439 3
3.84779 -3.74894 13.7916 2.9077 -3.8671 -19.2076 9.57325 -5.76213 1.75894 -4.06121 3
-2.83414 -3.12463 11.6521 4.82483 -1.37324 -6.53792 9.41322 -6.28465 4.15872 -1.50184 3
-0.125641 -4.78332 6.73117 -6.58025 -1.74188 -8.2633 8.32722 -6.03779 3.08887 -5.10378 3
-1.42189 -5.01084 -0.333835 2.00779 -3.88103 -4.6969 9.08096 -6.23962 -3.9687 -8.61637 3
10.2965 -1.98622 11.3786 -3.64152 -2.44617 -14.841 7.24043 -7.39655 -0.270954 -2.66184 3
13.819 -2.94028 4.91585 -3.23182 -2.17956 -8.34956 8.90551 -6.28172 1.26165 -8.04613 3
2.51915 -1.82149 -3.29385 3.94404 -0.434825 -5.84945 10.545 -8.82772 3.73118 -5.26661 3
15.7415 -6.63444 10.4606 -0.665744 -4.64151 -0.615216 7.74444 -5.02146 -2.62481 -2.17839 3
6.96012 -3.44927 17.3002 -8.67706 -1.63899 1.64568 10.6974 -6.05666 0.671966 -6.4132 3
16.9102 -4.49105 -14.297 0.70901 -2.32311 -1.35607 8.74192 -7.86414 -6.16107 -6.60506 3
5.00033 -8.5419 -6.6174 6.16086 -3.7077 -11.2302 4.88678 -2.4858 -2.85995 -3.59911 3
7.22854 -3.85531 -3.73278 2.93445 -1.89812 -3.60366 9.58618 -3.51221 -1.90313 -5.93841 3
-6.64304 -1.03548 0.888637 -5.19665 -1.33971 0.76983 8.97394 -6.8686 -2.09592 -6.27367 3
-2.83108 -4.66039 0.718765 1.42116 -3.48967 -11.3587 7.88492 -4.61728 2.31232 -3.43499 3
11.1537 -4.33147 3.82025 -3.58817 -0.952968 -8.64836 7.14219 -6.66191 -4.07006 -5.83352 3
11.5634 -2.14011 12.6051 -4.3244 -1.33802 -20.9574 12.6025 -5.34308 -6.68659 -6.20935 3
14.1747 -4.74008 -3.97418 10.1019 -3.62153 -7.98791 8.88868 -4.92525 -0.0864937 -2.50617 3
9.02371 -1.08249 -1.61446 -1.88927 -2.15541 -0.30164 11.5201 -6.16573 -3.75673 -3.62742 3
9.18306 -3.83566 5.619 -5.64689 -1.95659 -8.00787 8.14043 -3.35492 -5.00745 -1.1315 3
-0.159055 -3.29813 4.38766 0.116266 -1.58263 -10.0457 6.5243 -5.86468 1.71667 -2.89062 3
3.89684 -2.78852 16.2242 -5.90265 -2.64213 -4.51963 10.3344 -7.84915 -4.96626 -2.56839 3
9.82955 -2.90723 4.12562 -7.41548 -1.17224 0.452468 10.8639 -6.08345 4.94006 -4.08822 3
-1.83789 -0.480925 -4.29977 -2.46168 -4.03149 -2.65582 10.6809 -5.63612 1.30825 -4.90916 3
9.39206 -2.01646 -2.07718 -12.1393 -1.78459 -6.46117 8.47351 -6.34415 -2.63197 -8.70811 3
5.9133 -0.030771 0.340373 -4.11238 -1.36408 -4.50949 8.54744 -3.85958 -0.992674 -8.94849 3
11.8733 -0.0963474 -0.63524 8.92631 -0.956943 -6.28991 11.8106 -7.12753 2.00976 -8.85549 3
0.66932 -5.83644 -7.54058 -4.00289 -2.70038 -12.2883 8.16408 -5.05061 4.07414 -3.70289 3
-5.10834 -5.84325 13.8511 -2.39381 -3.21269 -9.95311 9.64935 -4.93909 -0.618745 -7.60114 3
9.88707 -0.217196 0.579639 10.1697 -0.814885 -12.0004 10.3282 -6.10067 -0.603288 -3.37029 3
9.65793 -4.18215 -0.183759 3.62373 -1.71886 -9.08904 10.0845 -5.37108 0.732743 -4.98154 3
4.34035 -5.5157 10.0598 -0.57246 -1.33634 -7.62007 9.87893 -4.66542 -5.77884 -3.28538 3
3.62195 -2.42644 11.7162 -6.39967 -1.40997 -7.00125 8.88912 -7.6967 -0.042396 -7.30042 3
9.13689 -2.5836 -2.86357 -7.52865 -1.21745 -9.78684 7.81106 -4.65131 2.25059 -6.27799 3
4.30981 -5.58733 9.60906 -0.838386 -1.69911 -18.2892 7.35403 -5.46583 -7.12806 -1.51493 3
9.89111 -5.55482 2.80459 -0.447569 -2.64925 -0.459991 6.7488 -6.87512 -1.67407 -1.42433 3
8.50147 -3.79543 8.35976 -5.58633 -0.993271 -6.00309 7.75958 -6.24898 -3.75622 -3.1921 3
-1.86101 -2.95541 -0.0839921 -4.2708 -1.50485 -15.6464 11.4547 -5.41369 2.23363 -3.71701 3
0.873546 -3.41828 -0.864001 -1.21166 -2.78902 -7.85154 6.29435 -4.87985 -2.22088 -3.74132 3
-0.497169 -3.76091 3.81634 -9.19585 -1.80235 -8.71495 4.84396 -4.83514 -5.34889 -1.2363 3
9.85457 -5.51976 -3.92983 -1.2029 -1.66434 -23.3099 11.1825 -4.2185 -0.458043 -0.960381 3
8.47124 -2.03221 -4.87363 2.01388 -0.846325 -5.48873 12.143 -4.49286 2.39326 -6.90366 3
-0.831465 -0.770255 9.88554 -6.56 -3.02243 -5.51834 9.17939 -5.2481 0.488817 -3.47945 3
3.44991 -2.07245 -9.10121 2.23767 -0.0897917 -6.04147 7.54943 -8.15901 5.89407 -5.29453 3
7.95722 -5.9283 6.1812 -2.04928 -0.963104 -1.98833 2.55815 -6.52811 -4.39661 2.25491 3
14.5035 -3.71161 -0.320337 -4.59816 -2.15553 4.14672 9.55046 -4.25659 1.63515 -4.88645 3
