-3.19686 12.079 -8.81938 4.9429 -11.7659 -8.31156 -12.7928 8.05527 7.50908 4.99351 0
-2.40636 18.8906 -4.1464 7.04693 -7.0612 2.81223 -14.9337 2.0066 3.57038 5.48258 0
-1.33632 16.1295 2.0705 8.97742 -17.0917 -4.17284 -5.12822 5.42839 10.2476 3.99878 0
0.0584421 2.26355 1.15111 5.36122 -1.17203 4.92526 3.46266 8.36843 8.71328 5.59004 0
-4.47759 8.9478 0.0275493 1.01689 1.27496 -2.08543 1.91134 7.79231 8.00351 1.81098 0
-0.304487 17.2528 0.915465 2.68379 -11.9699 7.10734 -10.371 11.0423 6.62862 3.33072 0
-4.12335 12.4574 5.08956 4.50026 -4.18989 -6.09784 -17.941 5.08454 8.81282 3.13069 0
1.1686 9.27307 -0.786726 12.9027 5.09914 -11.9278 -7.52094 8.03315 6.66733 -0.183858 0
0.047077 -0.796857 -1.634 2.31871 -14.2174 -3.73769 -2.61332 7.09102 3.27219 0.350397 0
-0.887274 -8.16324 0.784711 5.51959 -8.77794 5.86036 1.86358 12.1547 7.67881 3.13656 0
-6.52395 7.72101 -1.87764 7.14426 -8.80572 -11.4554 -17.8879 12.7517 5.40371 4.13572 0
-0.929068 -1.14563 -4.27765 5.64391 -3.3918 -3.83436 0.599674 6.73496 12.6867 3.4893 0
-2.75605 8.22989 0.390765 0.240261 -8.6053 -0.564571 -16.2176 0.700571 8.45457 5.75931 0
-1.326 5.98407 2.95218 4.17773 0.472054 4.63049 -30.3191 9.48629 6.03152 3.1853 0
-3.90098 -2.18001 -2.80331 4.01852 -5.9382 -4.87753 -8.08889 12.9024 8.1307 1.49441 0
-0.568002 22.6588 1.01094 5.76812 -12.9221 0.670964 -17.2406 0.686749 5.12049 2.99951 0
-0.0644504 -4.18327 -1.98086 4.67836 -2.71892 -1.48632 -14.2375 11.9839 9.59786 2.33247 0
1.21132 0.504906 2.04442 7.08834 -3.97669 3.23002 -8.87233 5.93297 5.57678 2.25773 0
-3.14348 9.23608 -1.06671 5.7885 -5.49724 -5.86177 -20.5297 15.3328 8.34828 2.96073 0
-3.53563 7.51336 -2.43849 4.172 -4.57753 -7.20178 -2.90537 6.25821 3.46967 3.73936 0
-1.14241 13.4717 -1.15446 5.18995 -7.19605 5.54921 -15.544 11.5847 3.43897 0.932526 0
-3.39169 4.1444 -8.5417 2.69106 -8.72938 -2.17906 -17.1472 7.9082 7.57756 4.14358 0
-0.710393 -3.00926 0.622277 6.45946 -6.70907 -2.00401 -0.168557 7.62469 5.43309 1.25963 0
-5.26259 13.5613 -3.95376 7.76589 -8.98548 -0.822635 0.0575507 9.80832 6.97748 4.62575 0
-3.10634 -6.47409 -7.46482 5.80485 -10.9964 7.49569 -18.5858 9.30833 12.3328 4.46305 0
-4.89658 -1.87528 -0.88506 8.80396 -8.47744 6.64156 -14.9947 3.50823 6.22737 4.11086 0
-3.60791 -8.93971 -1.48629 6.48875 -15.9616 -0.318456 -20.5224 11.8327 8.61212 2.32643 0
1.50777 3.45455 3.76748 8.14409 -8.35675 2.9891 -2.32554 10.8115 11.0564 1.74292 0
-4.35576 12.4487 4.10191 5.09832 -10.3552 4.46733 -6.20122 -1.26086 9.64998 4.76443 0
-2.34424 -5.18963 -3.02937 3.42887 -18.0497 -5.93402 -8.11205 8.8714 9.50726 3.25117 0
-0.785966 -4.60223 -0.493707 6.88442 -18.2924 1.7352 3.0613 10.6306 7.20014 5.46112 0
-4.39234 4.1764 0.10315 3.57962 -3.48717 -1.4632 -13.9765 4.21307 5.13295 4.18009 0
1.43889 -7.60611 -1.63835 8.27365 -5.81227 0.929836 -8.74485 8.89316 1.29053 5.95872 0
-0.289719 11.4628 0.752726 7.17521 11.3737 8.71625 -1.90921 1.08771 11.4042 2.64611 0
-3.84522 6.05824 3.44797 2.30289 -4.95501 -3.7906 -15.8831 19.3927 8.85758 5.34924 0
-0.107046 5.13214 -5.88101 2.09509 0.588443 1.49261 -20.8055 13.5892 3.69205 2.54735 0
-1.77925 6.76285 -0.519909 7.02539 -6.25814 3.39026 -3.42669 7.59031 17.5333 1.35673 0
-2.24053 13.9505 -0.239758 9.62971 -4.22289 0.600196 -5.81347 12.2876 15.5937 0.416282 0
-1.55146 4.26699 5.82533 6.03388 2.61855 2.25294 -7.7748 3.90788 16.1634 3.19424 0
-6.07475 -1.94585 -0.381046 5.053 -2.31043 -1.48993 0.874693 5.83666 11.5087 4.73331 0
0.810063 18.8722 3.65952 3.66321 -7.76593 4.08987 -5.30044 8.0745 3.60234 4.54464 0
-2.79268 14.5802 -7.00379 5.29033 -6.37177 -5.95858 -5.05851 0.184163 12.5954 1.91731 0
-2.89098 3.21217 3.06549 8.36261 -11.1458 -0.337627 4.28723 4.58369 5.68465 5.12035 0
-1.65758 2.83954 -4.24121 6.36172 -5.15023 1.83835 -7.70777 15.2586 8.80802 2.18131 0
-0.256861 1.33593 2.26411 6.09938 -0.547238 -0.936925 3.13215 0.827867 14.5373 3.19868 0
0.352612 -0.767504 -4.8903 8.18888 -9.74333 -6.40296 -13.4594 9.30241 -1.81456 7.17042 0
-1.28572 3.46812 0.399634 6.17081 -7.31622 -2.05123 -15.818 16.9277 11.6821 2.91181 0
-3.16666 -1.47667 4.84176 8.27467 -12.9175 -7.07374 -5.03873 8.39538 6.11506 5.07201 0
-3.66229 8.56136 -3.51145 8.77153 -6.04914 -8.05289 -8.16131 7.03701 3.23016 3.4433 0
-0.698805 7.40192 0.554417 6.10056 -8.72813 -3.31776 3.43836 3.42805 13.7425 2.23096 0
-3.43844 -5.19197 -1.95597 4.00037 -14.7526 -9.10785 -4.97761 6.83221 3.49277 2.46841 0
-0.731979 -8.84416 -0.179999 6.27119 -16.792 3.55703 -26.8611 4.30834 15.7197 3.58556 0
-0.642851 -3.23172 -2.265 3.46298 -18.1831 4.95298 1.92686 -0.143669 1.40906 3.72908 0
-3.68161 16.4893 -2.02191 2.13048 -0.986264 -5.44241 -5.3048 11.8688 3.13721 3.60099 0
-0.0791154 -1.13915 -7.9489 4.48164 -0.0237937 -9.51607 -16.9052 6.3267 5.42844 2.622 0
-2.21492 11.1081 -1.70302 2.63112 -19.808 -8.4519 -12.9388 5.19539 10.0975 1.14716 0
-3.95496 -3.50347 1.21219 3.67607 2.1465 3.48631 -14.0198 7.4241 7.62977 5.36542 0
-4.34076 -7.20316 -1.44528 5.39824 -1.92662 -7.13554 -0.312335 8.18218 7.5975 4.91526 0
-0.659336 -2.71277 3.49816 10.3887 2.70381 -1.27826 -17.2953 7.85762 6.90658 2.42382 0
-5.79993 7.78963 -1.92729 0.643451 -12.7447 -15.08 -20.3763 4.05993 7.41712 1.01773 0
-0.826978 13.9549 2.79835 11.2021 -6.87869 0.144795 -11.0948 11.926 11.9855 2.95142 0
-1.51989 3.43397 4.43058 5.67147 -7.08399 0.574465 -13.1576 3.79543 14.3651 1.47533 0
-1.20214 8.99703 -2.61319 9.43691 -11.7499 -4.67081 0.047256 9.87512 12.5622 1.98128 0
-2.07258 -0.494148 2.66645 8.32488 -11.3409 10.7389 -13.6114 15.9212 8.233 3.58824 0
-4.55449 -1.81643 4.01351 2.80068 -9.69175 -2.65144 3.39454 20.6164 9.78519 3.3757 0
0.935571 5.59631 0.658732 5.17348 -6.74743 3.15496 -5.60214 11.0374 10.3568 1.93068 0
-2.66884 9.19287 -2.84716 8.41125 -8.33741 -1.36571 -14.6813 9.49626 7.25446 1.24319 0
-2.7124 3.77363 -0.778337 7.88415 -3.09609 7.07016 -19.6978 4.0293 11.427 0.461777 0
0.847213 -4.91856 -0.233368 5.05811 -19.0204 -2.07823 -23.4349 6.25414 1.56585 0.869502 0
2.13485 12.0043 -2.84876 10.1455 -10.6542 -2.75638 -15.2822 -0.706073 3.60278 2.98088 0
-2.59872 -1.06685 -1.02118 6.36333 -14.8611 -4.02911 2.80452 0.617709 7.25246 4.62438 0
-0.64995 2.54869 -2.79364 9.03927 -9.84211 5.57015 -2.21916 9.37751 11.4368 4.14191 0
1.66246 7.11163 -3.27755 6.64758 -8.13874 4.0502 -9.06671 8.65754 7.3781 4.76214 0
-0.113681 5.90767 4.68345 7.17865 -8.06282 -2.60987 -23.0417 6.57885 3.98736 3.87114 0
-1.21698 -4.51857 -1.63583 7.83104 -7.62773 3.51019 -13.5842 15.3991 2.92357 4.85508 0
-2.72209 -4.32997 -2.35412 6.23583 -8.12039 -8.48255 -19.962 -2.94647 11.3514 3.08837 0
-4.60138 21.086 2.0944 5.20932 -10.7134 -6.45461 5.10006 11.5934 2.03169 2.15391 0
-0.466326 -1.25782 0.451178 7.49045 -0.607148 -2.73607 1.09323 5.09726 7.7868 2.64723 0
-1.02632 11.9812 -3.83184 3.23842 -17.2566 7.36356 -13.6848 7.96991 7.22378 3.24931 0
-8.23839 2.42296 -7.19704 6.01102 6.13692 -5.06259 -9.79146 4.69702 6.49308 2.94704 0
-4.61214 -6.303 -0.373659 7.29167 -3.34816 -3.13551 -3.0285 10.1817 9.28998 6.34087 0
-3.27049 18.4186 2.15291 8.5259 -2.64628 -7.67166 7.26106 16.1882 15.8999 2.77405 0
1.13698 14.0811 -0.394976 5.40516 -9.88662 -1.06682 -7.51721 3.28701 7.07374 3.70046 0
-1.39176 -1.48816 1.38669 5.18039 0.852513 -5.42406 1.66801 12.631 10.2455 2.0855 0
-1.83601 9.13703 3.40239 8.8231 -1.99274 1.65646 -8.29002 9.08217 5.01012 1.59523 0
-0.89783 15.3627 1.86691 5.72551 -10.4183 -1.17007 -0.136972 16.1155 11.038 1.30338 0
-1.14966 -3.18919 -3.74054 7.6689 -0.347911 -2.74804 2.58002 18.7832 6.04929 5.47228 0
-0.909213 1.98101 1.30025 14.137 -2.37985 -9.74788 -12.3326 2.51863 5.6291 1.1779 0
-1.9522 -4.16027 6.77441 6.38513 -6.54333 -0.655359 8.43908 9.39051 6.92546 6.08095 0
-0.598053 12.1308 -1.76985 7.57582 -4.69627 -3.46927 -4.5916 12.4574 12.9734 0.892635 0
-3.75045 -6.67949 0.213334 5.31194 -10.5814 -6.91684 -23.419 3.71005 10.4156 3.5169 0
-2.33555 9.13661 0.605051 2.88654 -13.9757 -2.1232 4.30896 8.47069 3.34178 5.30642 0
0.700956 -3.55351 -6.66092 5.19711 -9.73447 -6.38779 -7.59601 7.81158 11.905 1.04335 0
-1.79356 -4.16408 0.275344 9.75946 -1.21296 -1.45166 -17.5266 3.05951 14.8226 4.34034 0
0.121719 10.6202 7.1751 4.0955 -3.79994 12.8882 -9.97238 13.4244 10.4193 2.74473 0
-2.36377 -6.78537 -3.9168 8.15822 -6.06877 -5.30354 -18.6108 9.31218 9.0722 2.33011 0
-3.45944 -6.83862 3.89231 7.94719 -6.82975 -9.31906 -12.0041 2.4935 16.9986 -0.648181 0
1.85845 6.68389 -3.64149 5.10012 -8.83568 -2.27732 6.10272 5.96046 3.70266 4.60156 0
-3.5568 11.6721 3.92711 7.98355 -9.03274 3.77242 -15.9973 12.7704 9.31902 5.72839 0
-1.37757 11.4817 0.475511 9.17974 -4.98063 1.61495 5.77485 6.96227 7.45052 3.9052 0
-0.5112 11.2472 0.869365 4.19082 -0.329131 -2.90193 -5.56893 11.4313 9.38319 3.89245 0
-0.237729 -0.404649 -0.484306 9.1154 -14.318 7.56161 -16.383 6.5708 8.46606 2.35089 0
0.419093 7.33989 3.61675 9.85958 -14.6524 -3.98076 -0.0133922 12.0852 4.50029 1.67194 0
-1.5595 3.40203 0.75228 5.53202 -3.64158 -11.3511 -9.05216 -0.30449 5.73825 4.45139 0
-4.53807 2.74329 -1.05616 9.77298 -5.52206 10.0142 -8.27227 10.9378 6.48225 2.64453 0
-0.0277372 5.34496 7.53248 4.96363 -4.85957 -2.42871 -17.1222 21.9215 2.97628 3.59285 0
-3.78148 5.33222 5.80856 7.92833 -12.3561 -5.92137 -20.7609 13.2993 1.25313 1.50546 0
-1.28045 8.44456 -2.65458 7.90865 -18.139 -6.55337 -0.627232 14.31 3.99012 8.93923 0
-2.84054 5.02139 -1.07262 3.77556 -6.62862 3.41611 -28.1297 8.4885 5.95672 5.2084 0
-4.2553 7.35775 1.31594 7.74737 -2.91597 -7.61897 -1.73351 13.8301 7.89863 2.91531 0
-3.63949 -7.34699 0.502458 7.49528 -4.4368 -2.97979 -13.2401 9.08542 0.747484 4.98899 0
-0.019885 9.55872 -1.11745 3.57881 -6.63741 2.7662 -0.0501303 2.69402 5.00913 6.02126 0
-2.53802 -1.98988 3.06745 6.73175 -4.08074 2.99442 -15.044 4.45827 5.33924 4.50666 0
-1.54862 8.01752 3.74208 5.05126 -8.23242 -6.48211 1.39147 5.87342 10.1001 4.05782 0
-1.73935 -11.4158 2.60773 2.49437 -14.3238 2.82671 -15.6234 11.6463 8.21192 3.624 0
-0.209499 3.11841 -3.69659 4.65623 -10.7151 0.743937 -13.1916 15.4598 11.0235 3.59055 0
-4.22337 11.9075 1.3863 8.06451 -3.24267 -7.95045 -15.6506 5.29271 2.04342 2.1883 0
0.440755 6.22819 2.78264 4.00237 -7.07982 -5.42098 -20.749 3.19452 3.20252 3.80579 0
1.06078 19.124 1.21482 5.6972 -10.2371 -2.00959 -7.9305 10.3063 8.62263 4.26609 0
1.32547 13.1333 5.19313 4.1108 -10.0981 -3.01497 -11.8582 -3.81366 11.0478 3.25444 0
0.858901 13.903 -0.354203 6.57337 -5.48212 -8.96978 -3.61147 16.8435 10.9904 1.48126 0
0.480279 -2.57766 -3.05038 5.84617 -5.71675 3.70276 -4.85075 5.91887 -1.52108 1.28339 0
1.27092 -6.59144 4.89147 3.08949 -8.10412 -5.99749 -14.8528 11.5534 11.1976 3.49279 0
1.43043 0.683444 -1.16778 9.50612 -8.87751 -16.9849 -13.6604 6.88083 2.73575 4.063 0
-2.69568 13.284 -6.43003 7.4077 -5.5747 -6.17128 -6.75551 15.8895 2.36747 3.22783 0
0.132511 -5.88288 -0.836615 5.93419 -5.02495 7.47273 -16.9776 8.95199 12.2596 5.0831 0
-3.41458 0.802089 -1.29503 7.19974 -2.40545 -2.44173 -17.2498 12.6505 9.54513 2.99806 0
-0.371889 -3.02071 -1.41621 6.92432 7.91327 9.51622 -18.873 15.3067 5.23062 0.659081 0
-0.25985 2.04742 -0.492387 5.902 -2.4389 8.22437 -14.8739 7.313 12.4455 -0.614026 0
-6.81322 11.8143 -0.561654 5.72995 -13.6738 -7.69242 -24.2428 11.05 9.32205 2.99036 0
-0.146087 2.93084 -0.980225 6.66534 -7.66467 -1.27573 -11.9332 13.1026 12.8545 5.43373 0
1.32151 8.11761 -3.45765 5.22389 -7.61194 -13.1101 -4.81923 10.6529 11.8596 4.03176 0
-3.23247 -9.67208 2.45349 6.57173 -11.1316 -6.85168 -5.69015 9.55369 8.61034 5.85318 0
0.761579 -1.6786 -6.56986 7.98538 -8.69482 0.932327 -14.8045 5.35021 0.473392 3.08139 0
-1.16227 8.61476 0.770057 8.08521 -7.02727 -6.69596 4.19956 12.5287 7.68979 6.84968 0
-1.4712 -2.73866 -5.04571 5.94515 -2.37285 -0.708624 -17.0245 -7.04543 8.3704 5.08823 0
1.72423 -2.44775 4.14318 6.36566 -12.8072 7.34166 6.4115 16.4402 0.420502 4.46296 0
-1.53464 5.85155 -7.94139 5.2283 -12.1571 -1.57924 2.24919 14.7972 10.1416 4.20203 0
-4.7927 14.2627 -3.9554 7.35138 -13.05 1.77952 -8.15018 5.17127 -1.96138 4.71624 0
-2.7013 18.8073 -2.07443 5.12606 -2.031 2.24472 -17.7492 7.29705 3.67223 5.1344 0
-1.47184 13.1101 -5.81605 4.88419 2.97973 -7.11087 -21.0847 14.0716 3.25485 3.47931 0
-4.29343 -1.17002 -0.565165 10.0038 -10.1559 4.26882 -1.34162 5.69875 11.0129 2.31436 0
-0.476308 -14.5759 -4.3218 7.62829 -7.69483 1.78081 -15.1374 19.9254 11.2235 5.74898 0
-3.08716 -3.27318 -1.93589 8.43735 -0.00754208 -1.49065 -4.8951 6.45018 7.02106 3.86103 0
-5.61777 7.09787 -1.93037 6.99258 -7.10344 -1.46319 -10.2867 -1.30027 8.62972 3.83383 0
0.107454 4.12309 -5.45786 9.57308 0.695543 -3.8702 -12.5182 9.74096 11.3247 7.21371 0
-2.50273 13.0921 -3.03533 10.0242 -7.4061 -2.13723 -21.6946 -1.84381 10.1236 1.34928 0
-2.09985 2.87371 -5.97604 8.83244 -8.41002 -3.21191 -6.07084 3.31064 9.38802 4.00548 0
0.198773 13.1591 1.85905 9.14568 -8.92656 7.8074 -11.3285 17.0306 7.28289 1.68057 0
-2.15592 7.35949 3.33704 6.99885 -5.3834 -15.6953 -2.64192 14.4486 6.79385 -0.303764 0
-4.54873 8.46256 1.53401 5.31279 -10.7206 -4.56219 -13.6408 6.95169 19.1406 4.85304 0
-3.14421 -9.24034 -1.18066 3.95419 -8.42464 10.5485 3.04321 11.3115 9.4074 0.258204 0
-3.55284 3.28605 -0.873561 4.96284 -6.85643 -3.45862 -6.7336 14.4573 11.0301 2.4399 0
-2.07874 9.33449 0.340886 11.8232 -6.00552 -2.02945 -9.14205 8.03516 11.3346 2.09081 0
-2.24524 13.075 -3.63528 5.90061 -7.17331 3.17403 -9.00694 17.1109 8.60699 2.39496 0
-1.10483 -11.2303 -1.92518 5.70082 -5.34922 -0.955858 -8.98648 -8.09957 6.35946 3.09315 0
-3.19266 10.7394 1.36765 3.51076 -18.4325 -2.74143 -17.002 8.30964 11.7892 1.08279 0
-0.857958 5.86165 -1.93943 7.97882 -5.04003 1.19271 5.81075 7.01529 10.2175 4.83568 0
-0.516096 25.4659 -4.83179 4.38548 -12.8008 -1.91035 -18.5111 1.60816 11.8619 3.35502 0
-1.55328 4.81619 -2.96812 2.47975 -5.89204 -1.34438 -1.81521 7.8974 6.82075 3.74013 0
-5.12501 2.00379 2.06295 3.87159 -6.80558 7.78266 -0.557252 19.0293 10.8566 3.45146 0
-3.33417 -10.0452 4.06482 4.25357 -3.21589 -13.4449 -14.691 16.3711 9.23338 2.73881 0
-1.1742 5.09232 2.32446 12.2642 -6.39677 -14.0038 -15.8808 11.8146 7.58402 0.818967 0
-3.76696 26.0862 3.62837 6.90389 -9.93019 -0.771327 -2.37481 8.47714 5.71995 3.55679 0
-4.3263 5.59255 -4.9836 5.45683 -2.46099 -3.84637 -2.1084 0.445977 1.9715 5.25294 0
-4.11221 13.079 -0.266419 7.41506 -11.9389 2.87027 -8.35029 15.9475 12.5491 6.3546 0
-2.20361 22.2864 -5.38977 2.75295 -15.5813 -0.578503 -8.27968 10.8744 14.4301 3.98573 0
-2.33791 8.03196 0.486399 4.82828 -17.2976 -7.32746 -18.3596 9.08102 12.4381 2.35564 0
-1.34839 1.73213 0.467322 3.24371 -4.97669 -9.71402 -15.8717 11.7821 12.224 4.85835 0
0.0216629 7.24882 4.32907 6.95978 -5.14644 -6.32055 1.68528 5.70891 -0.879364 4.33947 0
-2.10539 9.698 -2.75308 3.44792 -7.88322 7.91688 -5.3743 10.0783 4.90213 1.61063 0
-2.63395 10.9273 -0.995364 5.66268 -12.9379 -1.49261 4.26366 12.6404 4.56388 2.66165 0
-2.24991 0.695466 0.501704 3.9317 -4.37794 -9.28873 -5.13616 -5.46336 5.83338 -0.01282 0
-2.60561 6.82859 -4.53905 3.14463 -8.25973 5.9564 -31.7017 5.19579 7.38489 2.93899 0
-1.09356 6.17852 -0.603797 2.07101 -10.74 -4.00702 1.02394 16.1413 12.7423 1.4191 0
0.48044 18.3132 1.28857 6.03126 -13.5917 -0.705909 0.596742 5.74953 7.66786 3.07213 0
-3.65084 -7.74268 -4.52087 6.33226 -6.82374 -8.89965 -25.6281 5.17293 2.00611 2.02687 0
0.127571 -9.63319 -2.01646 4.96053 -18.1426 2.8662 -8.66144 9.54384 5.62062 3.4681 0
-2.75172 1.2244 -4.57338 7.57537 -0.927217 -7.97784 -11.4036 2.04785 4.31085 2.26551 0
-3.99278 16.9208 3.01507 8.40557 -7.10028 3.96269 -15.9373 11.1081 9.00673 5.01197 0
-4.39711 -6.79847 1.01503 5.27304 -7.23751 -0.232686 -0.128127 12.5799 5.70277 4.20746 0
0.739835 -8.09578 -0.0753914 8.87369 -10.1378 -1.2168 6.62684 17.1337 9.14882 2.8572 0
-3.01435 14.9074 2.62932 5.06351 -1.28162 -4.61918 -9.30376 -5.06427 6.06511 2.23728 0
-0.729948 24.324 -0.57196 4.75605 -7.75906 10.2362 -20.8201 13.7168 9.06458 5.93748 0
0.425845 4.68345 -0.151141 5.15931 -4.4673 -2.24565 -1.77948 11.8912 1.27984 3.84287 0
0.253655 3.16311 0.557611 6.52703 -1.86161 -3.29006 -15.386 6.96529 13.2827 4.6237 0
-1.45304 3.31211 -4.48327 9.37309 -4.40006 2.14734 -8.86978 6.25756 6.70672 4.51819 0
-2.17175 11.4449 1.04011 7.73053 1.97182 -0.890501 -3.13286 -8.25287 7.3375 3.89967 0
-3.43204 1.61976 0.420411 7.79549 -3.33244 1.00266 -11.8231 2.97471 6.98471 1.47656 0
-1.41409 18.6867 0.179481 9.9717 -9.03124 4.94521 -9.58524 4.26324 8.3808 3.68232 0
-0.331812 8.17108 0.807875 5.52103 -17.5061 7.15264 -2.58858 -6.49799 5.34348 1.74323 0
-2.26418 -4.14595 -2.22883 8.71194 -0.798533 0.341382 -8.39861 2.61178 0.0622564 3.83427 0
0.00692438 -3.04362 3.08878 8.06191 0.804791 -7.08151 -8.34747 7.70708 0.894521 1.92158 0
-0.464838 -12.715 5.83854 7.17854 -6.69291 4.68893 -10.0653 -4.98156 14.6797 1.9178 0
-0.56881 -13.8257 -1.39446 9.63344 -8.12728 3.37604 -10.1369 2.48701 4.56034 3.88489 0
-0.243593 10.313 -1.70079 4.84951 -6.47428 -3.80741 4.0071 13.5717 14.9809 3.17914 0
-1.69104 -7.80917 -2.11046 2.49217 -3.5203 -5.3695 -13.8182 6.09269 7.12431 4.70634 0
-2.22921 16.2868 2.76076 6.93901 -9.1401 0.927872 -3.63306 8.53524 15.8339 4.41532 0
-3.05347 8.48606 1.3206 6.02345 -3.41761 5.22978 -12.6727 5.1716 8.10021 4.71574 0
-2.4178 10.7553 -1.46863 5.64556 -4.18505 1.92991 -11.697 4.54164 9.80292 3.46593 0
0.0282955 -7.19465 -3.74387 6.58507 -6.4283 9.21984 -10.5441 2.88554 7.81471 2.93743 0
0.617375 -16.2982 -3.3207 4.67489 -3.22056 -6.02542 -3.06167 8.73756 0.691781 3.38486 0
0.0473683 0.402216 -4.1727 5.24014 -11.7078 9.06765 -13.1654 10.4859 2.73638 3.88847 0
-3.82838 15.6505 1.5167 5.49818 -3.83458 4.25497 0.159063 9.15525 10.5311 3.25066 0
3.75513 -2.25798 10.2622 -15.5605 4.23978 -2.57929 2.07456 -9.39392 10.3662 -12.4711 1
-2.00126 1.20362 11.9952 3.07988 -8.26768 -3.00772 1.17507 -5.3044 6.94081 -2.09329 1
0.43914 -0.854276 9.40365 13.4313 -2.36409 -8.06947 3.56266 -4.69871 6.83346 -10.0891 1
0.439244 -1.97247 17.0629 -8.81521 -10.4302 -5.86103 1.77142 -11.4453 5.6959 -18.7129 1
-0.0357753 -1.62029 14.805 -4.89813 -2.53381 -8.77379 16.5563 -8.95578 6.73352 -4.21367 1
-5.60039 -2.98414 13.7904 -3.89253 -7.33463 -9.23883 3.97628 -11.2904 5.80125 4.74894 1
2.94844 -1.85305 5.24903 -5.0836 -5.55696 -10.6225 4.9199 -6.52544 9.37065 1.25135 1
3.72934 -0.0602392 9.05618 -0.529041 -16.4236 -6.60991 6.93899 -10.3607 4.88956 -6.8896 1
1.43181 -3.55823 4.11685 -5.55066 -11.931 -4.73351 6.9746 -6.91189 6.45549 -15.0587 1
-1.77027 -2.78651 10.6275 -3.28627 -9.0847 -4.17551 10.2888 -5.10499 8.17377 8.84773 1
-2.24771 -2.06634 5.14374 7.06209 -11.7024 -12.7319 5.78011 -10.0898 5.30942 -9.5918 1
-7.07533 -3.95609 -1.36185 -4.67669 -0.668268 -4.82881 13.6608 -11.0312 6.83277 -20.6954 1
-5.20745 0.104986 8.40842 10.0984 -11.58 -4.07704 3.20651 -5.93509 3.32497 -8.18439 1
1.76587 -2.78484 16.0046 6.34691 -2.92934 -5.69666 6.41784 -5.1559 4.67023 0.316748 1
4.42577 -1.90191 15.6278 13.1367 -1.97709 -4.63671 8.4429 -6.76723 8.4298 -0.818716 1
-4.03313 -0.0888303 1.08185 4.57584 11.52 -2.90187 5.4278 -10.4389 8.11486 -4.813 1
3.27575 -1.32281 2.83947 7.9394 -13.0915 -5.89478 7.99252 -9.35762 9.10109 -4.52677 1
-2.73501 -0.85867 10.1778 1.69795 -5.98585 -1.71484 5.05741 -8.18831 3.52399 -4.70798 1
-0.921775 -0.312803 13.4532 -9.73556 -8.33297 -2.58161 5.29267 -6.48428 4.71927 -16.009 1
-0.202076 -1.87262 -2.06617 -11.992 7.73835 -4.55557 4.44498 -8.15363 8.41631 -2.30592 1
-8.6358 -0.194726 12.7305 -2.49334 -13.4492 -10.2213 7.06819 -8.7298 8.9785 -10.5259 1
-4.6988 0.525024 13.2958 -5.45412 0.445732 -4.443 2.20477 -5.49702 7.68914 -12.3582 1
-0.189707 0.319035 12.1328 -11.351 -1.25715 -8.46595 9.26555 -9.02427 6.49122 3.66022 1
-5.03799 -1.93073 -0.996382 -0.933655 -8.69533 -4.93454 8.21446 -12.0874 6.0815 -10.7153 1
-2.27093 0.403758 13.5164 -14.3748 2.57273 -10.7016 4.98326 -5.52666 3.49951 -11.0483 1
3.25093 -2.0392 7.11374 -5.51043 -10.0352 -9.27554 9.7815 -5.34436 3.27485 -9.70778 1
2.48456 -2.26363 8.80738 -8.27782 -14.3464 -5.27804 2.94667 -12.7282 9.46809 -9.64956 1
-3.91673 1.32945 4.73181 8.28468 0.782845 -3.78308 8.61914 -9.13195 6.25488 -8.32055 1
-6.98884 0.265158 12.7994 -6.39663 -15.8225 2.02662 9.93806 -6.74073 5.14482 2.01845 1
2.5912 -0.895027 9.44452 -2.13525 -16.4719 -4.17403 4.66133 -9.53468 5.72954 -15.7685 1
-2.50889 -3.22898 12.0673 5.75102 9.72135 -3.58959 12.2544 -9.98553 5.98397 0.00395145 1
-1.01032 -2.16769 4.32696 -8.73836 -4.8954 -4.96391 7.63408 -7.53118 7.819 -6.72009 1
-6.2648 -1.71029 5.77397 -8.88531 -14.6927 -2.893 11.6802 -5.20896 5.43612 -4.24574 1
-5.36434 -4.10416 9.31893 1.12825 7.8944 -12.4537 5.33502 -4.86473 11.364 -8.25649 1
-6.77374 -1.4258 -1.24354 3.40466 12.347 -7.13434 3.37447 -7.82619 6.28052 -2.2806 1
-0.49447 -2.26367 -1.0143 -6.50353 -5.85735 -7.95972 4.98983 -6.10337 4.9338 -14.3728 1
-5.8495 -2.30247 2.57025 -20.3439 4.0862 -8.04025 9.63215 -4.98804 5.48084 0.587645 1
-2.59654 4.06135 6.77676 4.71233 -14.1401 -5.69721 4.23727 -9.47807 5.4825 -12.162 1
2.26629 -0.865852 10.3813 -8.40561 -0.559858 -3.76632 4.69055 -2.60081 5.2865 -4.60294 1
-1.1215 -3.27116 4.17058 3.76677 -7.25572 -7.55686 4.55715 -8.43321 3.20459 -8.40658 1
-8.63111 -0.26794 -1.38424 4.87524 -16.2659 -5.64689 6.24654 -8.88151 3.45385 2.69379 1
6.61575 -0.812739 5.96134 4.10137 13.0486 -10.2624 5.52294 -4.71666 6.22876 -10.5488 1
-2.8157 -0.504392 3.11516 -0.032499 14.756 -3.29994 4.32114 -9.59791 6.89728 -11.3908 1
0.953557 0.656339 9.2803 -0.29916 11.7548 0.775362 6.03898 -6.33531 5.30054 -4.33857 1
-6.09307 1.17188 6.02176 2.12327 -0.396117 -2.95624 3.85079 -9.55162 4.3011 -1.71389 1
-5.15954 -1.00594 6.37405 -12.1422 0.306709 -1.714 2.97122 -3.79716 4.27924 -4.92903 1
-4.59021 -0.125405 5.17919 4.4396 -1.18721 -2.54905 8.33024 -9.52422 6.77783 -4.91391 1
-8.67906 -1.69154 7.22882 4.32995 -8.47675 -4.5915 8.8125 -9.33495 6.03604 3.26422 1
5.64677 -3.82292 7.67377 -7.18618 9.92071 -1.40519 7.51324 -11.4782 6.13351 3.31111 1
1.76171 0.47421 10.4827 -1.69122 -2.51928 -12.2736 7.83037 -9.61183 6.25578 -4.47423 1
-3.05881 -1.06833 5.78729 4.10384 -16.3599 -9.7732 9.22676 -5.71237 5.14055 -8.17582 1
-11.8337 -3.76722 -2.49879 -10.3757 -6.18627 -10.6366 6.96517 -9.63831 6.84188 -8.40822 1
8.38715 -2.60004 10.0086 -7.84333 -12.612 -3.60191 -0.310253 -7.064 5.59695 -5.00076 1
-1.90434 -0.943089 8.97271 -1.00001 -2.7365 -4.0411 2.6063 -9.70285 7.86562 -3.05528 1
1.22496 0.13875 6.58962 -4.47259 6.52102 -7.49983 1.69869 -7.01759 5.78064 -12.9483 1
3.99678 1.74062 7.37928 4.71905 -7.29486 -11.5235 2.12713 -8.9428 1.92815 -19.1754 1
-8.21497 -0.97869 6.46854 0.304193 -7.30564 -2.56207 4.77374 -7.60502 7.5261 2.8787 1
1.0772 -1.11552 6.91961 -3.48656 -18.0719 -8.19648 -0.208609 -8.59024 7.28748 -16.8445 1
-2.59722 -0.507281 1.52894 -9.78542 4.3365 -4.10889 3.49434 -8.03109 7.2135 -11.1866 1
-4.14678 -1.08193 11.3623 3.41308 -6.40755 -7.06448 8.75209 -9.77785 3.77917 -13.8922 1
0.823313 0.570396 7.99915 4.04895 5.61818 -7.04789 4.73473 -5.97721 4.91813 -19.0499 1
0.316004 -0.340335 17.3697 -8.40582 8.28518 -8.03178 5.30496 -10.2533 7.8623 -6.5844 1
1.83522 -1.51779 18.7332 -5.87926 0.0394237 -5.55012 0.0655876 -4.69988 5.02393 -0.856186 1
-0.975325 1.24074 -2.00401 -7.60515 -0.45252 -6.83371 1.32602 -8.74036 6.21628 -6.1876 1
-4.48311 -2.7419 6.15537 -13.833 -12.3992 -6.31336 -5.35883 -8.1174 7.89598 -14.4272 1
0.0133926 -0.54883 1.01878 10.4789 -3.44976 -10.8211 8.46949 -8.08056 5.32243 -2.97792 1
-8.05763 -0.361123 3.60169 4.9427 -0.700876 -7.91813 7.37379 -8.06292 7.65662 -21.5821 1
-5.24404 1.8065 7.43443 -8.85707 -18.4966 -3.95725 10.9739 -9.98216 5.26744 -12.6274 1
-2.31099 -2.70443 3.5805 -13.6257 -8.21394 -7.60352 8.92933 -6.61425 4.88475 -8.1461 1
-5.66804 -0.467133 -6.04813 15.5555 -13.3845 -5.37339 -0.800911 -9.92879 4.51046 1.57191 1
-9.95455 -2.78478 8.66397 -0.74958 -11.4676 -2.93089 1.09258 -1.01828 6.43104 -15.3905 1
3.76141 -4.34707 14.8788 6.57936 -13.5771 -8.62284 9.69452 -10.5654 8.16146 -5.86747 1
-5.58527 -3.80263 7.18078 -4.09839 3.403 -5.42911 0.735004 -9.12008 4.00026 -10.7411 1
1.57178 -0.749371 9.15004 2.46763 -12.8697 -8.89847 13.0883 -6.81032 5.59494 -12.7068 1
-7.14131 -0.644489 16.4912 -9.02445 -5.18096 -6.24764 -3.31524 -8.99653 8.13164 -1.70955 1
-8.59966 2.3332 0.951773 -10.3256 -8.49923 -12.4689 0.291797 -7.32459 6.41845 -3.93492 1
-4.89131 2.34665 13.3139 -16.5947 5.11994 -1.67906 10.1568 -11.0926 4.01341 -9.17723 1
4.58372 -0.102787 10.6545 -8.17607 -11.1321 -9.74932 8.64182 -6.13078 3.45384 -13.2948 1
-7.00571 -0.740588 14.4285 -4.67011 -1.79048 -6.2179 10.8283 -10.7233 3.81059 -4.4603 1
0.552106 -3.52982 3.80231 0.774614 -8.5763 -4.81042 4.50189 -9.22863 6.37791 -19.7092 1
4.6566 0.438913 0.911819 0.179108 -18.5482 -9.28416 4.64843 -4.93297 6.18011 -1.19923 1
-1.04986 -2.04024 9.01136 -6.73839 -1.5834 -5.97044 3.06044 -8.62182 7.7397 -9.42476 1
6.14667 3.23534 12.4118 2.22567 -0.430971 -8.30333 6.63655 -6.52723 6.88499 -16.2589 1
3.26616 -0.748698 5.33786 -1.67603 -9.25848 -5.73654 11.5285 -6.60808 2.86346 -21.2716 1
-1.32942 -3.40492 10.2235 4.84436 -1.99864 -8.19005 9.68574 -8.56886 9.64003 -1.0199 1
-2.29414 -0.482217 6.248 -0.961765 -8.97751 -9.71759 10.2989 -10.8984 8.90211 -9.57343 1
-11.5121 0.837142 12.9737 -5.29469 -15.1625 -3.8444 11.9089 -12.5853 7.42969 -10.2753 1
2.6495 1.14833 6.18976 -4.27515 -1.30405 -7.60126 2.30854 -6.12142 6.79494 -10.758 1
-4.75726 -1.48046 12.5934 -0.387485 -11.0902 -12.7615 4.82642 -9.93794 7.28943 -5.88478 1
0.748801 1.50027 2.02207 -13.0597 2.74368 -6.71306 4.93638 -8.29142 4.54221 -1.2861 1
-1.55268 -0.655226 8.60096 -13.667 -1.40563 -4.94295 4.35663 -1.54688 8.0143 -23.1299 1
0.704764 -0.406746 4.68683 0.587304 -7.09656 -5.20827 2.47877 -8.12187 4.71886 0.527309 1
-4.48529 -1.69097 5.84559 1.25042 -11.9239 -8.87946 4.71899 -6.4307 4.86126 -4.30193 1
-0.0812343 -1.74122 18.8291 -9.4102 -1.33663 -7.24362 9.48176 -3.82756 2.23297 -9.23531 1
0.170964 -2.23925 5.3488 -1.08695 -3.91534 -8.07588 -2.09573 -7.7181 4.42747 -7.46117 1
-4.38807 -0.591556 6.23116 -0.349581 -9.32285 -11.8414 6.15649 -9.13081 5.19603 -3.56321 1
1.73174 1.39488 7.42229 7.38502 -14.7169 -5.66585 1.51339 -9.57566 7.29982 -14.6726 1
4.47573 -0.540024 9.71362 -15.1914 -1.65473 -11.1322 6.45982 -5.82917 6.7745 -16.9838 1
-1.52635 -0.184128 8.87754 1.92318 -7.14108 -9.29918 6.89047 -5.80995 6.30619 -1.8484 1
-7.39357 -0.754726 11.0047 3.80917 -6.09265 -2.64892 8.81864 -10.723 5.81484 -2.24916 1
-1.3758 -2.52541 -0.903417 -6.07603 -3.00983 -1.71752 6.57325 -11.2923 5.48373 -7.30567 1
-2.70864 -3.78556 -3.99687 9.25939 -5.38632 -7.36391 4.42614 -7.91281 4.34662 -0.171109 1
4.24009 1.06166 2.20288 -0.281873 -6.52047 0.602378 8.15076 -7.60139 5.43482 -0.797301 1
-1.54271 -1.56283 7.13413 -3.4089 -6.81795 -4.98994 6.08476 -10.1601 6.80453 -14.2584 1
-2.08974 1.81881 9.79431 -8.27213 -26.1752 -10.1449 -4.93499 -5.87805 2.51334 -3.66081 1
-7.18716 -2.64758 6.46422 -7.54499 2.3568 -6.38085 4.87324 -4.62259 6.69513 -9.20952 1
-1.40366 2.61858 3.9374 0.572165 -6.6171 -6.79955 5.4187 -5.00249 9.20498 -18.2948 1
-7.64492 -0.108469 3.95174 -6.65763 -15.0484 -6.31248 4.80483 -10.9309 5.76644 -1.5979 1
-3.99065 -0.0581384 -5.75677 3.06891 -14.9203 -12.2637 3.89289 -10.8985 6.13845 -13.6457 1
-6.13023 1.38765 6.11826 8.15877 -3.74433 -10.1009 6.42679 -8.12272 4.80974 4.04566 1
-4.73694 -1.01849 1.66268 -2.45793 -2.62638 -6.9764 1.7286 -9.97369 4.29624 -22.449 1
-1.63309 -2.92057 3.56809 -5.52066 -13.6589 -7.23235 9.41553 -11.8594 5.87977 -18.5956 1
-4.64576 2.20313 6.49404 5.72242 -0.407755 -7.67145 0.349437 -5.31585 7.77904 -12.8408 1
-0.802378 1.69457 10.5695 -9.5077 10.7397 -10.8492 6.03693 -8.64701 3.08772 -6.03883 1
-0.330937 -1.37809 14.0065 -2.13009 -1.28139 -5.57146 8.4084 -7.48688 8.6002 -8.89952 1
1.68606 -1.93788 5.29953 -17.0718 -2.04677 -4.91466 4.30795 -4.63822 5.92271 -4.68697 1
-3.74707 -0.35909 4.96252 4.55435 -9.68728 -8.05288 9.10486 -7.86984 5.22324 -14.2215 1
-6.34677 -0.290971 6.3906 0.178194 11.4637 1.25974 4.22627 -9.66682 8.42081 -0.41873 1
0.58209 -2.25426 17.2107 1.48299 2.29872 -9.51269 5.80731 -7.29664 9.39716 -10.4475 1
-0.276293 -0.130889 7.07372 -7.39077 -1.73546 -6.68402 2.5358 -7.93501 4.77137 -12.098 1
-7.55816 0.366757 4.37145 -2.52927 -17.8408 -9.48791 11.4646 -10.1219 8.1566 -13.5223 1
-1.41706 -3.08045 8.56211 -3.23385 -6.02756 -8.22505 3.97133 -3.45735 4.34622 4.93869 1
0.441856 -1.66027 10.9542 -1.83388 -4.60108 -9.26294 8.14665 -3.67546 8.374 -4.9241 1
-4.13365 -0.562253 13.3049 6.17695 -14.3632 -6.8784 6.40723 -12.1508 5.48016 -18.4828 1
-3.7939 -2.01076 3.15084 2.03449 -9.63827 -3.12277 7.04423 -6.93115 7.93149 -6.12498 1
-1.51097 1.01453 14.4778 3.23184 -3.744 -1.66477 3.72971 -8.70282 4.81598 -6.91426 1
-3.77572 0.688825 1.81364 11.2687 3.66113 -4.82774 5.5381 -9.14053 5.44543 -5.73194 1
-8.48732 -4.46215 5.40691 1.36029 2.35868 -5.14351 7.14151 -8.47077 4.94365 2.09675 1
1.85904 1.23606 9.65044 -10.4965 0.30427 -9.72127 9.26233 -9.60027 5.07755 7.47061 1
-1.99678 -1.92781 10.9459 -14.271 7.92108 -9.57325 4.97603 -9.59844 8.74711 2.30746 1
-1.35816 0.397075 7.23169 12.022 -12.2572 -0.901753 6.65678 -7.66387 6.95401 -18.4522 1
1.14288 2.23902 7.83134 12.0617 -11.7867 0.897705 11.099 -8.09102 6.47675 -1.0405 1
-5.60043 -1.71642 -4.95503 -9.56215 -0.593086 -8.80603 4.68947 -11.519 6.82926 -14.1923 1
-1.74835 1.05853 -2.41048 3.27678 9.62375 -7.51647 2.29305 -9.10026 5.86439 -16.2745 1
2.57012 -4.21313 -3.35998 10.6878 -19.2081 -11.014 7.99699 -9.86412 7.6771 -13.3576 1
-4.24501 -3.1008 -4.69811 7.42319 10.6217 -7.1426 7.76423 -5.29604 8.67543 -1.05889 1
-3.88773 0.478907 7.22371 3.29563 -1.23465 -13.197 7.19301 -9.88517 4.21533 -11.2113 1
-0.530792 1.11302 -3.66206 -10.1241 -5.33704 -5.13445 4.93445 -9.55073 7.35691 -9.93052 1
-5.0937 0.506105 0.650601 -0.894712 -4.15534 -5.84405 7.91034 -10.4713 4.81305 -7.82667 1
1.73476 -3.94603 15.9674 3.54884 -8.90811 -8.61298 0.29324 -9.81382 10.2294 3.25244 1
-10.2281 -1.68638 4.01793 -2.2704 -6.19648 -6.41562 6.97614 -10.8947 6.00983 -15.5277 1
-5.57485 -1.85574 12.94 0.793679 -14.4301 -7.94906 8.73068 -10.2115 7.03311 -7.7407 1
-3.05232 -0.358594 4.04784 -5.75299 -9.59405 -6.17316 4.4946 -7.9763 6.78926 -5.20678 1
-2.40235 1.4994 0.303612 3.62401 -23.14 -10.6597 3.3769 -9.95189 4.2765 -9.02972 1
-6.65286 -1.63051 0.511038 -2.36122 -12.3736 -10.7539 7.72321 -12.7457 9.34131 -5.91704 1
-3.32782 -0.848766 5.47046 -8.2162 -17.5518 -6.54655 10.1194 -10.0317 6.58955 -3.62332 1
2.24837 2.4349 5.15857 -1.23021 -3.59121 -7.78905 8.42921 -5.99207 3.95692 -11.7659 1
-5.59437 1.39592 13.3182 6.96334 -5.46479 -9.08507 7.10754 -8.60892 4.48551 -13.9803 1
-6.80691 -1.40592 1.87906 -11.4101 -1.00384 -7.27387 5.66501 -4.8767 4.37385 4.15573 1
1.90213 0.965842 0.575453 5.31179 0.463283 -11.977 3.77593 -9.49774 8.87572 -13.3388 1
-5.84397 -1.74333 17.8798 -0.405797 -11.5217 -10.2916 6.94932 -4.27037 5.75167 5.97595 1
-2.16748 2.60212 -0.00188913 2.74139 7.96386 -8.40702 1.79068 -7.96745 7.80111 -12.0654 1
-3.81861 -5.2469 2.34502 -3.53863 -4.55149 -8.37214 2.77555 -8.2661 4.24821 -13.8236 1
-7.24706 2.2149 0.927023 11.3178 1.50754 -9.68695 6.41264 -8.47706 7.46056 -15.3022 1
2.13746 0.801716 8.39573 2.1226 -0.796422 -5.68186 2.43771 -7.05539 6.60476 -14.8543 1
1.21122 -2.5755 6.7125 -2.94515 -3.75055 -8.91156 8.44919 -5.67696 3.26926 -19.2057 1
-3.4229 -3.01871 8.63283 -4.77225 -8.53399 -1.09527 3.86625 -12.4726 6.19814 1.78655 1
-3.42713 -1.73929 7.4085 9.83073 7.06157 -6.74017 5.11454 -10.0349 7.29167 -8.42437 1
-4.05416 -0.101706 0.325559 -17.3084 -11.3268 -3.78351 7.5927 -7.05512 4.30692 1.86897 1
-8.53668 0.31472 6.57792 -6.68677 -10.4558 -5.88192 -3.58648 -9.86238 9.56926 -11.6151 1
-4.10841 -4.51924 2.91085 7.56903 -6.47741 -10.1639 8.97634 -9.89041 6.00194 -12.1097 1
-1.68489 -2.15053 7.5421 5.39015 -10.2287 -9.19512 8.22487 -7.15809 8.66288 -18.1548 1
-2.0797 -1.69148 18.2226 4.39316 0.788644 -12.6729 1.9795 -12.6104 7.02501 -23.2813 1
1.46103 1.77774 -0.360695 -10.1 -12.7203 -6.38445 5.01616 -13.264 9.7417 -1.84103 1
-1.69166 1.80453 -5.37224 5.08533 3.07395 -5.9797 11.0346 -8.82598 6.31311 -11.1406 1
-3.61358 0.191999 6.72462 -19.9146 -0.320891 -8.3739 1.00577 -7.53885 6.45668 -7.29792 1
-8.33188 -0.824079 2.72257 -0.366053 -11.5789 -12.4078 6.1381 -9.38476 7.09979 2.58982 1
7.48461 0.29098 4.4332 6.88747 -6.96359 -1.40982 5.62256 -5.67375 6.40672 -4.10761 1
5.67011 -4.65825 3.85598 -1.04794 -4.56799 -9.45872 6.18156 -13.9098 3.58541 -5.72362 1
-0.195675 -3.01756 8.07663 -12.0104 -10.4823 -8.80518 4.47299 -7.77001 4.27609 -14.2735 1
-2.86571 -2.4444 3.5913 -0.0771203 -6.21589 -1.47949 2.45891 -5.93307 4.76225 -6.15676 1
-1.42117 -0.732869 16.2002 3.78857 -8.34786 -7.45067 4.90068 -7.82661 6.30654 -6.20912 1
-1.30876 2.86491 8.95248 10.5565 -0.196907 -2.39718 0.458991 -9.89771 5.32351 -9.83299 1
0.1211 -0.42947 5.35731 -0.416436 3.71984 -3.88271 10.5154 -11.1254 5.33354 -15.0302 1
-0.778602 -0.397746 -8.03424 -14.9081 -6.77049 -15.5204 4.71406 -9.77645 4.52641 -5.44103 1
-1.49288 1.20771 2.3132 -2.29502 4.91961 -4.54825 5.56257 -10.172 6.54945 -9.22325 1
-0.136593 -1.31067 5.4431 -2.97847 -3.16043 -8.07883 2.12314 -8.06252 7.04583 -12.2174 1
-4.11386 -2.62008 11.1924 1.8209 9.70835 -7.5687 5.02474 -8.69762 5.46882 -11.9567 1
-3.15288 -5.37424 -2.77796 5.32357 -18.7963 -12.0746 4.76757 -10.6945 9.37121 -2.81345 1
-3.45129 2.20354 7.40182 3.91338 -15.2961 -6.41986 5.72037 -10.3611 3.61493 -7.7165 1
-5.31414 -1.24048 1.73499 -10.0034 9.27831 -4.98573 4.29481 -7.45616 6.60978 -13.4776 1
-3.18116 -2.32354 8.60606 1.02769 -3.16273 -9.82193 5.0448 -7.42195 2.85538 -7.49708 1
3.70876 -0.0752239 15.8591 -0.342961 -8.86192 -5.30835 9.21873 -10.3822 5.96837 -3.46195 1
-5.93009 1.91444 0.225655 5.38316 -15.6696 -9.19822 4.47573 -5.69076 6.74965 -11.8385 1
-0.320106 0.617626 6.53129 -1.28123 -9.84313 -0.484159 7.28793 -6.55312 4.78437 -8.07363 1
-13.9447 -1.96204 5.12326 2.80675 -9.61023 -4.00846 10.1322 -10.2042 6.54965 -4.04004 1
-5.68695 -0.731681 6.52488 -21.4241 -8.12905 -11.3414 4.15989 -7.12168 4.6994 -10.6033 1
-1.74571 -2.97337 7.34844 -1.20413 -13.2607 -4.82477 10.2733 -10.8743 4.51623 -8.29764 1
-0.887484 -1.99834 8.4782 -1.16994 -9.27434 -10.9053 6.32083 -9.84117 4.52537 -18.3501 1
1.87375 -3.18234 2.8705 8.83277 -10.9213 -6.40736 3.86598 -6.24164 7.5136 -13.7773 1
-0.649118 1.9587 17.074 12.3688 -4.16324 -8.74231 9.55847 -8.22355 5.25581 -7.343 1
3.83831 0.321914 7.92182 -14.2544 -8.59615 -13.6272 9.08413 -8.96763 4.47658 -5.05932 1
0.475918 -3.42527 -1.0164 -8.62506 1.42009 -10.1429 7.53238 -6.61193 6.88171 -11.4739 1
3.3134 -0.608638 6.69371 8.34123 -12.3425 -9.11801 3.46351 -4.5527 6.7684 -9.1507 1
-3.31006 -5.20768 2.59222 2.78911 -18.3595 -7.88254 3.87385 -11.4999 8.88282 -0.859856 1
-1.0219 -0.548495 5.60595 -8.03008 -9.30369 -5.50905 3.24261 -8.94949 7.93496 -9.05796 1
0.839752 -3.69999 8.66665 -14.9487 -17.5149 -9.3298 1.66915 -7.8088 8.82867 -6.79514 1
-6.4912 -1.37599 3.1531 -4.27452 9.208 -7.0592 7.24731 -9.23019 5.48886 -9.2576 1
-0.905409 0.748115 5.73876 -8.50853 -2.83116 -10.4562 8.7059 -9.14731 2.61709 -17.793 1
-5.76083 -2.56082 -2.51082 3.52496 -9.23565 -6.36446 2.98248 -10.4827 8.93147 4.73629 1
-0.934701 3.4864 -5.31005 11.738 -8.05178 -2.20699 0.636815 -9.59314 3.5084 -4.24262 1
-5.23732 1.30562 -0.293682 -0.996095 1.71731 -7.26244 2.80898 -10.659 6.24112 -6.04529 1
-2.05003 -2.38779 3.87159 -4.17008 -8.58046 -6.35296 1.97979 -7.87737 5.79376 -0.377367 1
-5.13126 -0.990634 -3.24396 -0.231401 8.57966 -3.23607 4.51397 -7.67398 4.05637 -9.45958 1
-0.608231 -2.37285 13.252 -3.99463 -4.25413 -6.06537 10.6885 -9.88022 4.62155 -13.6825 1
-0.647439 1.43039 17.3148 -8.1972 3.53466 -3.07812 4.2251 -5.70679 4.27078 -15.8193 1
1.2925 -0.650303 4.66165 3.00732 -10.4827 -6.73454 -0.422642 -10.1672 6.16313 -5.40711 1
-1.00245 2.92993 20.1598 6.34739 -3.71056 -12.8769 8.93597 -8.97599 8.58384 -9.55256 1
0.841313 -3.87651 -1.25993 -2.16314 -4.71239 -3.97838 4.36391 -4.78362 11.3467 -14.7005 1
-0.821276 -0.770967 2.34036 9.63703 -5.69607 -7.94407 5.05803 -10.4613 3.2211 -16.5451 1
-2.63382 -0.990447 6.74879 10.8814 -0.331803 -9.75314 10.7412 -12.3302 4.46856 -10.2547 1
-2.25702 -3.14068 0.795971 2.53621 -1.19355 -6.60404 6.53138 -7.57291 8.95326 -5.21533 1
4.11016 1.25285 4.09847 4.37897 -4.06286 -3.13437 4.71547 -7.47845 2.63322 -4.53131 1
2.0537 -2.54215 3.62939 8.6356 7.36138 -4.30022 11.2338 -8.23754 2.93254 -4.91418 1
9.3162 -3.57527 -4.08939 -2.46683 3.24658 -9.74352 11.1663 -8.60303 8.10515 -15.8088 1
-8.66381 -0.843178 1.32115 -1.33884 -12.4622 -4.27641 8.1075 -5.94508 5.77586 -12.4963 1
6.76225 -0.600942 -0.954071 6.17378 -9.38576 -0.00258135 11.0538 -8.23752 4.0913 -3.18252 1
-2.27545 0.825312 9.45921 -4.91222 -1.01876 -8.22206 5.56466 -11.2264 5.02911 1.67048 1
-10.0478 2.97116 14.4368 -4.17442 -11.6776 -9.10336 5.37225 -3.07718 4.00519 -8.09045 1
-1.71766 -2.85887 9.08508 -0.194925 -0.875027 -0.0509363 5.40635 -11.1862 7.04283 -3.98836 1
-5.29643 -2.04096 1.90893 -17.4202 -2.92735 -4.72279 4.16497 -9.01591 4.52993 -7.54413 1
1.44947 -1.97812 9.3078 13.867 -1.00645 -8.73185 12.3211 -9.41673 7.78073 -25.4129 1
-6.10324 -0.274992 3.16089 -1.20227 -12.7033 -6.037 8.26042 -6.41999 6.52226 -10.5478 1
-4.44218 0.726672 7.45119 -1.10688 -5.94812 -5.48266 8.73222 -7.59888 7.36125 -5.73559 1
-1.68306 0.631527 11.1549 -7.13754 4.90512 -5.48889 -0.290109 -6.53477 7.139 -3.45406 1
-2.25229 -1.27267 7.50115 -4.7002 8.09513 -8.60007 5.12203 -5.28035 4.70265 -12.387 1
-7.77653 -1.56527 -2.82808 1.4531 2.83292 -1.18539 10.3669 -9.26202 5.88123 -13.9017 1
2.68774 -0.943766 17.0217 2.31696 -2.31518 -2.97257 2.52243 -8.90801 8.83589 -11.3575 1
-1.72731 0.309494 3.02854 -1.13061 2.35953 -3.2076 2.02434 -9.28669 6.0693 -5.03146 1
-2.04172 0.797746 16.5199 -4.38088 -1.41398 -5.09021 9.79055 -8.77494 1.78275 -19.8292 1
-3.61992 0.21734 12.6732 -8.88068 -8.41197 -0.943021 6.04012 -9.20295 2.9509 -9.8333 1
-8.96932 1.70815 8.10003 -2.48598 1.17336 -3.54982 4.01595 -7.38537 3.17973 -1.81904 1
-3.31516 -0.442898 4.96613 0.616061 2.76993 -5.65979 6.31445 -11.7503 9.56642 -13.1548 1
-3.18086 -0.139929 15.8513 5.46864 -0.727298 -7.51298 4.69852 -10.9106 8.14186 -16.9962 1
1.08284 1.17194 10.0445 -13.0456 2.30957 -5.29013 10.0298 -5.08116 7.3857 -7.30902 1
4.90235 1.72756 9.64813 -2.43106 -9.48974 2.06242 2.86422 -6.28807 9.82352 -13.2315 1
-6.42376 1.27053 0.613145 3.75974 4.67401 -8.61462 1.36372 -5.99842 8.39014 -11.4767 1
-3.01018 1.50998 7.38892 6.11409 -2.24914 -6.30049 11.071 -5.46197 6.54967 -13.2403 1
0.965781 -2.67558 8.98997 -7.06616 4.80612 -4.96561 2.89917 -9.22694 6.60467 -10.8024 1
-0.360234 0.0868939 10.4015 4.23108 4.43291 -8.11877 3.19762 -7.41634 6.33264 -2.55619 1
-1.10546 1.5401 1.47527 -1.43201 2.82085 -8.32749 3.29823 -10.0498 6.92717 -16.7234 1
-2.36124 -3.9023 16.096 -2.2102 -4.86748 -8.33066 4.44805 -7.68798 9.80344 -6.5608 1
-4.65898 -2.24724 -1.02715 1.70157 -9.06108 -4.17058 9.55819 -11.5233 6.88847 -0.26697 1
1.49787 -0.661115 4.21323 11.2217 -3.5965 -8.14272 3.84431 -10.3238 6.35252 -3.08672 1
-6.13434 -1.68719 9.12359 7.82693 -3.98343 -7.30955 4.68698 -5.34393 5.61241 -16.0631 1
-0.373017 -1.8101 5.20821 -5.90888 -3.59206 -1.50881 3.19037 -6.8135 11.848 -12.4708 1
-2.73748 1.673 -6.15014 -9.20536 16.3219 -4.16906 -0.562563 -7.62795 2.79918 -23.789 1
2.3888 -1.93725 2.82349 4.41236 11.233 -3.74291 5.19804 -9.83516 7.29564 -9.93107 1
-7.48462 -1.04113 -3.86872 -4.17982 11.5573 0.667253 6.43479 -8.70693 3.82149 -11.5676 1
-5.2087 -2.9295 3.77414 9.33194 -6.52394 -10.8233 5.68688 -9.41476 5.29382 0.304843 1
-4.95988 -0.171981 -7.16992 -3.07475 9.19365 -4.73336 9.04928 -7.64536 5.80452 -5.804 1
-6.83942 -1.88764 5.79815 -7.49516 9.30052 -9.47385 2.3502 -9.35999 6.84281 -10.1452 1
-6.80091 -5.6343 8.88741 3.74565 -9.99929 -10.7962 3.90448 -9.83005 7.17048 -7.8418 1
0.268282 -2.0181 0.0988336 -5.71689 -20.0905 -10.7325 3.08292 -12.4378 8.96728 -13.0962 1
0.596052 -4.97919 18.6526 16.1406 -6.46368 0.733644 2.29565 -3.86077 5.72609 2.90974 1
0.0943988 -0.59497 3.21492 -8.44975 0.411891 -5.23032 11.6365 -10.7901 7.40252 -16.1908 1
3.06546 3.23124 6.75063 6.66368 -5.28324 -0.496578 4.26775 -8.97392 5.13106 -17.3266 1
-0.759199 -2.1748 4.14488 -6.65909 7.29077 -5.12489 9.44435 -11.9562 4.22593 -11.5904 1
-1.36934 -1.35412 0.940225 -0.138457 -14.4909 0.0182547 5.20466 -7.74498 4.76897 -9.58093 1
-4.59171 -2.58926 11.3065 12.255 -9.59 -4.8379 2.57312 -12.74 8.47541 -14.5627 1
-8.041 -1.90561 2.60647 -2.51591 1.10802 -1.5066 0.632072 -6.1183 7.52701 3.611 1
7.76977 2.25844 14.5603 0.414322 -25.8571 -7.6108 5.74209 -6.43472 2.5929 -11.8142 1
-1.75621 0.2984 4.18167 -4.61434 -8.63755 -8.82305 1.94337 -9.72809 6.13334 -6.41713 1
-1.43162 -2.5163 4.44992 1.19896 -11.4418 -2.44756 3.14834 -9.74206 6.497 -12.883 1
-2.96083 0.957819 -2.13781 -2.441 4.88134 -2.08626 13.3747 -9.76218 6.2826 -10.767 1
1.02487 -5.16082 11.8697 -5.01266 -11.4978 -2.78368 9.76043 -7.88024 7.86493 -7.71064 1
3.39593 0.0652317 1.19958 -2.4603 -12.1697 -4.57356 4.35217 -6.51299 6.91353 0.50133 1
-5.20462 -1.20027 1.67862 1.44615 -5.48461 -7.4976 6.28926 -7.57043 7.19465 -5.59827 1
-1.41623 -3.24067 6.04472 -27.9316 9.01298 -6.01568 12.5042 -10.8465 2.81197 -15.2516 1
-1.95093 -4.43663 14.0256 3.88567 -2.03355 -3.56244 0.179044 -12.8969 8.2431 -17.2518 1
-1.37395 -1.48088 -0.426475 -1.07771 6.31599 -8.65886 6.29411 -5.34697 6.40545 -11.6779 1
-5.48708 0.121148 -0.066403 -11.7922 -12.0443 -5.61708 6.84173 -10.1 3.22303 -9.72663 1
-1.71133 1.39449 5.62936 -5.48813 -4.69447 -7.21949 4.64046 -2.39123 6.4268 -0.520451 1
3.0674 -2.55052 0.310554 1.86949 9.1023 -5.7827 2.63799 -9.78388 6.56848 -16.6401 1
-1.79873 -0.731189 3.04231 8.62018 -8.76784 -5.6376 5.66144 -9.95944 7.13148 -2.67683 1
1.74699 -0.706915 4.42223 -10.4462 -10.121 -2.56459 1.2292 -3.88286 7.72545 -4.78981 1
-0.0574643 0.2617 12.0042 -12.7839 -1.06732 -0.359445 6.64707 -7.5697 7.147 -20.6136 1
-2.18995 -1.22175 6.21784 -7.08244 8.47844 -0.110031 1.72775 -9.95357 4.33337 0.959911 1
-1.00621 0.249953 -4.35787 8.84751 -5.30834 -9.98247 10.0532 -9.07043 6.60716 -12.7823 1
-4.18308 -3.01267 -3.24221 -5.31795 -0.871447 -6.36358 2.37094 -8.96628 8.98357 -5.24551 1
1.70955 0.11035 1.3677 3.79088 -5.8374 -7.03521 4.56685 -4.94922 4.56874 3.95312 1
2.09923 1.40514 -2.9009 -6.57247 -5.23202 -9.43863 5.76531 -7.8618 9.67313 2.64347 1
-10.404 -1.09638 0.284694 -3.19075 1.72735 -4.16905 4.96801 -9.44073 9.50136 -7.66191 1
-2.25806 4.64109 11.9908 2.3267 -2.69684 -4.4126 -2.54284 -7.7205 6.56443 -6.42366 1
-5.76703 -2.73276 1.47372 -4.60143 -10.7054 -13.1568 4.44448 -10.6548 9.77072 -14.3998 1
-8.07435 -2.21261 18.3486 -4.69899 -9.8774 -8.60036 10.4835 -9.09551 6.14255 -5.69334 1
-3.03706 -2.90693 5.7923 15.3046 -7.11767 -9.6223 5.64116 -10.512 4.61578 -16.7976 1
-3.30429 -3.58348 15.5217 4.25668 1.84599 -3.35813 10.3398 -10.17 7.84865 0.213831 1
-2.14395 1.01584 1.13208 -6.89005 -8.25338 -9.47497 7.59311 -10.4868 5.84095 -14.5312 1
-1.01605 2.58474 4.81672 -6.76141 -7.94248 -4.20475 1.92156 -9.93789 4.34159 -0.947899 1
-3.73797 -5.66593 11.7735 -7.4812 2.49179 -2.66076 1.03659 -8.51484 6.35309 -4.44202 1
-1.97798 -2.38746 4.28389 4.73954 -4.15875 -5.33222 5.50262 -4.89205 6.684 0.25046 1
-3.98203 -2.73571 4.47233 -1.99853 -1.93651 0.114255 7.90224 -8.49932 2.32607 -5.04074 1
5.69908 0.810616 0.589617 5.14088 3.12587 -3.94077 7.78502 -9.63708 4.06694 -6.62343 1
-5.8966 0.532023 5.67154 -0.246902 -15.3324 2.67436 5.03555 -6.12452 6.20491 -4.37973 1
3.87045 -3.9143 0.592814 11.7697 -1.95839 -9.39242 8.26473 -8.27646 6.92874 1.54648 1
-0.669515 -0.811015 11.3339 1.89866 -8.89452 -4.17419 2.7792 -8.02469 9.18701 -6.92398 1
2.28948 -1.88207 8.05064 -0.247096 -14.5289 -9.10071 9.15204 -11.1227 6.66453 -12.0771 1
-4.85078 -2.99934 3.70858 0.587559 -2.97956 -9.87929 2.72179 -6.79811 7.14242 -14.5937 1
-7.67346 0.146046 5.51386 -2.47014 6.02523 -8.69332 7.18729 -8.19503 5.75705 5.68048 1
-2.04204 -0.347272 6.38732 11.9317 -11.7453 -5.64333 4.28024 -9.32074 4.34914 -8.70477 1
-5.36147 -0.142043 1.73788 11.9632 -16.9751 -8.40566 11.2272 -12.1326 7.42424 -12.8638 1
-3.6348 -0.494029 0.275263 -0.200576 -5.9328 -10.4865 5.07368 -9.71544 6.4804 -13.2403 1
-3.69016 -0.0222341 8.04708 -5.24611 -9.60624 -3.22679 9.71118 -13.0599 8.89802 -15.1025 1
-0.384783 -0.0962846 -1.64798 6.98671 -7.83406 -6.08658 4.52685 -10.275 3.76361 -11.1132 1
-6.51796 -0.106156 4.20348 -9.61874 -8.23498 -12.1937 6.34474 -6.01059 5.092 -8.62692 1
-4.61669 -0.819272 11.7595 -6.06166 -3.31805 -1.91516 3.52907 -0.34741 4.57231 5.88758 1
-0.373089 -1.1449 8.42327 0.380473 -2.66131 -7.44885 12.8016 -10.3286 5.02621 -8.14896 1
1.06777 -0.646113 5.95649 -4.86715 5.82163 -7.79565 12.8037 -4.4401 6.84385 -11.9692 1
-2.7558 -2.02994 16.548 -6.09512 -7.82848 -8.92854 8.37628 -10.4868 6.34517 6.4247 1
-2.37521 -0.0293235 1.44513 -5.15812 -8.65149 -3.11286 12.9162 -10.5359 3.80532 -18.8012 1
1.61111 0.503043 3.58479 6.53025 -15.3738 -4.30214 5.95019 -10.8109 4.57534 0.875366 1
-4.14735 -3.2505 13.7459 13.2738 -16.4826 -8.81839 3.6654 -8.9624 8.08837 -1.96248 1
1.02222 -0.640159 9.29793 2.7473 -6.93482 -8.08342 9.58808 -9.18737 4.63838 -4.44647 1
-5.62286 1.33986 9.88044 -11.3915 -1.50096 -3.78489 11.3844 -7.29331 5.73842 -8.95115 1
-2.53184 -2.09105 0.90024 -10.429 -1.07141 -4.05389 8.72381 -5.9689 6.44411 -10.6316 1
-3.40726 0.193502 3.93127 4.59292 -4.4571 -8.36908 7.18349 -5.83582 4.20492 -5.00744 1
-1.90835 -0.480663 9.71019 10.3474 -2.43268 0.831604 7.36501 -7.45368 5.38137 -19.604 1
-5.04792 -0.119884 7.98723 -1.3777 -6.29937 -5.31834 1.13628 -11.0795 7.22804 -7.38163 1
-4.73053 -2.90827 4.33129 -7.91388 -16.421 -6.43369 6.13076 -8.91456 7.02479 -2.55741 1
3.14334 1.75832 4.17892 -1.55246 -22.1854 -1.39792 9.12028 -5.64461 6.69801 -2.70257 1
-4.8663 -1.71567 10.2485 -7.54314 5.78048 -6.87066 0.0218862 -8.33479 6.81587 4.7378 1
5.64558 -2.5375 5.6326 8.98232 -25.7515 -8.54182 6.10839 -10.4561 2.86976 -12.2739 1
-3.80782 -2.76215 15.0864 -2.62309 -2.01965 -9.81573 6.67261 -7.87554 8.92841 -11.4607 1
-1.41762 -5.50856 -1.20037 8.84035 5.44015 -7.40746 0.637926 -11.2617 7.00453 -15.7672 1
-4.94027 -4.54445 12.717 -0.888318 -1.53835 -8.6691 4.92895 -10.2774 9.24716 0.0729679 1
-3.64223 2.75962 5.23234 -8.40593 -0.302071 -7.41756 10.3092 -4.39964 6.75107 -5.65825 1
-2.15429 -1.95621 19.5266 -22.9621 -10.4139 -3.92494 7.725 -8.19896 6.30525 -5.71004 1
-0.354636 0.734897 -4.12177 -11.156 -11.9765 -8.14795 3.55211 -10.2643 4.82675 -6.63349 1
-2.63502 0.858373 0.589173 -4.21876 -7.71168 -7.23654 2.39366 -9.54542 5.04749 -4.08754 1
0.472972 -0.825972 17.3126 8.28088 -3.19877 -3.38304 5.50564 -10.0488 3.3822 -9.88782 1
-5.28379 -1.34247 9.99005 -11.5168 0.0166106 -5.72974 4.92601 -7.21884 10.7265 -1.19859 1
-6.45637 2.09664 0.711233 -3.53681 -13.0129 -3.08969 9.31177 -6.53869 4.0398 -13.969 1
-4.28413 2.16012 15.9347 4.76933 -12.4612 -9.80851 2.77675 -12.517 7.32096 4.73406 1
-2.26251 -0.160165 15.4938 -10.9908 -4.16308 -7.39169 1.51369 -8.04325 6.53477 -14.1904 1
-9.10686 -0.743149 6.66015 -5.27615 -8.4936 -5.70028 3.63116 -10.0754 6.23487 -9.44179 1
-2.18165 0.694783 9.85625 -6.28248 -4.53835 -11.7848 -0.476764 -9.44623 7.10873 -18.9661 1
-3.28079 -3.12577 10.487 -10.9197 3.22218 -2.96672 3.60889 -5.30201 6.91771 -8.32793 1
1.30648 -1.93695 12.5096 -3.22791 18.6856 -6.88667 3.74055 -11.1894 7.04285 -3.32745 1
-1.08862 0.688616 4.77913 10.0961 2.31236 -3.80395 9.80987 -8.68402 6.34078 -9.46127 1
-2.26629 -1.56985 12.4926 5.00952 -5.46735 -5.9197 5.22445 -7.96903 6.16827 -6.17936 1
1.06175 0.123546 8.33778 13.2047 -5.97854 -6.76164 3.16139 -5.41128 6.96341 -1.50109 1
-3.16966 -0.435154 5.5338 -5.05308 -20.0785 -6.27891 7.37345 -2.44758 5.47323 -7.43958 1
-3.51446 2.20592 3.54794 14.6753 5.15796 -6.37055 4.69083 -11.3493 7.03134 -10.8518 1
-1.07492 -0.0686673 5.34138 4.57007 0.265405 -4.13032 9.39946 -6.85756 8.56497 -12.9877 1
-8.20803 -2.2834 6.57894 -6.88599 -11.7376 -6.02989 10.4776 -13.6089 6.74213 9.40267 1
-1.21774 -0.766101 8.1129 -3.54112 -2.64825 -8.65991 8.33569 -10.166 7.37669 -2.22918 1
1.6196 -0.779485 -1.70347 -4.18617 2.24595 -3.15792 7.92747 -9.73881 8.9659 -24.6458 1
-6.00464 1.09084 0.28648 5.04802 -9.84 -6.45872 1.01881 -7.9572 6.81672 -18.5746 1
-0.807109 0.463077 9.21824 1.02659 -20.0817 -9.32171 1.931 -9.16328 7.23915 -14.4695 1
-2.60354 0.738682 3.95305 4.78532 2.17737 -0.963927 8.88843 -5.32626 5.12377 -19.5406 1
-9.98203 0.370333 8.40869 -4.16684 17.4984 -16.1329 10.9147 -9.87735 5.19431 -3.7842 1
-3.50717 -3.69611 8.11726 -0.206521 -1.26014 -3.51462 5.3835 -6.50421 6.56801 -4.16177 1
-2.43872 0.431755 -0.209071 -2.96261 -4.2935 -5.83347 7.90427 -10.2396 8.98739 -18.2877 1
-0.668247 -0.403672 -5.63901 -5.00253 5.31575 -13.0386 8.7096 -10.4507 6.25522 -7.183 1
-3.33872 -2.72221 -2.77652 3.05604 -16.6437 -8.21807 4.4328 -11.8533 7.68278 -12.8608 1
1.39085 -1.23028 0.16625 -5.95564 -5.75192 -9.71192 11.009 -11.2577 3.80492 -15.3825 1
-9.7961 1.04471 15.4784 6.6567 -2.05452 -2.39505 2.90292 -8.87358 5.86248 -9.61984 1
-3.20541 -0.902152 2.33248 -0.2743 -9.61868 -3.47874 4.22259 -14.4106 7.06474 -7.15164 1
1.63627 3.26807 6.74355 7.24496 -9.44079 -4.23329 3.05692 -12.9532 4.54984 -1.176 1
-1.64643 1.51974 2.63149 -1.24598 -0.131701 -2.40451 2.49415 -3.93569 6.03114 -0.907648 1
-3.95553 -2.20447 4.61099 3.62914 4.89009 -12.0879 6.98659 -4.43125 9.2396 0.662633 1
-3.20872 -0.00362198 9.22336 11.3345 -3.07138 -9.86886 7.13982 -11.5936 4.91326 -4.11579 1
-8.70627 0.703546 9.86695 -5.18846 -10.7519 1.58944 0.534024 -5.38021 9.43652 -17.2672 1
-0.575777 -0.924384 -5.0309 -5.67807 4.01696 -9.94374 4.51862 -10.0995 4.79291 -8.28153 1
-3.37808 -1.59 1.02946 6.47786 -2.98317 -3.08806 10.8399 -10.1771 5.83068 -20.6421 1
5.0229 -1.65745 -1.06382 -7.76938 2.95036 -9.37869 10.3601 -6.92361 5.49683 -19.522 1
-1.83288 -1.02845 -0.0523602 0.476114 -5.55493 -3.39099 4.76367 -6.37547 7.96349 -13.4539 1
-0.715653 -2.49866 9.40893 20.1653 3.15846 -9.02969 10.3389 -10.7275 8.11331 8.09572 1
3.61692 -1.74109 5.69529 11.5264 -1.17859 -2.33699 10.6085 -7.16654 5.69617 -2.3272 1
-2.11841 -0.982705 5.73437 -7.09936 16.1794 -2.43666 5.07408 -8.81814 9.64834 -21.7317 1
8.80644 -6.30918 -3.36469 0.158446 11.1696 -9.90324 13.1211 7.64768 -9.04791 4.78248 2
7.87836 -9.88496 -1.59464 4.29837 4.86365 -10.8605 16.4381 4.00865 -0.599105 13.646 2
7.38805 -12.4692 -1.72418 -0.266464 2.89368 -10.8752 12.7685 4.85189 -12.5245 14.248 2
4.96708 -7.06973 2.30123 -0.0778111 -0.244771 -10.9998 6.68169 2.38549 5.68374 -0.697666 2
5.8089 -14.3211 -4.43763 -2.07337 -1.10657 -9.48584 17.9457 9.78609 12.3037 15.6886 2
9.40406 -6.43084 1.18556 6.18058 7.82555 -7.89709 7.5564 8.63755 -18.0695 6.2714 2
6.83024 -14.8832 4.1336 0.0911032 3.87744 -9.29163 12.7503 11.6903 1.72699 8.86527 2
3.15384 -9.48583 1.3565 0.0865469 3.20978 -2.6997 16.7649 10.2408 -8.82291 9.21763 2
4.54142 -13.4552 -8.16649 3.23287 -1.62652 -8.03148 4.89305 7.64478 -8.0553 -5.86251 2
2.98644 -23.1395 5.27185 -3.5329 4.43103 -12.0419 19.1319 6.32019 -6.72592 2.35422 2
9.82836 -4.1179 3.78415 7.18958 1.32735 -7.82203 7.66083 10.7329 -4.49948 0.806082 2
4.56723 -7.44986 5.08038 10.0216 -1.61833 -9.12704 10.0244 8.96767 -6.86506 5.85511 2
5.18461 -11.5168 -5.12724 -4.79357 7.86481 -8.54889 8.54411 9.84286 -14.5685 4.80384 2
7.77233 -6.06594 -10.8523 6.89296 2.1103 -10.7162 10.0082 5.10013 -5.35394 -2.07949 2
8.46539 -16.7718 0.509238 0.920435 8.09706 -11.7546 15.3237 6.75803 -9.42629 -4.19497 2
7.42835 -15.6683 -11.4986 2.6156 2.90643 -8.74068 13.9309 10.9275 -11.5276 10.8421 2
6.09621 -3.93669 1.53692 7.76843 6.82187 -10.3278 9.78696 5.27793 -12.1815 15.0335 2
3.96236 -8.96417 -4.32799 2.78498 -0.87357 -6.62863 12.523 8.64041 -1.39517 -3.21731 2
7.6963 -12.0086 -1.1499 5.37994 5.74394 -11.4149 11.9763 8.25457 -3.9481 2.48651 2
5.91162 -7.18124 0.227743 0.160954 4.0011 -13.1582 18.2919 6.58996 -8.45246 13.0393 2
6.77154 -11.8458 3.52009 1.69965 3.08411 -10.4266 7.7296 8.44537 0.549619 6.9577 2
7.67634 -10.6167 -4.37409 6.25237 2.34613 -9.18397 -3.42884 11.5132 -14.9481 9.43048 2
7.21542 -15.5233 -0.318479 7.67856 -6.40055 -7.84845 3.30127 8.89113 -13.7283 3.24047 2
10.2953 -14.6652 -0.789455 -3.19245 5.46382 -8.61228 11.3842 8.11296 -8.97861 17.6681 2
5.68732 -5.4655 -1.40092 2.94064 18.0332 -11.3825 2.94655 5.7434 -18.5687 10.6413 2
3.77624 -8.03894 2.42016 -3.67387 -4.99352 -7.81369 6.19796 6.33593 -5.87937 -1.02288 2
5.32156 -11.8822 -5.13756 1.51866 7.85637 -8.19606 9.99686 5.972 -6.52533 7.60955 2
4.60092 -18.387 -0.726846 1.33907 3.18241 -8.58958 13.9773 6.43562 -17.3965 -0.784572 2
9.51784 -0.326716 -3.07197 1.79022 -6.87195 -7.10891 12.6171 5.21511 -2.14507 5.09282 2
4.17638 -5.51483 -3.65614 3.86073 6.62746 -12.5886 5.03633 8.65984 -4.96802 8.76354 2
5.94074 -11.9704 3.05858 -5.16939 0.788077 -12.923 3.78443 8.11337 -9.51691 8.54347 2
7.34524 -3.97015 -10.6039 0.037975 2.38517 -12.1223 6.01818 11.7693 -7.275 6.66817 2
7.6253 -5.40873 1.32482 7.54072 1.52339 -9.65006 12.6139 12.3254 6.86547 12.0833 2
6.81502 -6.44713 0.58356 1.55927 5.30874 -10.4747 8.66426 9.56346 -10.823 11.2041 2
6.51381 -4.1624 -1.06656 1.87976 0.496825 -9.61467 3.0577 8.81789 -0.169828 21.2412 2
10.6165 -5.46437 -0.939052 3.13499 -0.569425 -9.66918 6.91103 7.55243 -8.55582 1.38545 2
5.05194 -6.73166 -7.25468 1.96656 -1.15257 -8.23651 20.4679 6.18129 2.02384 -0.97157 2
7.69701 -9.98048 1.16894 3.6011 6.71544 -7.83745 12.459 6.58556 -10.2505 1.84295 2
7.52383 -11.9566 0.698627 2.71883 -5.68117 -9.37496 11.5431 4.78847 -2.60154 -0.125857 2
7.9772 -7.85554 -0.332782 5.29329 3.33979 -8.24004 6.11319 8.72731 -13.0996 16.2026 2
6.9451 -6.09525 -8.90908 -0.991573 3.87134 -11.8518 4.60208 9.43245 -7.58469 8.79846 2
6.55047 -12.095 -0.0550624 2.92394 10.3563 -12.1679 9.89779 8.647 -6.84481 10.5708 2
7.69889 -4.00218 -2.39356 4.55579 3.48127 -7.68834 12.2044 7.5193 2.33962 2.19161 2
6.39802 -0.402948 1.99692 0.889918 -0.753503 -8.48622 13.9811 7.95906 -5.51867 0.449923 2
6.37817 -7.86483 5.59995 2.32265 -4.36823 -8.31568 8.8629 7.44282 4.97433 -0.7983 2
6.12208 -1.28473 -1.51683 2.09633 13.6268 -11.4606 13.3153 6.47612 0.0385698 8.91703 2
8.19124 -2.18285 -4.42176 -5.96053 1.48628 -12.2417 10.5543 11.067 -5.16325 8.05145 2
4.61357 -6.68079 -0.18219 4.46091 -7.74651 -5.13401 12.6157 9.45527 -10.0866 7.26189 2
4.9265 -6.11909 -7.24332 1.22747 3.13218 -12.4017 7.21696 6.11873 -5.76817 10.2705 2
7.76549 -5.77144 -4.96617 1.87901 1.94983 -7.48017 8.60559 7.63028 2.00094 -8.2826 2
4.60986 -1.61884 8.3364 -1.39542 9.98729 -7.21926 9.38165 8.87661 -7.09469 -0.113279 2
5.689 -0.0478399 -3.32124 5.0053 0.696579 -11.4329 8.05743 7.83341 -13.924 0.674069 2
6.41896 -21.2449 -2.16664 3.85584 12.5097 -7.90814 9.80424 6.24477 -10.3526 0.110963 2
4.12574 -15.267 2.28536 3.35715 5.06939 -6.24691 8.83241 8.47243 -13.0378 10.0619 2
8.02892 -2.14896 -1.45989 7.22568 3.99432 -7.88626 9.94813 9.17781 -11.2884 3.54569 2
6.58596 -2.52969 -5.64112 5.4753 5.16512 -8.36184 12.2522 5.40448 -5.83661 4.04273 2
4.22094 3.9875 -0.714537 8.80543 1.68885 -9.39377 7.05887 9.63761 2.47515 -15.3323 2
7.75477 -3.80189 -6.98752 1.03672 -3.30554 -8.94467 7.4771 9.05222 -4.21744 7.51936 2
4.00997 -9.91799 -1.52612 5.16933 -0.925773 -2.33502 14.2199 7.57263 -3.66351 9.71372 2
10.6019 -3.0681 -8.86003 0.364745 7.63365 -6.85843 11.6118 8.20905 -2.07389 16.9236 2
7.66153 -8.69089 2.44533 0.15497 3.45847 -5.03142 21.1839 7.71009 -1.38779 13.1265 2
5.85813 -5.12281 -3.30156 4.99531 7.81844 -7.17902 18.0325 8.76598 -0.753993 11.7293 2
1.9064 -10.0704 5.4923 6.10319 6.96353 -6.07668 12.7589 6.01836 -6.47598 0.548893 2
6.9687 -6.20656 2.49375 4.95676 0.739188 -8.41944 7.59131 2.4449 -6.48773 11.8415 2
6.56857 -15.8998 -13.8138 8.21787 4.26129 -8.13984 15.0798 6.70971 -5.16479 -1.84733 2
8.86505 -10.1371 2.62215 2.50942 -2.28546 -9.00402 7.57539 5.46266 -5.29058 18.9536 2
4.74865 -6.29201 -3.78643 3.85659 5.34385 -7.16507 8.24928 7.89679 0.214585 -8.76126 2
3.62997 -6.82706 0.405811 -1.1412 -2.12849 -7.88677 10.5405 9.25474 -0.873418 15.8221 2
6.4879 -16.6221 -0.924017 -6.91497 0.120076 -8.00306 -5.57074 13.8518 0.623652 4.19158 3
7.2192 -15.1272 -0.979001 -6.89126 -3.17761 4.15184 -2.73462 13.6428 12.028 3.32224 3
8.59724 -7.2383 -0.290333 -8.99296 -0.857067 -8.82963 -5.13718 3.64522 8.98182 2.08363 3
5.89013 -12.9019 1.47413 -7.48678 -2.17449 -8.59181 -7.43981 16.9589 6.22516 7.11525 3
7.20546 -6.63782 -1.58865 -11.5636 -1.15601 -3.42601 -8.548 7.40999 5.13809 3.12486 3
6.93728 -5.16312 -0.333741 -8.53632 -2.977 -10.6466 -7.3817 4.87626 8.70464 3.97504 3
8.91149 -13.0989 -2.53267 -9.51114 -0.218729 -2.84351 -7.80919 16.4556 -3.36053 5.80454 3
4.31577 -3.58501 -5.89099 -3.14367 -4.0586 -11.7107 -6.88814 2.80289 4.81931 8.72516 3
4.25643 -9.75337 3.9745 -9.26196 -3.4491 -1.97851 -4.99223 6.24505 0.0671843 7.32325 3
6.95053 -10.941 -2.19598 -5.82494 0.353921 -13.289 -5.24572 11.5015 11.1546 2.59479 3
3.39454 -7.69018 -0.0327908 -5.87871 0.422902 -3.5514 -6.34277 12.9194 -8.05797 2.40267 3
9.32591 -0.031087 0.613565 -0.397265 -0.728802 1.10878 -5.1814 12.3474 -3.35598 1.76428 3
6.11317 -9.59885 3.52715 -4.75125 -2.19293 -10.7691 -5.16505 5.40468 2.86794 3.33282 3
8.50473 -5.05153 0.544816 -9.07237 2.98264 4.43916 -6.90112 6.8901 9.32882 6.29608 3
4.39947 -18.9196 -3.12142 -5.09409 1.38059 -5.85943 -3.73412 4.67467 6.25339 6.16443 3
6.0099 -4.78585 -0.199112 -4.78312 -1.93501 -2.27825 -5.3413 14.7559 13.2336 1.76282 3
10.5414 -6.58205 0.111313 -11.009 -0.409843 -16.58 -3.58873 18.9401 3.07903 2.17804 3
5.54208 -3.14062 0.365157 -3.8163 -1.26687 -12.2226 -5.41595 7.33491 5.83535 3.56464 3
6.87102 -4.71413 0.300939 -12.0159 -2.85397 -9.20946 -6.18237 3.75852 7.20199 4.36559 3
2.95638 -3.46526 -0.0154172 -11.3334 1.46568 0.364666 -4.24054 7.84991 7.08845 5.89552 3
8.50413 -12.277 0.43334 -10.5835 -1.14455 -14.5248 -5.09054 6.02342 4.051 3.58371 3
5.57705 -6.55235 0.784978 -7.66015 -1.74839 -3.67155 -4.97128 12.0677 -5.2825 -1.36009 3
6.35952 -13.0693 2.07362 -13.2853 -1.19312 5.88388 -8.45458 11.3311 -13.0352 2.39839 3
6.78512 -3.89696 0.888926 -7.64287 -0.773575 -1.34155 -5.60621 6.67495 1.5598 2.8169 3
6.7081 -9.2975 1.19859 2.00819 -3.36896 -7.67978 -6.39566 11.1994 3.38771 7.81995 3
4.668 -9.65449 0.521507 -1.8534 -1.55446 -7.28465 -6.8525 17.2359 -4.80591 3.10989 3
3.0639 -8.10298 -0.874721 -11.5294 0.278189 -12.2268 -8.69967 3.12844 8.31059 6.39533 3
4.89578 -9.92621 1.20721 -3.192 -2.94991 -3.04849 -6.57192 15.5622 3.01394 6.59671 3
5.94287 -9.64548 0.762615 -4.50538 -0.924216 -9.68982 -6.09228 10.8957 17.4086 3.56932 3
7.03231 -9.99171 -2.21005 -8.58009 -0.319209 6.59271 -6.18013 1.90013 3.07494 5.47568 3
4.6201 -11.7308 2.35456 -9.37743 -0.28026 10.2175 -8.58999 1.48496 1.44699 6.60467 3
5.70573 -12.8275 1.11136 -4.04508 -3.5094 -10.0424 -3.84568 7.17687 5.16381 6.78819 3
6.31924 -5.12626 -0.470333 -7.74269 0.288896 -0.574613 -9.06037 17.6327 5.76065 1.51371 3
6.04035 -8.86175 2.93549 0.868915 4.35207 -5.12368 -6.74674 2.03989 6.23354 8.24834 3
5.2946 -10.1961 -0.0851539 -8.51915 0.209117 -0.0876877 -5.89008 11.2797 0.00268928 4.35767 3
6.05579 -6.43545 3.40555 -3.02776 -1.28223 -9.08098 -2.86406 9.72451 12.0669 3.89195 3
4.69689 -3.56892 0.6118 -2.69926 3.26819 -9.11097 -6.76187 5.31664 -1.80618 6.96358 3
5.71448 -7.91119 0.376624 -3.00899 -0.798075 0.16044 -5.78782 15.8904 15.1259 7.97631 3
8.73666 -10.8845 1.99502 -7.23117 0.0144129 -7.16829 -2.93118 2.74943 9.46315 4.14087 3
7.2519 -5.45137 2.6243 -8.12626 1.53058 -2.83464 -6.47176 6.01513 8.39875 3.53459 3
4.39482 -6.42109 -0.71153 -8.19641 1.02462 -0.536109 -10.1195 11.9346 13.9969 6.78903 3
6.68848 -9.14514 1.85518 -6.18712 -1.20438 -2.69331 -6.21868 11.1534 6.95504 1.13203 3
6.4845 -11.9922 1.05124 -6.24852 -1.81441 -2.52477 -7.91424 3.47872 18.6812 7.24791 3
2.91984 -13.1273 2.19551 -7.40974 1.13764 1.0342 -9.91855 9.5628 0.0163055 7.17544 3
6.71879 -12.2246 -3.00065 -7.08727 2.59985 -7.1263 -8.13622 5.89694 14.6366 5.92473 3
7.30423 -8.66483 0.879512 -7.71234 -1.8915 -6.13488 -3.96068 4.057 3.44517 5.34017 3
7.4873 -8.47891 -1.45927 -4.39549 0.161725 -3.93494 -5.52141 13.1575 6.07876 4.01184 3
8.93511 -10.2672 1.67618 -0.955585 0.143933 -1.16749 -5.3614 6.48554 -10.0959 5.55987 3
6.02942 -14.2309 -1.12063 -8.5023 -2.25354 -3.61937 -7.48245 6.43324 -3.37127 4.92366 3
5.10391 -8.90817 1.9027 -5.70332 -1.67279 -5.13856 -2.79538 5.88758 16.9047 4.63168 3
5.30545 -10.6902 2.10116 -8.6607 -2.11015 -3.22377 -5.84215 4.31365 3.61687 4.95647 3
7.66201 -2.14925 -0.951813 -7.66752 0.32718 -10.7823 -4.3653 2.39748 4.13025 6.38022 3
4.65175 -8.4536 -0.0514297 -6.25379 1.031 -8.31186 -5.42409 1.53302 22.5531 5.99272 3
7.717 -12.4926 -0.728827 -3.72389 -2.90537 -6.45767 -6.73355 5.87422 9.37445 1.305 3
6.22955 2.57953 -1.17594 -7.22599 -4.83133 -6.82877 -5.0966 15.4439 11.4546 5.9215 3
6.6706 -10.1348 1.86825 -3.9817 -0.025194 -5.49828 -7.56319 2.42427 -6.41497 3.90747 3
5.18894 -4.64679 3.35421 -2.08105 -1.29012 -8.06576 -4.33777 16.2959 -2.89662 5.4446 3
4.99327 -12.6156 -0.100578 -1.96138 -0.260083 -0.97729 -8.18504 11.8224 7.24505 2.02972 3
5.07395 -13.7635 -1.94537 -1.88702 0.531928 -5.5345 -7.25456 13.7931 8.55312 6.79853 3
6.68573 -20.0053 -1.60601 -5.29634 0.188929 2.52146 -6.95999 0.229986 7.43326 0.856646 3
6.32434 -5.21729 -2.97327 -3.12966 0.661762 0.489417 -4.87161 6.1666 2.1934 5.80662 3
7.42599 -9.18431 0.638688 3.07784 -1.05717 -1.30634 -7.13952 7.06905 8.60634 5.96166 3
6.79006 -6.23435 -2.89189 -4.6879 2.9733 6.2806 -5.07746 6.66021 2.6984 1.88825 3
4.1652 -12.9959 1.08408 -5.60635 -3.73531 -17.7635 -6.36867 18.3006 -2.67183 4.8539 3
6.4033 -7.68603 1.50969 -6.52446 -0.472839 -7.14739 -5.4203 8.57576 9.73966 3.25539 3
4.37154 -8.33918 3.26898 0.163595 1.9704 1.81579 -7.31602 17.326 -0.822803 6.50793 3
8.71914 -16.2242 -0.124912 1.38326 3.44746 5.33126 -4.66298 10.8677 3.35164 0.122611 3
3.07304 -10.9976 0.884124 -6.90825 -0.319107 6.94451 -3.93982 3.03708 17.5486 5.44991 3
5.98368 -1.9934 1.76948 -6.81614 -2.8634 -5.16709 -7.18005 17.1616 9.09261 7.30996 3
4.10695 -11.9589 0.841902 -3.37471 1.16044 -10.7912 -5.86266 17.086 8.48985 8.45387 3
6.53699 -6.38491 0.781167 -2.4924 2.43574 3.2506 -5.81753 2.55655 8.46886 4.58236 3
4.27707 -13.2888 1.83842 -7.49279 2.99604 -1.97804 -6.06377 5.31046 -2.82595 5.83722 3
6.80548 -7.84333 1.89259 -0.32217 3.36317 -4.97119 -3.97436 21.4557 -0.528916 1.95833 3
4.63031 -9.96521 3.30053 -7.56456 -2.13965 -6.64903 -4.24737 21.0404 -11.5023 1.83323 3
7.76551 -13.0521 0.291512 -9.2145 1.71457 8.08372 -7.02109 10.7005 0.156862 6.62365 3
11.1488 -3.60983 0.425568 -8.86782 -3.57841 -9.02279 -8.63186 8.10401 -3.8888 5.10161 3
3.67895 -8.12954 -1.9693 -8.48742 1.99243 -7.09528 -6.83226 -1.10887 -4.76115 7.09382 3
6.86472 -13.2404 1.34925 -5.47173 -2.42147 -5.12507 -5.10598 19.3305 17.4197 3.75318 3
6.4729 -3.38067 1.13343 -10.3887 -0.283393 -7.95365 -7.71466 11.2696 -0.799177 4.39194 3
4.40493 -5.92269 -0.600974 -6.78537 -0.413945 -12.2376 -6.574 15.4896 -1.29575 9.06232 3
3.84437 -5.96118 0.566646 -2.81325 1.26603 -7.19762 1.01498 0.849405 -1.16963 5.07761 3
4.38906 -9.21233 -0.457702 -4.69638 1.47419 -4.28395 -6.28025 3.10428 7.57561 5.46833 3
6.08098 -10.0885 -3.1672 -5.30237 1.96362 6.15128 -6.74128 8.61154 -0.196758 5.55243 3
1.45657 -5.32184 -5.26967 -3.8616 2.53541 -9.04604 -6.15808 13.7714 3.76983 5.1392 3
6.67384 -10.8753 0.843607 -6.23875 1.8849 -13.7965 -5.79 14.1201 -2.90243 3.02097 3
2.8277 -9.55037 -1.98899 -8.64673 -0.0813421 -13.9426 -4.24708 12.2674 15.3729 9.52899 3
8.2378 -15.8502 1.36657 -6.91349 -0.653813 5.95418 -6.35426 22.0276 17.7075 4.12199 3
7.30607 -8.56239 1.42386 -7.77326 -0.257828 -3.80078 -5.18163 5.78863 9.4353 1.53215 3
8.17124 -11.1319 0.713783 -2.64848 -1.16884 -0.619306 -5.50697 12.3764 1.09014 3.23189 3
4.32004 -0.0473594 3.40947 -5.37138 0.0711172 -8.86535 -6.1975 9.56103 -4.3074 6.78883 3
6.25037 -5.26353 0.138699 -7.98163 -2.01632 -2.16949 -8.37194 3.87387 6.56956 4.29884 3
6.23364 -12.429 -0.799744 -7.00555 -0.818993 -13.0799 -4.72283 12.7188 -1.06208 5.64311 3
7.25253 -15.1546 0.956025 -7.67058 -0.0784531 5.12967 -6.06786 19.9725 6.5155 7.35783 3
5.84139 -11.5086 1.5133 -5.79969 -0.900152 -10.2554 -7.17155 23.5108 -0.364387 9.15142 3
6.81951 -11.5633 4.55732 -2.41992 -1.03184 -6.08253 -4.8814 10.4193 -2.09602 6.09173 3
9.13695 -13.7264 -0.0363606 -5.55214 1.93441 3.30122 -6.70739 6.28801 -3.22061 4.42749 3
7.65008 0.995094 -0.282391 -0.802583 1.75663 -3.1288 -5.11282 14.5897 3.5635 4.65887 3
4.74186 -12.1728 -0.114071 -12.077 -2.77868 -15.4555 -7.09766 7.66172 6.66534 2.0196 3
6.45992 -12.1498 0.123934 3.72825 -2.5877 -3.241 -9.09528 18.8897 0.309837 9.41116 3
6.36764 -8.2402 -3.27442 -5.78747 -4.31009 -5.71334 -1.93045 5.21241 3.81689 8.69738 3
8.94669 -5.37338 2.12413 -1.20821 -0.971861 -4.13824 -5.57243 6.17198 9.04063 2.52331 3
7.4339 -11.3078 2.29375 -6.92965 -0.766277 -14.2705 -2.80706 23.2618 4.12293 4.20626 3
4.00462 -6.71799 1.78517 -2.38264 -0.622642 -1.61427 -7.11963 10.9299 3.87265 3.15802 3
4.53932 -10.7324 0.648497 -4.54134 -1.38101 -4.35111 -4.68186 6.91882 -4.61866 8.76159 3
8.07737 -9.41435 0.947198 -1.65009 -2.48261 3.44353 -5.31888 5.36656 -1.15326 7.00464 3
6.21085 -12.2403 3.26576 -6.83295 3.25539 -5.21273 -6.98875 16.6658 2.6302 7.03281 3
3.56875 -10.6267 -0.379096 -7.13752 -1.10673 -3.1302 -3.22761 9.63532 1.03176 5.58447 3
2.28495 -6.86894 1.44625 -5.52836 -1.56698 -11.4701 -4.6303 12.0617 1.96598 6.31728 3
7.22887 -11.9273 -0.463111 -6.18256 0.235526 1.57526 -7.86789 8.63581 -5.64076 3.65782 3
4.20076 -5.88789 1.77376 1.64513 -0.287652 -12.2914 -4.64125 9.31245 7.20415 8.29639 3
6.45036 -5.72164 2.142 1.82954 -0.327182 -0.829861 -3.9705 6.73914 19.0513 6.76604 3
5.26032 -2.69989 -0.0562106 -7.06227 1.67295 1.38722 -8.43971 -3.22432 -3.3863 9.93029 3
5.47221 -2.05731 4.04375 -7.42251 -2.53827 -11.2371 -2.92474 -0.761327 0.457539 2.60004 3
5.54906 -10.8355 0.421625 -11.1262 -0.00556216 -5.38798 -8.35335 10.081 4.00854 13.1903 3
6.38565 -15.8835 3.00729 -4.46402 -1.35045 -8.60573 -2.9152 7.71506 4.28745 7.17524 3
8.65872 -3.78469 0.177972 -5.42631 -1.2829 -8.45026 -5.72483 13.7801 0.979115 3.53894 3
5.97372 -3.20249 0.331836 -4.87236 -0.550428 -6.00783 -8.24381 17.0199 -9.10866 9.68872 3
8.10902 -1.94483 -1.82966 -5.24066 -1.07569 -0.459067 -7.96486 0.596167 10.946 9.116 3
6.68405 -4.58481 3.59315 -7.78103 1.30687 -4.27446 -5.36174 6.60101 13.6662 3.89915 3
4.94077 -7.10698 1.41752 -3.15897 2.60964 7.0648 -5.19151 12.9579 2.44528 5.76107 3
4.74046 -16.3839 -1.32873 -9.48533 -1.53596 -8.10405 -9.70272 9.99141 1.63935 5.54672 3
6.96272 -7.24289 -1.00151 -2.70404 -0.260742 -7.31218 -3.89523 14.2851 2.55476 1.58902 3
10.842 -15.6845 -3.3125 -12.7322 -1.1322 -4.28282 -5.30923 12.8755 3.9088 -0.844017 3
6.48098 -11.9589 -1.45445 -8.50822 -1.39114 -8.28314 -4.76378 7.39482 11.1059 5.27775 3
6.14594 -12.5054 4.03947 -8.01263 -3.03882 3.61112 -5.31371 1.51775 5.8335 5.30359 3
5.87048 -7.43235 0.846049 -2.7307 -2.55497 -9.9763 -4.61443 8.43164 -9.42337 4.947 3
7.94637 -10.1773 0.0782475 -5.13336 1.64678 -6.64811 -6.21684 -1.2242 6.89974 3.91538 3
6.09023 -8.47348 0.908711 -2.78329 -0.671451 9.97534 -2.98245 16.375 4.57347 4.68955 3
5.11822 -12.363 0.302096 -4.47335 1.27699 -2.27468 -3.81829 12.777 -9.18062 7.20178 3
6.97654 -8.59144 5.48666 -3.27781 1.92309 -17.9318 -6.18457 7.55706 -10.4753 6.49611 3
9.1604 -11.6072 1.50275 -5.93664 -0.175085 -1.41164 -7.45005 3.83019 16.2718 3.2093 3
8.99139 -10.816 1.5941 -12.0091 2.14647 -7.40863 -5.46538 5.15143 -0.432345 5.83187 3
7.08493 -11.4682 1.22518 -6.3596 2.1672 -6.85201 -5.38535 -0.153673 -1.50404 5.5467 3
7.18617 -10.5116 -0.31584 0.349413 -0.502896 3.41038 -9.19562 2.19856 -3.96518 3.2588 3
5.15142 -12.3592 -0.431219 -2.62673 -0.218623 -11.7786 -8.47633 13.8732 2.35148 7.00694 3
5.41046 -6.96274 0.858684 -10.8701 3.80033 0.702392 -6.97379 19.5918 -7.20722 3.88587 3
7.12664 -6.36199 1.23013 -8.2371 0.550279 -5.76703 -8.04873 4.70241 1.14775 4.1966 3
7.22155 -1.54456 4.28411 -8.56121 3.46366 -11.124 -5.15356 7.21694 -4.40674 3.39007 3
6.40544 -14.0635 1.66749 -9.64323 -0.36123 -0.209919 -8.75344 -2.36322 13.3728 2.63205 3
6.66398 -6.34557 0.143202 -4.1662 -1.71711 -2.41848 -4.25767 13.8658 3.1135 5.85456 3
7.4284 -14.875 1.5053 -9.50201 0.17183 -13.5325 -2.07232 7.86791 -0.164831 2.01032 3
5.47882 -5.53031 6.09684 -3.26736 0.934951 4.02493 -6.9535 25.0968 10.745 6.32592 3
3.38894 -10.7818 3.86632 -3.19703 -4.64855 -0.250634 -9.19896 8.84003 2.70822 9.30987 3
4.4411 -6.23621 4.75898 -3.27006 -2.18511 -13.0847 -6.05028 11.6151 -8.16328 5.73427 3
6.69806 -12.7064 0.360775 -4.98501 0.939377 -10.4198 -8.60457 8.16102 13.1228 9.25742 3
5.67875 -16.0867 -0.411189 -7.13905 -3.35385 -8.93703 -8.59625 14.47 2.89418 7.61106 3
8.35747 -16.1699 3.01003 -4.62246 2.70395 -6.09621 -6.49437 17.0505 8.50793 4.07541 3
5.23548 -9.20247 0.00689865 -4.81235 -0.372796 8.84038 -9.95915 6.53466 0.939879 7.21269 3
7.87901 -10.7627 1.82888 -4.14709 -1.94859 -8.26642 -3.74046 9.06183 3.65719 4.05493 3
4.83593 -8.68919 -1.59954 -6.97641 -1.27713 -8.43144 -5.11681 17.7058 0.106361 3.97535 3
6.23561 -6.93663 3.98854 -3.40542 -1.38971 -10.0757 -1.96285 22.4643 12.3989 5.71545 3
6.35352 -8.52853 1.69427 -2.75147 -0.116931 -1.83743 -6.35374 16.0241 -2.89048 5.03438 3
5.74084 -12.8776 2.65231 -6.22121 2.517 -9.79311 -5.55441 11.1378 0.553166 4.04225 3
2.87166 -12.2213 0.68311 -7.31138 -0.644158 -7.94728 -4.84024 22.9194 3.44581 5.53642 3
5.71209 -8.93749 -0.142953 -7.51212 0.227263 -14.2884 -3.49519 12.7073 0.16872 2.00854 3
5.93405 -6.89744 -0.412053 -7.1881 1.1237 -6.56543 -7.3908 3.53197 -5.98464 3.9324 3
5.26779 -10.9901 -0.512192 -5.50354 1.64947 -3.22207 -2.85533 10.6629 3.57954 4.51989 3
8.70571 -3.71983 -1.23134 -5.50984 1.60049 -9.79968 -7.07127 14.428 7.28631 4.52359 3
7.23399 -7.55032 1.12408 -4.28103 -1.38379 -0.534378 -5.51724 6.51118 11.0442 3.16209 3
4.11069 -6.07162 1.47276 -8.29458 -2.24302 -4.28801 -6.29791 4.61942 0.0416173 1.36666 3
4.71105 -11.084 2.09686 -6.2095 -0.132105 -15.9672 -6.88631 11.7662 13.8177 5.44577 3
8.96139 -2.32301 0.349854 -1.22235 -2.27422 -0.665513 -6.03679 16.9256 2.21913 7.57043 3
4.67656 -11.6431 1.14634 -8.48855 2.18177 3.97475 -3.87605 2.1789 1.39962 3.42498 3
6.33311 -12.9227 1.87722 -2.56641 -4.08728 -2.00312 -6.02494 13.632 11.3866 3.53429 3
8.25437 -5.20598 1.73883 -2.64308 -1.8486 1.78606 -7.1509 6.88761 3.70105 2.05959 3
4.0427 -21.1976 -0.223605 -7.03724 0.395457 0.0769172 -5.99721 9.29274 7.3162 4.99713 3
6.98937 -12.8418 1.26834 -13.1285 0.791478 -18.6791 -6.72281 15.4682 -0.210119 4.10415 3
7.63969 -5.95281 1.40025 -1.21378 -6.93202 -5.83228 -5.05236 10.14 6.89366 3.76087 3
6.62717 -3.67912 1.2062 -12.0089 0.423179 -7.85176 -6.18434 -3.34184 -8.29009 4.24707 3
7.46221 -13.5661 2.73069 -3.23691 -2.17866 -1.21333 -3.91614 19.9137 -2.49287 3.28889 3
7.87419 -6.95666 -0.305206 -11.6728 1.42723 -3.72934 -8.70468 9.38554 -3.14606 -0.829991 3
5.9873 -7.1765 1.69655 -12.2908 0.383774 2.60914 -6.85042 5.93284 8.39999 8.84872 3
7.27478 -11.9372 -0.856777 -9.39307 -1.13545 -4.14472 -4.17877 12.3285 2.64799 1.07262 3
6.02184 -6.26336 3.29686 -7.04717 0.211002 -1.84492 -4.77682 5.79836 3.33891 10.5206 3
6.467 -8.37722 0.208257 -4.31631 -1.03028 -11.7713 -3.82538 11.3431 1.53784 0.401929 3
4.22122 -7.90094 1.17725 -3.92749 -2.69399 -4.41878 -9.29509 5.83381 10.8115 5.04561 3
5.72931 -7.1566 0.439561 -1.30626 -1.45693 -12.0463 -5.18813 11.3442 8.68604 3.46417 3
5.85831 -7.89669 -0.264931 -7.07829 0.509508 -2.28144 -2.23913 8.05017 4.87606 3.79582 3
2.4711 -4.65511 -0.559974 -2.47617 -1.59361 -12.2063 -4.04551 16.8138 -6.90416 7.8875 3
9.53399 -11.0291 2.47961 -2.20697 0.342848 -9.17366 0.719404 13.4841 10.6255 4.36659 3
4.89331 -5.47744 0.945253 -1.70325 1.55132 -3.28072 -3.67674 -2.68403 -6.35277 1.52059 3
6.47876 -6.48925 2.54426 -11.617 1.231 -7.51602 -9.15517 4.31678 5.84569 6.62466 3
7.7527 -8.36651 -0.937114 -6.31385 2.74889 -9.7033 -3.87115 7.84052 -3.45898 2.26995 3
5.48817 -8.47004 0.764476 -8.52407 1.54214 -4.86756 -6.80881 9.31063 8.11573 5.73578 3
8.43329 0.301831 0.821001 -0.735696 -1.71358 -11.9478 -6.0795 8.33325 -0.360809 5.427 3
5.80023 -6.64961 -2.1563 -2.35292 -0.692229 -2.56957 -3.37622 13.8606 -7.57177 3.67744 3
4.38196 -10.5082 -0.314346 -4.36766 0.574076 -9.58723 -7.49132 10.3409 5.77621 9.03515 3
4.33078 -9.64547 1.363 -4.13753 0.369624 1.91037 -5.09917 14.7054 4.32895 5.57582 3
6.23332 -12.6347 0.657066 -2.79099 0.829823 -2.94554 -2.81575 13.3298 10.29 7.2969 3
5.10244 -16.9228 1.9525 -12.4326 -0.913476 -8.24421 -5.10046 13.4879 5.18317 6.61419 3
5.87837 -12.0749 0.799783 -6.73424 -0.77718 -2.84218 -6.22363 11.2125 4.2298 2.68827 3
6.50238 -6.94692 -1.1145 -8.39875 0.35297 -4.44361 -8.27672 5.38648 5.21672 5.5146 3
5.38347 -7.8336 3.71289 -0.238309 0.30733 -13.2121 -6.22728 12.308 -2.5311 4.62468 3
4.04902 -13.1861 0.438623 -11.0603 3.15046 -5.04786 -5.34899 5.49373 -0.714635 5.37293 3
7.47297 -8.25621 1.62764 -6.07512 0.0674922 1.63401 -4.67052 5.11682 0.735133 6.11871 3
7.84306 -8.7882 6.69224 -4.25854 -0.589466 -15.1548 -4.89159 12.4813 0.524365 2.17645 3
7.073 -7.12611 -0.822383 -7.94683 2.84225 -1.25767 -4.47528 20.6624 8.38352 5.9249 3
4.771 -12.3037 1.90059 -8.98428 -0.383751 -6.53294 -6.32421 18.248 1.17621 6.81905 3
5.4497 -5.60304 -0.446204 -2.05925 -1.12067 -16.2084 -3.86653 -1.5304 14.5998 6.94059 3
7.30476 -6.1488 0.569716 -8.24054 0.173492 1.80955 -6.71709 8.51195 4.48065 6.1871 3
8.707 -12.5108 0.946256 1.25536 0.477411 9.20269 -2.23503 19.3371 -1.16873 2.70269 3
4.44454 -15.0484 -0.319617 -11.4074 -0.830231 -7.97589 -9.02751 8.93294 11.4542 6.56034 3
5.61975 -16.5529 -0.685629 -9.51005 -0.138044 -22.5732 -6.99304 -2.03627 1.80774 5.00467 3
5.91862 -15.1399 1.06362 -2.56843 -1.32737 -11.376 -4.70504 5.4321 -5.96037 6.61596 3
4.83612 -5.95747 -1.67656 -9.75321 2.74388 -3.00374 -8.53952 21.5412 -0.869256 6.32588 3
10.3272 -11.9152 2.99533 -6.6104 0.61977 -3.14655 -6.18005 5.73351 10.6142 1.31553 3
6.72397 -9.40398 -3.59023 -6.80208 -0.669625 -9.41656 -5.61184 9.22193 5.90306 3.53259 3
5.47636 -5.89832 -1.35693 -1.39198 -2.09199 -2.56595 -7.87667 6.57458 -0.0720809 6.48891 3
6.6555 -1.47391 0.598617 1.36282 -4.12262 10.9679 -4.76738 9.77981 28.7543 7.4968 3
7.5903 -8.95586 -2.46213 -2.65164 -1.39417 -9.56561 -5.08002 8.68897 3.04131 2.25037 3
7.11038 -9.81495 -0.880349 -9.01712 0.683589 -2.37046 -6.492 7.94662 9.61453 4.07899 3
6.62905 -10.9493 1.73243 -0.925644 -1.38627 -9.50533 -4.06478 9.37414 12.2835 3.34354 3
5.66106 -4.54756 -2.47596 -12.7326 -0.540539 -2.58382 -8.06324 11.4031 5.77566 3.90808 3
5.95654 -5.68994 -0.848308 -2.1642 -3.02274 -4.51527 -2.93947 20.2673 -2.9917 4.74439 3
5.42581 -11.7168 -0.557335 -5.61752 -1.83488 1.58673 -3.18634 11.0244 6.97573 3.34897 3
6.73604 -14.1196 0.291785 -4.80063 -0.479326 1.47629 -6.58589 14.6398 1.37799 4.72469 3
8.73999 -3.50584 -3.28462 -4.7109 2.32024 -5.87551 -8.82916 12.6101 -4.95399 4.82604 3
8.572 -15.5695 1.14324 -4.4447 1.82835 -13.9804 -3.74865 11.7817 18.7887 6.13104 3
4.57604 -13.7087 1.91706 -4.62915 1.53759 -4.91573 -6.08154 14.1004 -3.37891 6.66415 3
4.4411 -10.9108 0.911159 -11.3283 -0.0985531 -9.68998 -7.21365 12.1088 2.56549 5.58867 3
7.94723 -8.68039 1.82173 -12.5701 -0.282122 -11.0664 -3.84385 18.4089 8.94739 2.33268 3
4.62297 -9.50984 0.0113269 -3.96797 -0.817856 1.7875 -4.14147 18.66 14.0288 8.17063 3
6.62566 -9.48968 -2.45083 -6.27151 -2.40133 -5.72299 -8.57777 14.238 12.8398 5.6209 3
4.16962 -15.3751 1.89096 -6.75107 -4.17127 -7.08887 -5.45083 8.0625 -0.515665 6.31678 3
7.09752 -11.1841 2.50711 -7.03349 1.60106 0.23207 -7.52807 9.53018 6.00751 3.7274 3
11.4688 -8.15232 -0.938961 -6.03587 1.91782 -1.63035 -4.41648 6.68134 8.53171 6.0376 3
3.66903 -8.59242 0.30527 -3.28672 1.59734 4.67407 -5.03755 14.1005 -11.6368 6.00221 3
6.84013 -10.5097 4.11594 -5.87991 -0.487292 -13.1809 -5.26647 17.2749 12.2783 7.22534 3
3.53138 -8.87036 0.655094 -6.50233 3.23957 -4.73241 -7.39345 1.63713 0.861858 3.88488 3
4.13247 -5.66318 0.98498 -7.69777 -2.94923 -2.587 -8.08078 11.1505 12.3453 1.85706 3
7.06517 -6.58713 0.0461586 -9.57594 -4.18596 -9.63912 -7.78528 5.2418 -3.40716 1.2773 3
5.33894 -9.80119 -1.3993 -10.2709 -2.82096 4.19558 -4.11113 12.1935 -1.31835 6.3071 3
5.14739 -13.2841 3.82808 -6.61046 -0.0139954 -12.0093 -4.20268 4.14418 8.57758 4.83482 3
8.17919 -10.5263 -0.167672 -6.24587 0.434671 -11.101 -6.21314 9.29464 3.52783 7.63868 3
4.51286 -2.93114 -0.0302518 -6.1023 2.46174 -2.39197 -5.85674 6.47668 7.69434 9.93045 3
4.69245 -16.5093 -1.12338 -1.15207 4.59291 -0.0804217 -5.72613 18.405 -3.44679 2.8828 3
7.06048 -13.8326 -1.46008 -5.67652 -4.04014 -0.976369 -5.8826 11.8495 5.43226 6.70102 3
6.56887 -6.64001 -0.150729 -8.80581 -2.19335 2.44073 -8.15672 13.2681 6.47965 5.24259 3
7.70115 1.71282 -1.41266 -2.67752 -2.46977 -5.38896 -8.52632 10.7762 2.54357 5.55529 3
3.01947 -9.06664 0.371555 -4.88439 -1.80466 -1.09735 -7.79571 9.23122 8.34382 7.79434 3
7.92489 -7.96007 1.36914 -8.45477 -0.141131 -4.10056 -6.32719 10.9695 7.17055 5.87399 3
7.00856 -13.754 2.59629 -9.97445 -0.842167 -10.946 -4.2176 12.3725 -8.78868 5.00298 3
6.35087 -17.4911 -1.29589 -10.3233 -3.76014 -1.59567 -5.83792 14.01 -10.1897 9.98923 3
5.81346 -0.109104 1.36228 -5.71352 -4.21996 -3.52673 -5.0328 13.6874 3.78491 6.67014 3
5.56451 -13.0149 0.658596 -7.03191 -1.75491 -16.2648 -4.96945 17.3754 17.6746 4.04275 3
5.09237 -5.68773 -0.775492 -4.45643 -0.918055 2.38218 -6.09858 6.54043 5.26406 3.29431 3
7.54354 -9.04019 0.109502 -6.22978 -1.66326 -9.4111 -7.55184 11.8841 -11.6603 3.64996 3
6.36997 -14.9068 1.25002 -9.8825 -2.75561 0.16172 -3.78985 3.53935 1.48086 4.14538 3
7.11494 -5.94125 1.69027 -4.05299 -2.01944 1.40939 -5.79632 13.3805 14.723 6.15964 3
8.41743 -8.98732 -0.778584 -8.0707 -0.410931 -5.22537 -10.0594 4.35199 -3.39667 6.29139 3
8.50109 -10.6979 0.777123 -7.36515 -0.970739 -10.9797 -6.46362 18.3478 12.9054 4.14304 3
5.77383 -6.98358 -0.713908 -3.26232 -2.17519 -4.62317 -4.68265 10.5126 3.48179 3.81054 3
5.25419 -15.9997 -0.149372 -1.10565 -0.220816 -1.23269 -3.5633 -6.38898 7.44027 4.74447 3
5.67818 -8.46375 0.830921 -6.57021 -2.91483 6.70324 -4.68198 16.8939 13.4088 2.93912 3
5.7847 -15.0136 3.2889 -6.79743 4.13522 -4.69019 -4.22124 22.6729 14.4147 4.41664 3
8.57208 -14.9815 -1.27118 -3.32203 -1.10168 -1.74384 -8.42748 12.2368 -7.29565 -2.07854 3
7.66751 -13.7755 0.10233 -0.893554 1.104 -7.86106 -5.02084 0.419954 1.55084 4.31122 3
7.8742 -5.09482 2.61816 -7.59951 -0.278007 -2.26953 -7.49841 9.899 4.08702 2.57792 3
3.93255 -11.8181 0.20212 -1.8395 0.104489 -12.875 -6.93264 4.85753 -5.39962 4.21501 3
5.12717 -9.45559 0.42328 -11.7752 4.59262 2.29565 -6.96591 1.1009 9.50717 5.84368 3
5.01062 -8.25208 0.0690034 -6.38055 -0.0247611 2.12899 -6.93308 13.9861 -7.69762 6.39311 3
2.95544 -14.0217 -1.83228 -5.28759 -1.61559 -12.0937 -5.36099 10.885 2.7299 2.42703 3
6.08328 -10.6968 -0.675114 -6.77293 -3.9704 -12.5243 -4.24835 15.862 11.4214 6.48984 3
4.43043 -10.2193 -1.04542 -3.87452 -1.60498 -5.02446 -3.67304 13.3545 8.0097 6.74013 3
7.7461 -13.7815 4.13466 -8.71128 -3.44048 -5.38574 -5.79322 10.1103 4.3638 3.5037 3
5.25627 -13.3045 0.679439 -19.1036 -4.06976 -1.06558 -7.40576 14.0266 0.136713 4.41456 3
6.48277 -13.1569 0.830527 -1.58257 -0.610116 -2.63983 -1.02372 12.9611 5.86942 3.51014 3
7.50153 -10.4551 2.12664 -4.76893 -1.03087 -16.7647 -7.17823 16.3975 7.59123 5.10455 3
6.37406 -1.95924 1.4437 -4.5711 2.53147 -13.6159 -5.79352 9.45483 13.0356 5.48503 3
7.51393 -17.5861 0.29391 -6.59681 0.212076 -7.32917 -3.96182 15.5176 1.59341 5.11547 3
4.67277 -6.54206 -4.20207 -7.76192 -1.59786 -1.63132 -7.33419 8.16373 5.24751 -0.183424 3
7.55048 -8.19353 0.698942 -10.6995 -1.68504 -4.2494 -6.55996 12.6216 -4.9838 5.32382 3
5.33859 -9.26873 2.33045 -6.17592 -0.709326 -8.03795 -4.88239 20.2297 -3.74493 6.58414 3
6.34037 -9.78471 2.559 -5.00872 2.12954 -12.1129 -4.11208 11.4925 -5.00216 6.09761 3
5.77694 -11.5055 -0.126573 -7.16035 3.22435 -8.43696 -6.18373 20.1403 -0.119589 5.37566 3
5.75104 -11.8046 1.14345 -4.78602 -2.35616 -10.0545 -5.98262 14.2206 8.75903 4.05445 3
6.9966 -9.61883 -2.01258 -9.88344 0.745379 -6.59205 -4.86511 2.89413 -4.03619 6.87015 3
5.11471 -11.1782 0.864165 -3.90831 -1.58199 -9.73284 -8.33494 9.31957 -1.11784 3.65532 3
7.00077 -1.75094 2.92416 -7.49655 0.750872 3.48354 -4.68512 8.85327 10.1954 5.09675 3
9.69572 -3.40651 0.630491 -5.61694 -2.06857 -0.277835 -7.7344 4.55464 -3.82341 2.71954 3
10.4289 -4.18758 4.57186 -4.87742 -1.02558 -13.4605 -6.87134 5.11846 2.59233 4.66791 3
4.67231 -14.2734 -1.52951 2.34458 -1.40952 -11.8265 -9.04373 2.32651 -1.35277 6.05749 3
4.61618 -5.86764 1.19752 -2.17705 -4.34031 -2.54932 -4.96632 18.2105 -12.508 5.40194 3
7.0898 -7.38155 -2.27719 -6.0811 0.653554 -2.57301 -3.61457 9.9245 9.99415 4.27932 3
5.06432 -14.5441 0.508013 -4.60382 -0.273431 -1.62903 -9.39373 19.3542 5.03169 6.13211 3
6.53585 -10.7705 3.01543 -10.0589 1.53264 -0.99191 -5.46685 10.4676 2.19825 3.27295 3
7.702 -8.01215 1.87589 -4.61109 -1.83567 -7.79356 -7.4405 13.9215 4.40323 2.19647 3
3.75601 -12.2531 0.782267 -9.25733 0.193622 -6.73623 -6.49602 8.30658 1.00977 4.95917 3
9.14785 -5.12872 5.264 -6.16907 -1.20192 -3.2489 -6.63756 15.2643 -1.26028 6.38432 3
8.56132 -14.3926 -0.328052 -6.0781 0.529759 3.20988 -5.31248 6.4446 4.17731 4.22873 3
7.38154 -10.1386 1.16537 -6.66608 1.09839 -4.70401 -3.26217 -1.80361 10.916 4.86292 3
7.46747 -8.88717 2.08597 -3.57809 3.44961 -2.21137 -6.08625 3.31219 4.67171 6.73251 3
4.05869 -7.78145 -0.592106 -4.99351 0.728697 -12.9436 -7.80073 7.96013 3.23363 7.85633 3
2.48005 -9.72757 2.7403 -9.13406 2.0353 -1.50091 -7.65978 17.0094 -3.89985 5.31478 3
6.39914 -10.0686 3.40368 -2.82912 -0.670818 6.75441 -6.9779 -0.88215 11.2251 4.58705 3
5.70563 -15.5384 -2.8461 -5.32711 -1.31685 -10.519 -6.24616 14.8837 4.97523 3.67793 3
7.37165 -10.2948 1.47807 -3.26129 2.4419 -11.2186 -0.216121 5.22699 17.0102 2.23487 3
2.06484 -8.05886 -2.21272 -7.74589 -2.57297 -10.1251 -4.19487 17.3318 1.5807 4.49751 3
9.3619 -8.61378 2.05432 -7.2578 -2.05371 -4.12224 -2.48263 6.55975 9.45431 -1.82703 3
7.06244 -9.87249 -1.00712 -3.0715 -2.31475 1.62957 -4.22908 8.27712 6.28203 3.7643 3
4.74158 -14.52 -1.90292 -2.34992 -1.85293 -6.82727 -4.18183 15.1092 5.78889 6.10395 3
6.69439 -16.1118 2.54152 -7.02871 1.29241 0.923349 -4.66321 3.58473 3.58114 5.11497 3
5.60033 -16.6923 -2.77547 -4.34315 -2.16483 -4.4212 -4.28529 0.923706 14.3912 2.8675 3
9.7595 -10.8072 2.30153 -4.22469 -1.6864 -4.70699 -6.72265 8.90939 -3.61287 3.47552 3
6.68267 -12.3566 1.90894 -6.33788 -1.23338 -1.67936 -4.58371 8.37913 -6.69408 4.46056 3
9.00177 -7.71548 -1.76556 -8.11506 0.692471 -10.7682 -7.41255 7.96164 12.0005 7.09883 3
5.21106 -7.58045 0.140211 -5.43858 0.720547 -4.12439 -3.12241 11.8105 15.0592 8.77198 3
3.66684 -6.57822 1.72892 -7.11429 0.0225866 -4.81967 -3.51916 4.62641 3.44064 6.12617 3
7.75379 -7.09845 0.171448 0.254834 -0.6142 3.17016 -7.33249 5.28255 15.0775 6.21123 3
7.0407 -6.91187 3.31135 -4.73884 -1.95489 -1.75484 -6.71847 18.8874 -0.305868 6.12238 3
6.99941 -8.65385 0.167927 -9.56716 -2.97954 -9.36527 -6.24971 -0.0725464 6.53145 3.08212 3
5.28248 -16.1485 1.7925 -11.6308 0.795293 -8.12304 -5.28203 4.41446 -5.78874 6.10764 3
5.66755 -12.6501 -0.352732 -3.39174 -1.29406 -7.27898 -6.15177 -0.373 6.46017 8.14624 3
6.33689 -11.5419 0.145393 -13.3051 0.977823 -4.68448 -7.44302 3.81694 15.9457 5.04498 3
6.90001 -11.7679 -0.0510104 -5.6447 -4.23002 -5.22063 -6.00851 5.85362 12.2537 3.22046 3
6.62722 -10.9169 0.859213 -3.43471 1.69754 -0.422208 -6.38577 12.1745 8.33638 5.47513 3
5.06806 -5.86684 3.91851 -3.63942 -0.888715 -1.88211 -4.64914 12.0087 1.55807 4.94665 3
5.8622 -9.37556 1.71462 -2.25767 -0.384373 -3.60433 -4.70296 6.91169 3.77058 6.04469 3
6.56193 -6.39291 3.57603 -3.53914 -1.18003 -1.09073 -4.67975 8.37832 -0.451173 1.74624 3
4.71384 -4.52016 0.230021 -11.6915 -0.627592 -3.77036 -10.1048 10.8064 -4.6685 3.12089 3
5.08169 -9.61118 -2.13066 -12.1584 2.0806 -4.00849 -6.64442 4.29165 10.0348 9.49704 3
3.88327 -9.68316 2.11776 -6.74697 0.691379 5.03993 -7.62913 18.045 7.24539 6.7566 3
5.14463 -6.19993 1.22903 -6.7367 4.13651 -6.97451 -6.45251 5.13694 -3.63459 6.02593 3
5.72743 -10.0802 -2.55405 -7.49385 0.862879 -11.4595 -6.20574 9.20027 0.681227 3.48497 3
4.39564 -14.0498 -0.163113 -7.03507 -1.27664 12.6585 -8.22114 12.7705 3.27006 7.51408 3
4.33072 -10.8038 -0.663738 -3.17027 -3.13744 -6.3759 -8.26326 17.4828 0.249809 7.76216 3
5.10427 -15.6956 -1.90841 -8.34374 3.27399 -2.01632 -6.04315 5.92466 -15.4088 3.92919 3
3.32793 -10.5655 3.12709 -0.343088 2.06951 -11.0949 -6.142 16.665 5.00831 3.70842 3
7.61552 -8.69945 1.45382 -1.27295 -1.30029 -4.48435 -2.70518 14.1551 21.1355 4.34143 3
7.35825 -10.9429 1.79779 -11.5172 0.388355 -4.16949 -6.87709 6.09794 10.5374 5.99508 3
9.13959 -17.0675 -1.07803 -7.06842 -2.7053 3.24509 -5.57538 3.30314 4.12294 4.17947 3
6.21861 -14.5031 -1.68893 -5.0411 -0.455795 -6.46304 -5.83967 3.57438 5.78491 7.22981 3
4.38718 -9.04598 0.217746 -6.7662 -1.10733 -2.98292 -4.17359 10.399 1.65568 4.63793 3
6.68897 -6.13582 2.89656 -8.59088 -2.17257 -1.37255 -8.56705 7.57817 1.69362 2.48068 3
7.70011 -4.53405 1.15821 -6.38879 -1.05307 -7.62472 -5.89698 4.17348 -2.75778 4.88168 3
8.84793 -6.08411 -0.451455 -7.66286 -1.61916 -6.81003 -5.02992 3.34796 -0.380236 4.06454 3
5.08424 -7.39687 0.69491 -10.9586 0.0352623 -0.849845 -7.59736 1.54292 7.16259 4.4463 3
5.84054 -15.3085 0.986723 -11.3754 0.273603 0.559765 -4.97807 9.51137 -2.49912 3.88056 3
6.05784 -12.2159 0.0272484 -6.90494 -3.79063 7.52161 -8.7603 5.044 0.963409 6.60427 3
5.90008 -3.10692 -0.25493 -3.46186 -0.781079 -5.81658 -5.75295 10.2135 5.73601 4.67709 3
4.08117 -12.0686 0.954028 -4.59671 4.76323 1.29465 -6.01884 8.43101 1.99541 6.70644 3
7.09459 -7.73689 0.651946 -4.99492 -3.41029 1.11547 -4.5071 18.09 -3.93963 4.56623 3
6.28133 -15.0002 -2.01585 -14.389 -1.65905 -11.8946 -2.81578 10.5605 9.09675 4.04222 3
5.93059 -8.52456 -1.49413 -4.27136 0.962404 -7.67183 -3.10586 11.2477 9.13975 4.84795 3
8.38684 -14.8656 1.05096 -1.08821 3.59901 -0.316391 -4.08644 13.9051 2.71804 0.917811 3
2.50836 -9.23428 -0.38434 -1.10115 -1.94102 -0.438276 -6.27968 11.3241 7.09175 4.53927 3
6.39354 -5.34988 -2.10904 -9.25978 -0.453987 -9.45821 -5.63882 19.2785 4.28086 6.32409 3
6.07345 -16.5657 0.566121 -8.61754 1.36069 -10.2498 -6.71558 13.6979 18.0222 5.29627 3
7.36929 -16.6221 -0.384241 -11.7057 0.543053 -0.391314 -3.4113 4.42826 18.9919 3.02787 3
8.95876 -11.2964 1.73499 -6.8232 -1.46371 6.87547 -7.30671 7.46152 6.35283 2.9204 3
8.92327 -12.785 -0.618964 -2.88577 1.26124 -2.30539 -4.15156 17.2714 4.42853 3.63061 3
7.71178 -9.70466 0.68622 -16.625 1.59654 -0.185959 -4.57095 0.360606 -5.49102 5.25743 3
2.39543 -5.6769 2.46096 -6.10311 -4.83621 -10.2558 -5.57052 5.43589 10.7545 4.27381 3
9.48766 -5.94843 0.270723 1.28214 -1.57666 -4.94729 -8.18897 15.3995 15.4871 8.94126 3
6.8536 -2.5593 0.657545 -8.12279 -1.82179 -6.75738 -6.97589 9.63325 -3.51273 3.10458 3
3.14965 -13.1388 3.00344 -2.69964 -1.40909 3.93054 -7.71635 15.805 1.24809 4.00478 3
8.55486 -14.3489 5.34975 -8.01896 -1.05172 -9.34634 -7.95588 12.7021 -8.75437 11.0491 3
8.18024 -6.63573 1.49279 -7.17837 0.925319 -5.7859 -4.78879 17.4366 13.3978 3.83256 3
6.94678 -9.71293 -2.17319 -5.36257 3.10715 -3.84118 -5.9669 12.8055 1.01964 2.65322 3
7.1331 -14.642 1.1404 -5.55904 -2.01642 -4.60118 -4.37205 11.5598 1.64367 5.9159 3
6.66218 -11.1773 0.649252 -7.01022 -0.0633024 1.10519 -2.17509 11.5345 5.44943 5.08932 3
4.95152 -14.431 1.87809 -6.16086 0.543053 -11.2785 -3.85144 22.4142 11.6136 6.44534 3
7.30381 -4.09055 1.09031 -6.13818 -5.18286 0.632883 -6.17076 14.7226 10.194 4.31111 3
4.82239 -10.6967 -1.09838 -4.27593 -0.535401 -6.8894 -8.33645 10.7181 15.8524 3.69706 3
8.08945 -8.50306 -1.05332 -10.4195 -1.73253 -3.07225 -7.50727 9.72544 -4.93838 1.30476 3
7.9352 -1.47782 2.32557 -1.33148 0.229434 7.85374 -5.75175 13.7878 -2.78096 4.5332 3
5.63022 -15.8253 0.621162 -9.47348 -1.11842 -7.97944 -8.45116 14.4098 9.09744 6.64325 3
8.64436 -9.41672 2.4681 -2.91874 1.72815 1.91919 -4.20089 7.48027 2.89878 4.96659 3
7.04576 -6.62064 2.95463 -3.27168 1.7483 4.88822 -6.50772 12.5971 -4.0864 3.89867 3
3.13367 -5.44018 0.131934 -6.63046 -1.51288 1.39243 -6.27925 6.08782 8.72475 4.61888 3
5.20622 -7.8548 3.39752 -4.09241 -0.79642 6.51988 -4.32622 5.00438 3.3002 2.7979 3
6.53434 -10.8988 0.131277 -4.03379 1.18657 -9.96892 -7.93503 22.4768 6.95558 5.42971 3
7.99166 -14.3092 0.500599 -9.20708 1.54038 -10.4873 -4.23475 -4.1471 2.0506 2.86583 3
7.16836 -9.52558 2.76412 -12.435 -0.668102 -23.5006 -6.92466 2.77127 -0.338134 4.05732 3
5.36709 -7.27033 -0.386499 -1.04108 -0.232573 -3.31221 -7.62686 4.79022 -9.14538 4.9876 3
8.74361 -7.12029 1.08248 -14.144 -2.08515 -2.95343 -7.13878 13.2012 2.8688 4.83941 3
6.28259 -11.9756 -2.49261 -2.7304 -2.87014 -7.40001 -3.10949 21.1773 4.44646 5.04578 3
6.36175 -15.0292 -2.31785 -7.51308 0.213763 -4.21725 -3.2412 8.37688 -2.32907 6.48706 3
9.46708 -12.432 2.41569 -4.47381 -2.36223 -6.60022 -7.423 11.4245 10.2538 2.68008 3
4.95921 -7.74256 0.98994 -12.1078 -1.82823 -10.6241 -5.38614 10.6583 9.94543 7.24231 3
4.4658 -8.37309 2.27277 -6.80468 -1.00059 -9.15467 -8.51938 11.5453 -4.89381 8.88862 3
3.21686 -8.01626 -2.49437 -7.41874 2.37498 -0.35736 -4.83811 17.4333 12.4784 5.13741 3
9.28926 -9.23054 0.715356 -6.0789 0.49765 4.64566 -7.90929 0.626294 24.2188 4.33946 3
6.4586 -11.5296 0.53172 -5.14927 -1.06602 3.57208 -4.29676 1.41934 13.8333 3.67298 3
5.31435 -11.6659 -1.7634 -4.18645 0.176711 -13.0446 -5.10586 0.702965 10.0176 5.7051 3
4.86988 -9.2949 -3.25151 0.768164 -0.0906178 -5.97673 -5.02903 10.4084 -7.28732 4.91727 3
7.16779 -10.4618 0.113749 -1.64168 -1.52959 -12.1274 -7.75299 6.11167 28.0649 2.00578 3
8.43337 -13.3304 2.73724 -3.77772 3.17001 -14.3102 -7.78311 10.2695 -6.50556 8.94301 3
4.84501 -10.1544 1.17015 -7.84242 -2.02195 -4.21053 -5.06609 7.26988 -0.476563 2.97966 3
5.85249 -10.8091 -0.494591 -12.246 -1.03005 -16.0559 -5.21823 10.2356 9.66617 6.30029 3
3.69348 -9.37357 2.40623 -8.97851 3.89685 -12.6154 -5.23795 16.7733 4.21844 6.05941 3
8.94756 -6.10513 -3.17261 -4.62121 -4.96184 -5.87572 -5.58146 0.966305 11.3208 2.77445 3
5.70095 -3.99805 0.795733 -6.89352 -1.97788 -6.36486 -7.88607 19.4408 4.0305 7.42012 3
4.79006 -16.1065 -5.04678 -2.33159 -1.41101 -3.79336 -3.75284 11.7626 3.15659 4.7249 3
6.47118 -11.8076 -1.31932 -7.54666 1.68884 -3.13259 -5.78897 14.3818 -16.6772 2.83462 3
5.83027 -12.5139 0.350026 -6.04763 0.462061 -1.30263 -5.38371 20.3966 -0.0798656 5.34724 3
7.11708 -10.098 1.60413 -9.45257 0.750154 -0.781598 -6.03249 10.7259 7.86351 5.11695 3
6.44153 -6.48467 1.24217 -3.50552 -3.40005 -14.4015 -3.75434 20.3641 9.24347 2.86396 3
3.36345 -9.74354 -3.46508 -6.45381 1.03872 6.15063 -3.42787 11.0099 2.77551 6.85706 3
5.70886 -10.2835 2.34863 -0.298928 3.02958 -9.96715 -5.82611 9.75784 6.54368 7.94282 3
4.24249 -11.974 2.63036 -6.44671 -1.14051 -2.09413 -6.8298 9.76308 -4.51524 6.16137 3
8.08101 -5.50896 1.03541 0.124989 -2.31647 -12.6717 -5.5563 9.93625 22.539 4.45615 3
5.1537 -11.9238 1.36071 -10.0317 -4.8183 -15.0177 -2.34461 13.0748 2.85346 0.915926 3
6.71971 -9.33857 0.155326 -7.56979 -2.00161 -11.8295 -7.29464 10.4871 6.90059 6.57067 3
3.53456 -8.44779 -0.304773 -3.37997 -3.80083 -3.72313 -8.85706 21.6728 -5.72423 10.5595 3
5.0031 -8.51671 0.246546 -3.6174 -5.27449 3.25518 -2.07943 2.23206 9.42021 4.28965 3
4.7869 -14.3063 -0.346882 -11.6703 -0.129712 -7.85026 -7.79582 5.08873 8.38719 7.44353 3
7.37208 -10.2524 -0.53594 -7.47272 0.771799 -16.3916 -6.19124 8.84935 2.83424 3.78301 3
3.35604 -9.6159 3.14802 -2.54574 2.59491 0.783392 -3.90921 8.05794 12.1267 5.35947 3
2.38273 -16.3132 -0.889769 -6.15828 -1.74958 3.11714 -6.97524 15.0153 16.3124 3.17341 3
6.38729 -8.20454 -0.371698 -8.07383 0.148653 -4.35184 -5.44529 10.5626 2.51689 4.05927 3
3.95775 -11.422 1.62752 -4.10398 -0.745407 1.71072 -5.08835 9.68247 -9.23211 2.07433 3
5.40358 -9.23672 6.13307 -5.20516 -5.3 -6.92077 -3.57343 15.1836 -1.17549 4.73131 3
4.94319 -8.84891 -0.391697 -4.174 -1.37488 -3.00987 -5.65562 -1.41904 11.0987 3.84701 3
3.66198 -2.23712 -1.32003 -7.61512 1.2137 2.46252 -7.89293 11.7101 -0.912057 2.59783 3
5.03879 -11.5502 1.01234 -7.71975 -0.253355 -6.1773 -5.7297 10.5973 6.09645 6.15197 3
2.62496 -4.18334 0.626768 -5.05452 -1.99791 -6.66692 -7.01714 13.1463 4.43431 5.26229 3
8.12223 -6.91084 0.52042 -0.0535888 0.142934 -5.49991 -7.4256 16.2901 9.21366 8.44723 3
4.65039 -3.9755 -1.39459 -5.59246 0.294712 1.78269 -7.82625 10.8681 -3.52362 4.1935 3
4.4203 -6.34059 0.576246 -1.50299 1.22352 -10.8499 -5.36662 14.3223 -2.40733 5.50583 3
3.99733 -8.79099 2.5883 -7.09666 -1.09347 -10.3583 -5.2374 8.7349 4.08099 6.1565 3
7.04045 -8.99604 0.984319 -5.07371 -0.175633 -3.13969 -9.20478 9.96087 11.6995 3.41286 3
10.1443 -15.4254 3.45503 -4.49401 -1.74435 -0.399339 -9.41594 13.7558 -15.0741 5.81074 3
10.1195 -5.49842 0.712831 -6.96587 -1.54229 3.55551 -8.50654 0.39771 14.0401 3.08111 3
8.93613 -6.29407 0.149615 -8.33348 1.78451 -1.1103 -4.06919 14.5825 7.35184 2.71571 3
5.87253 3.69558 1.66594 -4.28212 0.748874 -0.195063 -7.26209 4.57941 3.46461 3.9083 3
8.61197 -6.90121 3.12619 -3.74601 0.51965 0.347767 -4.83655 25.3021 17.2498 3.14774 3
3.91038 -15.4279 0.642157 -4.34114 -3.91745 5.57009 -2.61564 12.364 -3.62853 5.21331 3
8.40084 -13.1961 -5.53454 -5.10994 5.12567 -9.65807 -8.91736 8.79789 -1.29927 3.66347 3
5.30043 -5.98602 -3.85967 -4.74444 -0.923969 -0.521491 -5.05218 10.6657 -0.602588 1.37909 3
7.4999 -12.3937 1.93055 -8.41173 -1.23218 -1.12648 -4.90089 19.5506 -4.63278 3.32147 3
6.65344 -7.31394 -1.5967 -12.201 4.80968 5.40759 -8.04242 7.59468 3.19036 9.12504 3
6.4588 -10.9161 1.72111 -6.69532 -3.32194 -15.7266 -7.67476 1.81704 8.39156 4.69973 3
4.5885 -13.4247 2.5399 -9.12987 -3.21265 -4.47477 -5.37442 8.55668 1.05064 5.14883 3
7.05827 -5.68019 0.816261 -4.90977 0.377484 5.28717 -6.45363 9.14282 1.03981 4.83482 3
6.96653 -11.7218 2.73705 -4.23602 1.53101 -15.4391 -8.95032 9.97334 5.6577 5.72844 3
6.50432 -10.4418 0.883417 -11.2666 0.233693 -2.30813 -7.67935 9.52864 4.09199 6.02112 3
7.8234 -4.52138 0.690749 -7.36516 -1.79313 -6.39814 -7.94381 7.89529 -1.34928 3.80305 3
5.0086 -7.93219 0.933481 -0.998979 0.0649328 0.214811 -9.22039 -1.09193 6.46713 6.30803 3
0.755751 -13.6548 -0.257169 -10.8357 0.385678 -4.17868 -4.55463 16.2239 -0.0569421 6.32107 3
7.39569 -5.03475 1.11105 -8.53191 -0.486378 -17.948 -4.86081 14.7791 8.11134 6.84696 3
8.09276 -14.4463 -0.906248 -7.18139 -3.989 1.06974 -5.09406 21.189 5.17998 6.14274 3
6.37088 1.63005 -0.647808 -4.11566 -2.44875 -10.7926 -7.87396 19.0566 3.77979 3.87019 3
7.46356 -6.44954 -0.356605 -2.74179 0.295724 -3.27225 -6.15016 13.8464 7.84593 3.32902 3
5.9529 -2.8993 2.8042 -13.7128 -0.408016 8.30943 -6.00141 14.1291 12.9477 4.96192 3
5.85841 -9.88311 -0.892423 -2.93849 0.213302 -5.78174 -3.74755 19.3391 -4.53888 6.73229 3
4.94193 -6.72258 -0.122247 -7.10815 -0.948475 -9.33674 -5.3555 23.6213 13.7606 4.31892 3
7.56365 -12.0446 -1.3814 -5.39264 -2.53295 -3.98185 -8.36914 8.69493 -6.16777 6.13577 3
10.1053 -12.837 -0.337668 -2.67059 0.821875 -14.129 -7.19242 9.48288 -3.23778 0.495769 3
5.52919 -16.4422 1.20822 -3.54928 0.0581879 -4.44388 -4.93502 7.89344 20.5395 8.15437 3
5.50682 -13.6573 -4.43063 -10.0503 -3.1221 -5.14108 -7.65168 8.72066 4.42584 3.0215 3
7.27348 -8.2641 1.15027 -10.7004 1.54846 1.19945 -5.11235 17.3309 -4.11076 1.8869 3
4.30391 -14.703 0.795909 -11.328 -4.08897 -11.9135 -5.369 -0.171991 15.5672 4.18518 3
6.71782 -5.3816 -0.325805 -1.11208 -2.10835 5.72417 -5.15506 10.2474 5.87981 4.43311 3
2.36842 -8.76309 -0.850478 -10.8273 2.09665 -8.3753 -4.274 13.3691 -13.0834 1.95129 3
3.09833 -7.18733 -3.17844 -7.78628 0.861494 -3.8902 -4.89489 3.95281 -2.89955 1.56151 3
2.90051 -14.8049 -0.504464 -10.9343 1.72337 -10.2896 -6.85281 9.33821 10.1398 4.28398 3
4.80424 -9.36471 0.342721 0.215638 1.84055 -5.11853 -7.05711 11.266 8.25663 6.706 3
5.98102 -3.66796 1.16363 -12.4297 1.16684 2.31045 -6.78141 11.4967 0.749441 5.47355 3
6.1273 -12.2215 -1.20603 -8.74938 -3.55084 -11.1346 -8.01198 6.42093 13.2602 1.86547 3
5.79911 -8.82549 2.23633 -12.2678 -2.63427 -9.88878 -3.59641 10.8761 8.69329 3.70861 3
6.60027 -14.7922 -1.27103 -10.8148 -1.87024 -7.22759 -7.07924 16.2219 3.16282 4.19093 3
8.57656 -14.572 1.44188 -3.46268 6.27089 5.36404 -5.81607 10.7437 20.946 6.02541 3
6.01164 -14.4963 1.90711 -6.48765 0.828973 -6.13657 -6.56694 8.24109 3.77732 4.04714 3
7.35397 -13.5587 -0.243741 -6.32259 1.25239 4.60307 -6.78808 5.12646 3.40564 4.95995 3
10.2954 -5.84797 -0.387317 -9.40636 1.6801 1.6723 -4.65826 11.0663 8.77268 1.06494 3
8.87081 -9.06105 -0.867923 -4.60156 2.65955 2.49542 -6.94884 2.7697 1.16412 4.05816 3
9.09759 -5.36547 1.853 -6.80425 3.01355 -0.263813 -6.21476 11.8061 5.57865 9.46459 3
5.32316 -11.5314 -1.5448 -8.02309 2.6763 -15.2094 -5.57168 1.29669 -0.0118535 8.50345 3
7.59827 -6.16374 0.208115 -8.21154 2.48505 -3.25975 -3.68124 6.34233 2.6167 5.08265 3
4.6797 -9.35019 4.81489 -4.14266 2.70102 -3.87757 -5.7965 12.0826 11.4921 4.58058 3
3.4302 -8.05227 1.18501 -5.06469 -4.60353 6.51361 -5.99798 14.0622 -4.42834 8.55264 3
4.25118 -6.76526 0.122208 -3.0995 -3.6922 -8.76087 -8.66068 15.4062 12.1113 3.91147 3
7.6037 -13.9532 3.21241 -9.32231 -0.265979 -5.70795 -4.65842 12.0902 -0.540435 1.71598 3
2.91917 -9.18331 2.59889 -5.3584 -2.71859 -5.98841 -5.51419 2.97398 -3.31255 5.46655 3
6.8859 -12.9495 0.192318 -5.06526 -0.843985 -10.0252 -5.33183 16.0658 6.21561 4.44925 3
6.79162 -10.9778 1.64612 -6.8061 -0.598945 -1.21937 -6.25129 17.8464 5.67179 4.21374 3
9.59289 -10.4593 1.95231 -1.70886 3.26868 -1.78987 -4.60575 16.6496 0.405642 4.42136 3
8.13555 -2.63452 -0.270716 -9.01574 1.48683 -2.88767 -5.36391 12.4926 1.66889 4.07123 3
6.22498 -13.1734 -1.42707 -4.37463 -2.41762 -2.46006 -2.35479 7.80392 -2.88026 5.41662 3
6.0291 -11.558 4.60763 -11.223 0.497796 3.03621 -9.23526 12.4439 10.6292 6.38139 3
7.98317 -13.9552 -1.4873 -8.29023 1.08593 -6.89318 -7.24277 14.2572 13.151 5.22351 3
5.94575 -10.6199 -0.406379 -7.7468 -2.42605 -7.13536 -7.05303 8.49196 1.29701 3.14977 3
8.58035 -7.80111 0.598369 -9.91119 1.05663 -6.03102 -8.41096 8.2953 -6.48546 6.68401 3
4.02332 -13.1876 4.41425 4.098 0.795942 -0.355851 -4.29318 13.0617 -1.19796 2.26835 3
5.70333 -14.2381 3.02658 -4.31388 -0.452934 -3.63217 -5.91634 20.8463 5.17071 5.83539 3
4.94858 -5.0176 3.72847 -7.44307 -2.14243 1.47258 -5.89201 5.07046 -9.41536 7.64818 3
8.45025 -4.31426 -1.34877 -8.00334 -0.21229 -6.18493 -6.48209 2.62192 0.477099 2.74327 3
5.63775 -8.72516 0.968683 -4.51272 -2.96497 -9.57782 -6.0367 11.6122 -0.0593162 2.45128 3
6.42339 -9.88663 1.26183 -4.76004 0.306806 -2.48287 -5.02583 4.79863 4.75575 5.6448 3
4.24695 -12.1253 0.224393 -5.26828 -1.32133 -15.8333 -4.47707 15.9796 8.60853 7.4549 3
8.5709 -11.0561 1.66724 -2.20833 0.53459 -11.3916 -7.11166 5.52207 16.3276 1.83745 3
5.96476 -14.2355 1.44789 -6.94917 -1.66604 -2.72685 -7.67809 -3.54715 8.15448 4.13859 3
8.70445 -10.3753 4.11428 -0.1606 -0.550274 1.03508 -3.02186 22.8913 8.92658 3.80561 3
3.51414 -18.4679 1.72488 -6.10141 -0.0503474 -9.6629 -3.77088 18.7269 11.0576 7.3242 3
7.71684 -13.2365 -1.44609 -8.00269 -2.99657 -6.40655 -4.46378 17.1767 -4.73763 4.15768 3
