1.11091 7.04704 2.68999 3.51433 6.24851 -7.70285 3.98986 -15.0384 5.9192 5.87187 0
-5.15074 1.14707 1.49299 2.55285 -2.27442 -14.6506 7.86902 -7.36946 9.63875 7.11384 0
1.91532 -4.58991 -1.90508 4.07452 -11.9971 -7.92136 9.69161 0.222057 10.8834 5.87123 0
0.0200483 0.630172 1.08796 2.26984 -4.79242 -8.15183 4.29621 -0.462255 7.42289 6.15558 0
-0.894937 8.11653 -6.95531 6.61701 -8.21592 -11.2322 7.56654 -8.13229 10.6122 5.83966 0
-0.103231 -10.4471 -3.17563 5.31002 0.14175 -9.40686 9.52215 1.64615 -1.88292 6.64164 0
1.72396 0.97497 5.85485 5.75813 1.33302 -4.35716 3.95199 -1.21654 4.97955 4.7983 0
4.52856 11.1303 -0.522642 3.58449 -5.35348 -9.28854 9.6102 -3.04153 5.72042 5.28749 0
-0.834359 1.05809 7.03569 2.13677 -4.65407 -8.54866 6.28365 -2.71864 17.3228 5.42663 0
2.58882 8.18563 4.12082 5.86436 -3.93221 -0.992356 6.98705 -2.16161 3.14953 5.16401 0
-1.00736 0.836051 -0.272731 5.757 -8.00482 -2.68832 4.08388 2.19967 4.11293 6.58779 0
-2.78432 -0.366311 -5.02407 2.12856 -5.31326 -8.53505 4.3084 -4.39105 5.59385 6.73681 0
6.34916 4.67636 3.14195 2.93509 -4.95993 -11.4985 4.62661 -7.7016 7.09844 7.54618 0
2.35358 9.6925 0.786942 5.20636 -1.26773 -11.0521 5.5869 -0.0974629 10.3834 6.49727 0
-3.13531 -3.0484 3.19325 3.82446 1.29874 -6.93801 4.42466 -4.00488 15.2039 4.52903 0
0.192948 9.22675 1.49804 3.56301 -3.13276 -7.37238 11.2558 -1.01955 6.3389 5.51749 0
-6.14694 11.5993 5.03532 3.68279 2.66215 -12.0582 8.4349 -3.82024 -4.39669 8.02664 0
1.66801 -1.53136 2.95147 0.441002 -6.85443 -6.11669 7.83389 -8.50664 12.1942 6.17958 0
-2.42808 -2.35968 -0.9866 2.95973 -0.713736 -6.25115 7.01922 -4.05128 0.133749 7.84149 0
-3.23398 0.739948 1.61084 3.85228 -9.73604 -3.64236 11.4746 -11.9365 9.5091 5.65706 0
-0.0248509 3.72569 -5.69587 1.96643 -8.95218 0.753423 8.5288 -6.39854 1.8114 7.20848 0
-1.7316 0.14579 -8.76263 0.305276 -0.84276 -13.4019 7.17862 -2.53552 1.32054 5.16366 0
-0.263491 2.65934 -0.384016 4.20786 -9.42951 -3.06817 6.16654 -7.08867 -3.23498 6.06282 0
0.935001 7.62704 -5.89728 0.0431078 -8.97537 -17.8392 5.97077 -13.8924 6.5347 5.41031 0
-1.13148 -3.6351 3.4953 4.03109 11.0707 2.57909 6.92097 -4.71983 5.97176 5.41212 0
-0.426316 10.1015 -4.25269 2.9947 -8.99443 -5.9449 3.81592 -0.834988 17.2262 3.8634 0
1.67647 4.57368 2.22492 2.66839 -7.65192 -8.25385 6.32712 -2.59647 7.04368 6.75276 0
0.42202 5.57122 -3.12425 4.19927 -16.3641 -0.343995 9.59166 -7.06135 11.1317 1.69255 0
4.00746 -0.716837 -1.85411 2.80919 -1.14988 -3.18966 1.80345 -9.53961 9.17079 3.27833 0
-1.61942 0.671068 -1.72558 3.21242 1.05801 -6.47986 8.23205 -0.0291284 -4.70895 5.48402 0
0.00808214 -1.17401 -2.03305 3.54793 7.44929 -7.58904 4.49928 -5.56845 6.1623 6.31057 0
1.78927 -2.53151 -2.64398 3.5969 -1.52162 -16.1007 6.27162 -2.98611 12.1545 6.15466 0
-2.88739 5.42368 1.44236 1.12915 1.6322 -11.9201 10.0891 -7.34485 7.39225 6.94286 0
-2.52938 -3.7197 8.97413 1.90583 -10.8216 -5.74413 7.24352 -4.08209 -0.690525 6.94765 0
-4.58903 4.19195 -5.61582 5.17399 -2.06883 0.580877 5.68528 2.21212 2.16923 2.58006 0
0.725135 -3.27428 -2.19542 2.27327 -2.32235 -10.0592 6.26074 -12.055 4.30433 4.24589 0
0.0656058 5.17916 -4.15149 2.05809 -4.48216 -7.28695 3.1192 -3.13188 11.267 4.7219 0
0.423705 1.54783 -5.20587 5.16326 -0.842296 -19.8604 8.34175 -14.8963 4.6568 4.48119 0
-0.806231 1.25283 -4.53592 0.416046 -5.03139 -0.529449 11.5722 -8.59162 12.9006 6.12937 0
-0.640081 16.894 -1.64092 3.90115 -8.65563 -13.7972 11.1333 -9.72968 9.1976 3.36945 0
-0.144944 2.68747 0.11712 3.59792 -6.57588 -2.53259 10.7168 -2.94918 3.51747 3.40443 0
-0.119803 5.15659 -0.701656 4.1693 -11.6569 -2.97253 4.5044 -1.74442 3.81973 1.19957 0
-2.19789 -3.90144 15.4464 2.44347 5.12806 -11.6334 6.36072 -8.70995 2.04896 6.23476 0
2.12421 2.51593 4.88048 3.14726 -7.66407 -3.7813 3.53317 -2.42819 12.8251 4.64639 0
-0.301946 2.46987 -2.13576 2.84857 1.23295 -11.5271 7.10148 -4.04483 -0.296483 7.44158 0
-0.201784 9.21713 12.5076 3.4222 -0.351534 -6.14708 5.34659 -9.30325 9.11305 3.46935 0
-2.23427 8.84333 -5.10689 4.47321 7.91273 -2.37318 7.01798 -4.53039 8.27765 4.17455 0
1.52101 -1.77411 2.54072 2.73981 2.52271 -8.45757 5.86129 -7.58422 6.98035 4.92951 0
-0.0457101 0.874317 1.05257 5.09437 -2.37541 -10.3711 4.07022 -2.25324 -1.43052 6.03856 0
-2.24336 -3.79729 10.8278 3.15319 -6.44375 -3.24735 8.59583 -9.37992 2.52981 3.20023 0
-2.62914 3.30383 6.39674 3.67071 -7.92051 -9.49757 1.65763 -3.9729 10.096 7.02914 0
-0.000168431 3.69806 -2.88787 5.52544 -0.0676568 -5.0024 6.71368 -0.264635 14.0695 5.57964 0
-2.86499 -2.53144 5.21278 3.36999 -12.7211 -6.96458 7.82613 -1.53209 18.3253 5.33375 0
-2.72928 6.31967 2.79152 3.11745 -5.13203 -6.31939 10.2609 -6.75897 8.91888 6.47984 0
-1.49502 0.6737 5.36101 5.71301 0.926296 -11.2217 8.92375 -2.84125 15.0535 6.60534 0
2.50464 2.11422 6.64335 -1.35008 -13.1826 -1.58343 7.54445 -7.04547 4.04362 3.99088 0
-3.50345 9.99122 -2.12276 3.4417 0.70825 -0.546369 7.62003 -1.07812 19.8634 4.81191 0
-2.83009 13.6242 -6.55638 2.9775 1.42281 -10.6418 9.64264 -4.63746 9.18371 3.63136 0
-2.38533 -8.6946 3.06187 1.77381 -5.65398 -4.77104 9.20232 -6.44362 3.40418 4.7968 0
1.44458 6.27967 2.45513 3.43183 -3.37259 -4.00757 6.16684 1.44706 16.4053 5.46386 0
-1.13842 6.29 -0.563578 1.548 -1.57083 -8.98578 7.0141 -4.06073 9.32695 7.68678 0
-2.57559 4.45507 -7.40445 -0.0798316 1.77741 -4.21206 4.46748 -3.11238 7.03901 6.46724 0
-1.16414 -3.77717 6.87919 5.00544 -4.0474 -10.6592 8.0575 -9.99784 15.9897 6.22013 0
-2.33796 2.4917 2.52759 3.43269 -1.68758 3.05893 8.50995 -4.54434 17.9229 5.88503 0
-0.641149 4.67808 0.0720713 2.03101 -4.56054 -11.4319 7.27889 -8.56485 9.08762 4.35625 0
-3.16555 4.24339 -6.37102 2.56736 -8.03357 -0.424438 2.84628 -5.58651 14.6957 5.21744 0
-1.67226 4.89477 -4.07996 3.66469 -9.80167 -9.00372 7.04387 -3.04773 8.83518 4.61125 0
-2.4366 1.43261 1.89855 3.93042 -5.0286 -12.4365 7.11818 -3.57622 -1.04306 3.39656 0
-0.678621 -0.895377 -2.63549 4.95228 -4.87968 -2.91072 7.79232 -0.665207 5.64533 4.78226 0
0.259423 5.18511 4.29025 4.82787 3.62645 -9.78145 6.1783 -4.97868 9.99977 7.03014 0
1.13593 7.23813 -1.12593 5.08935 -3.69645 -8.82959 7.19848 -0.916499 11.6465 6.65076 0
-4.16175 1.29817 -3.08258 1.80179 6.34944 -3.9692 9.2501 0.355493 9.10397 6.90661 0
-0.771751 13.0164 -8.99968 4.89829 -4.45062 -4.49454 8.1822 -8.22726 0.454149 7.10586 0
0.242339 -1.77351 -3.75186 4.36614 3.44472 -1.1352 4.71576 -6.2045 11.0561 4.45219 0
-1.80804 5.44626 -4.06536 4.65756 -4.38297 -9.64755 4.84047 -0.0360332 5.94581 5.18734 0
2.25183 9.19457 2.72836 1.62241 -6.59705 -8.09583 4.85052 -2.49628 10.7232 3.62616 0
0.371463 -0.640937 9.55264 4.15778 1.30003 -20.3926 3.03476 -7.90129 5.87962 5.54629 0
5.03277 1.2904 3.33899 2.51583 -10.7941 -11.4851 6.46346 0.557036 1.99192 6.80472 0
-0.680831 11.5709 -4.66039 3.10311 1.24278 -9.07152 3.71785 -4.21778 5.15028 2.85921 0
0.228876 -7.44038 2.44655 6.12904 -2.7665 -16.8506 8.12517 -4.51937 15.5907 6.03522 0
-4.22779 3.84024 -6.81336 2.06581 -1.34054 -8.38054 8.46258 -11.0743 7.89705 4.05364 0
-3.47078 4.72238 -3.4307 1.69883 -2.39087 -4.68981 4.50848 -0.99255 5.86974 4.28508 0
-3.22815 0.248504 3.51447 3.41282 -0.513169 -10.0246 6.7684 -5.01826 0.612147 3.738 0
1.09767 12.6477 -2.60503 5.31963 -4.8873 -13.644 4.56439 -0.959376 16.3705 7.49085 0
-0.648595 2.60158 -1.14021 3.5856 -10.2 -2.08549 7.29974 -1.80131 -5.14987 2.91016 0
-1.0198 -0.970939 -1.65588 0.86568 0.0500815 -8.80118 6.93847 -3.83011 4.98831 5.77863 0
2.17801 -0.56698 0.338164 1.43176 0.815269 -20.5302 6.34401 -3.04533 4.0514 4.40581 0
-0.428522 5.60272 0.165318 3.36397 -2.75072 -4.38384 7.78412 -5.92206 -0.388147 4.27738 0
0.173628 -9.15843 -2.23311 2.16121 6.2625 -16.6015 4.03809 -6.55082 8.35031 6.53081 0
-0.998781 7.90072 1.58365 1.6961 -3.88453 1.31547 13.4366 -14.0791 -1.21263 5.09828 0
-0.711807 2.19665 -2.93311 2.3875 -7.14332 -6.54852 10.5804 -3.39155 8.46943 4.76085 0
-4.76224 3.49516 -0.783987 0.349575 -5.83824 -8.00885 9.93618 -8.95222 11.7131 7.12321 0
-3.83333 5.70035 3.98738 6.03463 -6.68707 -0.46312 7.38186 -6.84301 9.09716 5.1113 0
-4.06367 5.28603 0.464179 1.72366 -4.81771 -3.47171 7.01499 -11.6297 10.8627 6.75072 0
-1.56475 9.0268 -4.13461 3.25014 1.89942 -7.74225 10.072 -7.82197 8.87739 7.38584 0
0.329032 4.43169 -4.19347 3.33618 -8.29975 -12.886 4.23932 -1.76249 11.852 6.80817 0
2.38052 5.9246 4.65877 2.40605 -3.53003 -1.73052 4.70953 -6.96372 5.53843 4.72197 0
4.02379 3.73304 3.07908 3.514 -4.1034 -6.96174 7.77031 -1.54167 11.3356 5.55142 0
1.03422 2.0802 -1.64702 3.73924 -0.303054 -7.40414 7.68569 -11.6206 3.38629 3.84945 0
5.28576 6.37696 -2.68227 3.31824 -1.54221 -4.70706 5.27475 0.795535 5.84308 4.97514 0
6.13727 4.49386 3.53672 3.60219 -6.5966 4.00804 6.42312 -7.2867 6.95732 3.81403 0
-1.34244 -0.217705 -3.92542 3.81842 -3.04993 -15.3197 8.06037 -8.1337 0.0772114 5.42376 0
-1.80824 -6.99732 0.131235 3.32396 -7.19647 -8.57718 2.79887 -7.79691 11.5553 4.26893 0
-4.71991 4.71324 -6.60273 0.919517 -1.48207 -6.25253 7.92827 0.25511 4.73364 6.8452 0
-2.8634 4.10721 -7.04579 2.48205 -0.943197 -6.61964 6.39897 -6.49246 0.0582818 5.29096 0
-2.27416 -3.83447 -3.20732 0.375729 -10.3891 4.26509 3.79689 -15.8889 2.3611 6.39776 0
-2.0049 5.55243 1.06135 4.90548 2.27352 -4.81055 6.58317 -0.219198 7.13536 6.31465 0
2.16816 3.34323 -1.02181 0.243291 6.66448 -6.02545 8.27973 -15.0273 3.48048 7.29943 0
-2.35622 -1.51538 2.01717 2.64605 -5.05524 -2.21855 5.8153 -8.85417 -0.191277 5.27208 0
0.291132 1.7866 0.667396 4.25025 -6.1823 -3.15004 8.37275 -4.55858 4.20739 4.91915 0
-4.82093 -5.95855 -1.93365 3.04982 -0.482575 -0.878478 6.41119 -4.36129 8.28524 6.08393 0
-1.56637 4.62949 3.77018 4.22282 -3.25132 -15.6735 5.88836 -5.54953 15.8407 5.84428 0
3.6243 -3.9021 -5.11198 3.77263 -8.78216 -9.82019 11.118 0.0468238 5.32115 5.08337 0
-2.48891 2.69294 5.88578 2.82828 5.43107 -1.23437 6.34042 1.40126 3.73017 4.48505 0
-1.60277 2.74779 4.22972 5.36611 -12.5551 2.02939 8.70349 -5.21841 8.2139 4.3149 0
0.878323 1.51473 7.61298 2.90801 -0.83975 -7.26939 1.31456 -0.642562 4.02867 4.74541 0
-2.06996 11.939 0.344148 2.74418 -4.69687 -5.32127 7.93486 -10.7011 10.9598 7.05781 0
-0.282196 5.95671 -0.400995 3.44907 -12.0965 -4.9295 9.60222 -1.76079 9.47828 4.55177 0
-5.89981 4.94458 -13.3355 4.68259 -1.28759 -5.42592 3.52917 -0.786586 0.907448 5.2383 0
-0.212263 1.49785 -7.93809 3.68994 -5.5128 -7.94507 6.94106 -9.33658 6.04281 5.37841 0
2.37808 0.376357 -0.833408 4.47443 -7.5744 -1.53513 4.73085 -8.02379 8.84114 2.44734 0
-1.5459 -0.448568 -1.60929 3.9798 -3.3359 -9.11614 9.64025 -2.09999 12.3979 4.50308 0
-3.63717 2.62014 -5.97647 2.58448 1.35418 -14.0782 7.89306 -4.85787 2.76816 6.0481 0
-0.814409 6.90797 -7.13152 5.55257 2.67084 -9.6086 3.71494 -3.93989 -3.91001 4.55336 0
-0.700743 2.71974 1.04652 2.3446 7.72666 -4.78903 3.7723 -4.65204 -1.97633 6.59788 0
-1.37745 4.08678 0.240136 1.32035 -9.48888 -6.6254 6.43452 -9.5104 5.76278 4.63595 0
2.86968 -1.92195 -5.11546 5.73454 5.80113 -8.21263 7.31398 -3.56383 7.37154 7.04118 0
-2.70443 7.15375 -4.89162 4.26192 -3.72797 -17.3003 10.626 -0.848531 8.35745 6.80762 0
-0.59743 0.842219 -6.58982 1.3295 -5.56715 -6.27485 5.6677 -9.23107 15.2238 2.57777 0
-1.77567 6.1995 -8.72229 2.67538 1.1656 -9.02801 8.55361 -5.30434 2.48196 3.06062 0
-1.60785 4.77993 3.83822 5.1525 -17.0298 -9.71612 1.40289 1.2724 12.6963 4.26505 0
-1.88638 10.3497 -0.251973 5.18087 -3.092 -10.9859 6.70477 -0.15323 2.47846 2.6656 0
-3.79652 2.09746 4.30953 6.14607 8.67728 5.16047 8.66428 -7.7398 -0.717157 5.17643 0
-2.54345 5.8341 0.412649 3.08521 -4.19603 -10.9236 7.3824 -6.99296 6.81487 7.26565 0
-1.24059 5.86538 -2.76454 4.32912 -3.96501 -6.95018 6.31211 -3.56263 10.977 3.97493 0
0.00829676 4.20779 -1.12605 1.9657 -7.57249 -7.89045 1.72427 -7.3237 7.60681 5.45156 0
-0.656776 11.749 1.41029 1.42965 -13.8908 -12.0188 5.79158 -2.43177 9.78684 6.42475 0
-2.33893 9.10674 -5.89815 3.52533 -23.6694 -8.70714 4.40092 -2.71631 6.53719 5.64286 0
-0.117305 0.39088 1.98388 6.56985 7.92156 -11.2882 2.91366 -0.782522 10.5811 7.34588 0
-1.07624 -2.11402 3.39122 3.87434 14.6756 -3.72425 7.51042 -4.36965 1.80735 6.94297 0
-2.17434 2.01242 0.578108 4.06283 -3.03844 -7.02222 6.27674 -10.0348 2.0748 4.41075 0
-3.02489 3.92227 -5.78009 3.815 -1.21301 -13.3915 8.86308 -2.12116 6.38509 5.99746 0
3.29313 5.48646 -5.31424 1.45542 -5.74919 -5.25842 4.16366 -7.41987 4.20534 5.8281 0
0.708333 1.01453 -4.88894 4.85772 -9.14991 -10.9237 5.16308 -6.31572 7.63951 5.74053 0
1.13956 8.13926 0.643468 2.59123 -8.20748 -5.39319 5.85575 -12.9515 15.6536 4.60514 0
3.40356 3.8745 12.2214 0.826357 -0.705146 -15.8689 8.24608 -2.23682 11.6646 5.34957 0
-0.169861 1.96266 -5.86469 5.99195 -0.243185 -12.7591 6.77539 -5.67792 4.73984 5.94573 0
1.49471 1.782 -2.05053 3.877 -12.2891 -5.76971 9.71835 -6.1614 3.06293 3.19198 0
0.611751 -0.267824 7.67417 4.74246 -4.85006 -8.32289 5.34643 -9.85786 8.25935 6.2302 0
3.85204 16.0361 -14.2475 5.94702 -15.5661 -8.10548 2.71517 -2.47873 6.97039 3.93794 0
-2.96586 -4.5907 -6.27772 1.68678 -8.07485 -9.69105 2.72874 -4.79177 5.25273 3.9824 0
-2.51827 5.73352 -0.168777 6.23522 2.06776 -9.17226 6.00736 -0.13699 2.97303 8.38513 0
2.12707 -1.86235 -1.53128 6.02539 -6.89925 -4.67371 4.15681 -2.83342 1.06329 4.07818 0
-0.168823 5.50837 -7.73793 3.61155 -6.20871 -7.54723 5.09617 -8.89275 1.32339 4.65932 0
0.56408 0.624326 -2.7524 5.38556 -3.57181 -6.2239 7.70475 -1.66016 8.05771 3.14145 0
-0.273264 3.64917 5.10699 4.54623 -1.65797 -5.36747 6.52648 -3.88931 5.40158 5.29636 0
-2.00774 3.19321 1.06764 1.41893 1.32617 -13.3923 9.38308 -2.72057 14.7154 6.98294 0
2.45709 -1.82195 -6.58349 2.48897 1.08535 -14.8327 5.82185 -2.48078 18.1489 5.54301 0
0.286237 -1.69687 -4.46732 6.1439 4.93415 -7.66963 7.64979 -1.23573 10.0841 5.73269 0
-0.376419 -9.79053 -6.05176 4.13061 -5.15649 2.25148 8.44049 -0.817749 5.71268 4.69129 0
-1.69121 -0.0138969 -3.32905 6.18042 -12.7506 -6.62091 7.75353 -3.93946 2.23673 5.02137 0
-0.41092 12.131 -2.36731 2.9744 -7.14845 -3.56091 8.58412 -9.74913 13.7516 2.81949 0
-1.94806 0.861563 -3.74693 2.31529 2.91941 -7.3759 7.08205 -4.14522 8.95355 4.8817 0
-5.12323 4.4549 7.96329 3.32406 1.21066 -9.51067 6.75237 -2.25154 4.9524 5.93898 0
0.205837 0.0848494 -5.41705 3.09508 -11.1258 -5.26848 10.1096 -10.1947 0.0453845 2.11417 0
-4.61753 11.7752 -0.384167 4.50452 -5.28238 -5.54196 6.85997 -5.85755 4.71571 4.42905 0
-1.40012 3.24334 -8.51688 1.58494 -10.0165 -6.80786 6.84924 -11.099 2.729 7.2331 0
-0.017916 7.04842 -3.18595 6.98162 -7.38192 -8.58179 4.99913 -3.8626 -0.0399168 4.88218 0
-4.51228 0.355536 -6.48393 2.95505 -7.35937 -10.679 3.7039 -4.1004 15.3111 6.25757 0
0.70347 2.87607 3.59766 5.03652 -8.33084 -16.6046 5.54147 2.764 16.5053 4.85059 0
-0.095344 -1.70719 4.74109 6.16074 2.59695 -14.3432 4.78191 -6.74326 9.25816 2.3982 0
-2.3391 5.27133 -2.45198 3.28499 4.18898 -4.38678 9.59127 -7.70812 -1.94914 2.72109 0
0.0939826 -0.172386 -0.950873 2.55951 3.11746 -14.7428 7.35378 -4.40274 12.0012 6.39277 0
-3.04836 1.43236 -3.03434 3.74734 2.16653 0.299122 9.70564 -4.06801 5.67279 8.12785 0
0.839823 8.72628 1.70079 3.31488 -7.48701 -12.5474 8.47164 -9.28856 13.855 5.03313 0
0.719948 10.9258 -2.22672 1.51496 -2.54771 -13.2531 5.39999 -1.49785 -0.503713 5.02255 0
1.86478 -0.244133 -2.32044 3.3323 -8.37926 -10.5108 1.88908 -0.727721 9.18069 5.27185 0
-0.881728 2.56701 -7.02775 2.82669 2.3733 -3.45303 5.73366 -3.85756 6.75201 6.39493 0
-1.4561 4.99108 -5.44691 1.48867 -7.47227 -0.613788 9.71637 -4.96055 -0.735394 5.72971 0
2.78853 1.2445 5.20555 3.66617 -2.32789 -10.399 6.99954 -4.03257 16.0174 2.80801 0
1.06708 -1.32711 4.32521 6.30929 12.0586 -10.6989 4.31352 -6.84423 7.56174 5.54144 0
-1.71707 -1.96265 -1.32033 2.23818 3.61744 -2.78227 7.27554 -4.72587 4.9689 5.26495 0
-2.89025 -1.32603 -0.0711608 2.33227 -1.85504 -7.42841 5.59158 -9.30506 11.3458 5.55646 0
-4.58925 2.43256 -3.782 3.60232 -14.6782 -6.67203 11.5184 0.263872 -1.90333 5.07979 0
-4.59142 0.300152 5.31673 2.23035 -3.17253 -7.62572 5.46887 -7.55799 6.8732 3.75776 0
-0.0343997 -3.64023 -2.45851 2.85165 -2.55257 -14.5625 8.63525 -2.05514 5.02936 1.89978 0
-2.90306 5.32988 0.356866 2.80415 -5.32194 -4.93214 6.409 -5.79254 7.30137 3.91577 0
0.650865 3.32228 1.00641 3.02513 3.17916 -12.2592 9.28409 -4.29963 5.12058 4.31202 0
-0.0202286 12.9782 -10.7629 3.24768 -1.91119 -7.63489 5.47456 -9.51138 9.71952 6.64151 0
-0.426367 -1.14431 -5.9792 4.75172 -0.686486 -2.63106 7.51156 1.29588 12.3218 4.40781 0
-1.85293 -0.11646 -1.78042 6.82053 -8.87462 -6.5346 5.95835 -0.690562 3.71897 4.56225 0
-4.70811 1.33616 6.13063 2.68173 -0.482429 -10.6474 7.12979 -3.50229 13.9052 5.81746 0
1.55236 4.21941 -1.82529 3.76779 -6.97512 -5.12428 6.79497 -3.27618 2.807 7.79329 0
0.518216 3.15374 -3.38245 4.58295 -10.2779 -14.8022 1.93176 -2.34075 7.92343 7.61944 0
1.48846 -1.51113 -4.0595 2.26722 -10.4003 -6.36727 6.41924 -9.68043 9.30566 5.66681 0
-2.13707 5.57171 7.45723 1.94629 -5.57021 -5.45783 6.36914 -8.26173 5.56067 6.59139 0
1.3046 -4.86218 4.18136 2.74803 -0.168127 -1.10685 8.39034 -12.2769 9.75894 5.79677 0
3.01184 6.95475 2.83003 6.51815 -1.59455 -10.0867 7.50282 -11.4001 3.94065 5.51723 0
-0.430909 2.65669 5.7233 4.92062 -1.65966 -3.83145 7.13056 -4.7106 9.16204 7.61905 0
-0.334621 -1.05944 2.51787 2.94594 -2.81835 -8.01157 7.58066 -6.06846 0.765722 9.56663 0
0.308329 4.38613 -3.70116 0.329207 -9.28709 -4.0671 7.96894 -11.2253 4.37386 5.25846 0
3.17012 -5.48301 1.02914 0.915385 -4.61212 -6.87787 1.04123 -8.86713 12.3789 6.97525 0
-4.69337 -1.08191 -1.26667 1.73694 -7.94841 -8.01968 7.64302 -6.72092 6.2459 4.02 0
-1.38023 3.95874 -1.80171 4.51448 3.34276 -10.8095 4.03711 -7.75633 3.4408 6.46969 0
-1.31318 3.01849 6.09134 7.63922 0.671175 -9.1181 5.94871 -5.77772 9.63658 6.82474 0
-0.562962 3.51092 -10.261 3.55828 -6.18347 -2.15843 9.43641 -9.13209 0.737983 3.74036 0
0.40858 7.33514 7.97092 3.04775 0.614668 -5.81448 8.82447 -4.60078 6.16911 4.39446 0
2.34203 -0.181945 8.41718 5.50562 5.8152 -3.80192 3.36987 -0.751931 10.3289 5.13093 0
0.267114 3.60468 0.67674 0.962378 -9.76266 -11.654 4.13716 -7.49647 -7.12412 4.93356 0
3.46622 0.399951 10.9871 2.8063 3.11161 -9.54615 6.46866 -11.3035 7.16543 4.67671 0
-2.81243 11.8682 -2.99169 2.45825 -10.3606 -5.69706 8.25458 -5.88689 12.8852 6.04384 0
2.35074 0.486736 -7.25448 1.74742 -14.2562 -11.4176 6.12056 -2.52094 5.18464 5.35139 0
-2.55318 -2.17145 -1.62188 4.97589 -5.34675 -4.56074 7.46227 -5.70632 5.27186 5.87214 0
-2.86206 7.95369 2.21301 4.39667 1.74585 -6.99924 6.9062 -3.42771 5.28272 2.80911 0
-0.0351223 3.26691 -2.42205 4.78942 -2.00785 -9.60876 1.9862 -8.26089 1.41456 7.04209 0
-0.557174 9.19451 1.60953 3.64368 1.7107 -14.3865 3.10977 -13.1356 3.03803 4.99003 0
-2.45174 16.2523 -1.75553 6.76359 -4.9149 -11.6817 6.68705 0.0269763 14.863 5.51056 0
-0.705211 -3.49528 -1.81662 5.12643 -11.4564 -6.3065 8.45251 -5.68533 6.92559 2.35125 0
-0.794823 -2.31928 -1.23346 2.02258 -2.98814 -10.2439 8.26507 -0.853242 2.09041 3.95951 0
-3.91496 5.84199 -5.17565 1.7177 -2.15081 -4.44898 7.39731 -5.35748 -4.24969 5.80529 0
-1.83933 7.54608 1.35183 4.34216 -8.91995 -22.2307 9.87568 -10.1406 6.8047 2.09823 0
-0.823348 7.94547 2.97794 3.60553 0.393788 -0.433075 5.74131 -2.90507 14.7943 7.04544 0
-2.37305 0.136049 -10.5554 3.03643 -0.686022 -6.01013 10.969 -1.19033 17.189 5.44567 0
-1.04693 1.22443 3.20733 5.38151 5.27636 -14.1397 7.77026 -0.611612 3.99704 7.51094 0
-0.165924 -1.93125 -0.888317 3.77463 -1.20906 -15.9555 7.01227 -3.8819 5.19653 7.45822 0
3.07797 -0.822596 1.23634 3.34158 3.22956 -11.7159 5.67532 -2.82394 11.4363 8.40114 0
2.50564 2.76785 -2.31884 4.99585 -9.87082 -11.7091 4.5748 -6.20915 0.684758 2.50209 0
0.430744 3.11173 10.0021 3.35009 -0.18726 -11.8942 5.20902 -0.480499 10.1891 4.53369 0
-2.26871 2.22716 10.5802 2.22133 2.66098 -8.20451 6.59551 -5.14306 -7.56755 5.36386 0
1.75519 4.02167 0.847018 4.24862 -6.87189 -8.41257 6.45009 -8.61325 -1.87206 3.69874 0
-2.2459 -2.06978 6.28944 3.18848 -4.77506 -2.26582 5.63378 -6.24331 14.4539 4.50202 0
-2.00096 2.04689 5.16092 3.85488 -4.84415 -2.44645 8.0985 -5.90111 6.39357 8.21241 0
2.21123 8.04792 -5.56593 4.61474 -7.741 -4.7931 6.56113 2.45113 4.43214 3.9301 0
1.74655 -1.34812 -8.06287 5.08357 -6.73496 -9.40051 5.27183 -6.38608 9.13421 6.86974 0
0.637511 1.2913 1.99972 4.30217 -6.04148 -10.6457 5.14881 -10.4418 17.122 5.26944 0
-5.24607 10.7676 3.07561 3.33925 0.312088 -2.09051 7.74863 -6.3131 1.0204 5.52973 0
-1.5957 2.57137 -6.87151 1.79611 2.00236 -16.6771 4.25842 -7.68959 5.85212 5.12804 0
-1.2453 10.9344 -13.1171 3.95059 -13.0747 -8.04476 9.20261 -8.01124 9.55525 3.06544 0
1.49255 5.30318 4.69061 5.71462 -4.92426 -11.585 6.11582 1.96169 19.2881 3.97532 0
-0.461539 7.26982 -4.26218 0.955666 -13.8311 -12.4531 3.17577 -8.29545 7.73533 5.38569 0
-5.7889 8.26776 -0.279213 2.62532 2.72731 -14.1246 8.80443 -3.00779 -3.02756 5.8267 0
-3.90408 -1.97953 -1.17425 0.715867 -8.92694 -7.22587 6.02812 -8.26909 6.40589 5.48168 0
1.15161 -1.5646 2.29758 3.79846 -7.81084 -7.61315 2.16461 -3.6226 11.7744 5.82163 0
-1.00487 -3.18765 -3.75255 3.66737 6.83095 -3.20594 6.09129 -10.0003 8.94862 5.92447 0
1.71558 2.62027 -1.46044 2.37876 11.577 -9.59006 6.56973 -2.11894 4.88573 5.58262 0
-4.20401 0.757727 6.76134 3.16668 -5.63818 -7.71574 9.68238 -0.469139 5.10338 7.79612 0
-1.94444 1.52687 -5.60108 0.882807 -0.922705 -10.8699 6.33728 -1.73141 6.40814 6.93065 0
1.02283 12.4248 3.44445 4.40559 -5.92247 -9.85427 8.94067 -10.0837 11.5458 5.10769 0
0.927999 2.06379 1.86262 3.72536 -9.29352 -5.51456 3.23823 -2.79083 9.96377 1.50257 0
1.01374 0.774984 7.42363 3.08803 0.245686 3.69251 4.80734 -10.7133 4.45772 3.69556 0
-1.00656 -0.940111 -1.57047 3.58071 -8.16577 1.78077 4.73517 1.16857 8.22846 4.9606 0
-2.63938 -2.76559 2.65838 4.33246 0.0413748 -6.23766 7.4044 -5.57102 2.91355 7.46895 0
-1.67504 6.03037 -2.7588 3.74985 -6.93591 -6.61191 6.12921 -7.8799 8.05733 5.30119 0
1.75495 9.21174 -2.53486 3.61555 -5.36516 2.37381 7.82655 -0.513216 9.50398 5.91841 0
-1.08101 1.49669 -1.98806 3.39467 0.343588 -16.8833 3.98968 0.774124 9.73433 7.30507 0
0.207819 3.81562 2.18006 4.16442 -1.80872 0.048937 8.30201 -5.93226 -1.3828 6.62849 0
0.941169 0.861682 0.59391 4.57796 -0.670149 -9.8205 8.25718 -10.5876 6.0922 4.49935 0
-2.9901 1.39326 0.880584 1.48451 -2.2766 -11.6743 5.10054 -0.0535905 7.52286 3.8931 0
-2.71942 3.16971 4.17122 5.08473 -2.40986 -8.40237 5.71539 1.07386 8.27468 2.53267 0
1.94346 -2.39407 -7.60248 2.10888 -0.351057 -9.24676 4.23078 -2.27627 14.6645 2.75205 0
-1.50438 3.15657 3.27941 4.76213 -13.1671 -15.8116 5.39134 -4.99778 11.0176 5.73909 0
0.512578 0.709469 -1.98283 6.02754 -3.51397 -0.42624 5.31906 -5.38987 18.0796 7.46238 0
2.64046 7.23403 -4.08042 1.63358 -1.99829 -5.75776 8.74712 -6.52986 -1.26804 4.38811 0
1.23369 0.64032 5.20118 2.26926 -14.4564 -1.41226 6.14974 -4.91354 3.66623 5.53221 0
-5.51085 7.20034 -1.95668 2.71656 -5.74347 -12.9908 8.30215 -5.64169 10.6457 6.56523 0
0.0799681 -3.19964 -1.73291 2.08778 4.94672 -5.9528 6.31041 -8.82168 9.98698 5.55397 0
-1.79827 6.39487 3.08145 5.06812 -1.45774 -3.50961 7.38081 1.30535 3.41644 5.97258 0
-1.65285 5.71968 3.47889 0.922111 -4.80969 -11.0792 6.28229 -7.66285 8.38695 2.60954 0
-2.66303 -8.11392 6.51615 1.59906 -10.6838 -6.68356 6.14439 -5.82708 6.91186 4.84839 0
-0.0636983 6.48034 6.96219 1.04528 -5.03109 -3.47741 11.6109 -10.1371 7.74357 3.10173 0
-2.18197 2.69598 2.15907 4.20908 8.1047 -8.04106 6.73467 -0.371025 5.30844 2.1797 0
-2.51191 0.766366 6.13281 4.37897 -2.82692 -3.12884 9.00683 -1.70009 4.61337 6.24924 0
-2.72645 7.73817 3.28395 3.21685 -10.1255 -4.97293 6.21713 -1.9339 15.2877 6.24802 0
-1.24799 -1.03032 -2.27596 2.82825 -5.54536 -9.3252 5.45366 -5.31886 7.92274 6.01568 0
0.792896 0.10415 -0.598783 1.14707 1.63474 -2.47673 4.62033 -4.59893 14.1272 4.3891 0
0.464348 0.985937 5.67815 3.42647 -0.791093 -15.3104 8.01324 0.192251 2.01308 7.55099 0
1.04776 3.67612 -0.809867 5.26905 -8.51409 -0.770328 3.3807 -6.35871 4.17998 4.57485 0
-3.04492 8.12562 -2.3365 2.04243 9.14446 -12.9048 6.73176 -7.75377 13.9226 5.89603 0
-2.00257 1.35275 8.28398 4.36251 -14.8572 -7.54319 6.39493 -6.96368 6.20957 4.87889 0
-2.28005 -2.6245 1.6492 5.24987 -15.8704 -10.1115 3.52741 -8.48712 11.7884 4.21436 0
-3.69963 -3.45586 -5.9779 2.50346 -4.6591 -11.9149 3.60147 -5.68402 -5.13103 5.29193 0
1.69934 12.119 -4.33308 5.50765 -11.2012 -8.87207 5.4444 -10.0794 12.3664 4.87165 0
-0.242448 1.61915 0.228299 2.17966 4.75447 -5.33149 5.12312 2.17065 14.2191 4.73024 0
-0.271245 2.18324 6.72199 2.6309 -5.60787 -15.9583 11.5265 -5.19079 2.5835 4.6986 0
-0.630163 13.8934 8.44599 4.24745 1.19563 -9.9298 9.57779 -6.3626 3.21746 5.96057 0
1.84886 6.07611 -2.11431 2.87969 0.741623 -12.1889 2.45209 -6.26148 13.6277 7.819 0
-1.86869 6.16567 -2.97399 2.93376 -8.98431 -0.628939 10.0097 -6.0965 0.379303 4.06666 0
-4.94412 0.294017 2.10936 3.68855 -9.78111 -6.07262 6.8478 -2.98718 -0.218707 4.37731 0
3.67184 4.44009 6.62636 2.39436 -6.6622 -6.68304 5.42836 -3.08506 4.95317 5.95966 0
3.57658 0.943044 4.92274 3.70596 -10.5893 -13.3769 4.61487 -6.88346 3.97153 3.49596 0
-1.31255 6.96333 -9.78898 5.17691 1.18972 -16.0127 9.28267 2.49889 6.02704 3.10014 0
3.53729 5.65987 -5.01224 4.99113 -2.98369 -12.2776 5.11201 -0.634935 3.37768 7.39029 0
1.46819 6.33823 -1.67173 6.40136 -6.93224 -9.69122 9.3834 1.1646 7.01675 6.17735 0
-0.0238274 2.88082 -2.24151 3.52843 5.23958 -5.65789 4.15982 -3.72552 -7.46994 4.82056 0
0.312278 -1.01106 -0.588201 3.97035 -2.88976 -7.66203 6.65482 -12.0528 12.316 2.41599 0
0.206936 7.93257 0.437741 4.95943 -1.43772 -14.3307 4.69289 -5.88029 -2.31086 5.47807 0
-0.0587449 4.21792 -0.848422 3.08434 2.56738 -8.32755 3.49299 -6.97756 3.72722 3.92472 0
-2.07666 -1.78278 7.27455 4.19143 3.46801 -10.201 7.7781 -7.50135 -0.0879115 5.36977 0
-0.0472692 3.18344 2.20857 3.55724 -10.8276 -9.72854 5.5385 -9.35617 9.24159 5.5949 0
-1.36543 4.40859 -3.8913 3.43703 -13.4479 -3.80405 12.2072 -9.02957 16.8774 3.57219 0
-6.61665 10.8871 -0.952225 4.50515 -13.2911 -10.8747 7.06521 -6.1936 11.7267 4.24737 0
0.694 2.3246 -7.37417 2.75969 -9.26139 -2.67828 7.17789 -12.4999 5.54925 5.39569 0
0.100442 4.50617 6.25489 0.733683 -0.345429 -0.437208 10.1235 -5.87521 11.9636 5.26902 0
-1.48609 -0.856396 5.34532 5.16056 2.89754 1.97429 7.73596 -5.80647 3.00596 5.00164 0
-0.142627 8.84607 -9.98316 3.16703 -0.884045 -3.29054 5.47803 -1.42462 0.891589 5.7617 0
-6.11869 -1.70593 -3.90187 0.272315 -3.86326 -7.11921 12.1413 -3.32749 6.49702 6.97713 0
-1.03174 -7.86112 7.30448 4.18607 1.36209 -15.7233 6.74875 -0.0856055 3.03759 6.86511 0
-1.93862 7.40502 -4.75095 2.74237 -4.88769 -1.8689 6.37223 -5.84281 5.7253 4.33273 0
-1.77655 1.00931 6.37205 3.0574 9.48802 -10.3317 4.83167 -8.82877 5.92309 4.51802 0
-7.16841 6.98825 3.23984 3.82235 -7.17597 -14.706 4.43341 -7.31031 -0.423787 3.68344 0
-3.05501 -2.25748 0.758857 3.97211 2.26974 -9.95525 7.37022 -7.71819 7.04001 4.76159 0
0.420861 3.76314 5.95401 2.84807 5.93566 -8.36832 5.22044 -3.23708 8.45249 4.31318 0
1.66617 -0.109452 -0.89522 5.30405 -3.4036 -0.380961 10.371 -5.47745 9.07082 5.98072 0
-0.874905 6.21159 -3.46283 1.12671 7.23566 -6.95961 9.55741 -7.65197 2.52218 6.47428 0
-1.61104 -6.61614 4.03233 2.77731 -6.81671 -11.1083 10.1801 -2.90752 9.65388 4.87351 0
1.07794 2.18124 -3.40834 3.89266 5.3986 -0.644208 2.38941 -3.40208 0.304909 7.68081 0
-0.469341 9.46612 5.44647 4.97322 -2.64425 -22.2015 7.78552 -5.37203 6.14067 5.71569 0
0.295288 5.64154 2.00327 3.25636 -13.9025 0.523067 6.90608 -6.03311 0.59721 4.30249 0
-1.74482 7.44626 -4.11887 3.79357 -9.47767 -11.7077 7.64473 -7.86179 4.45115 3.36979 0
-2.27852 6.80119 1.4773 1.72082 -8.99799 0.031979 5.98616 -6.82406 5.68142 1.87485 0
-1.88523 13.2508 -1.68412 5.06165 -16.2203 -12.4499 4.07828 -3.23829 7.10389 4.56423 0
2.29983 -3.99101 -3.82116 5.00049 -12.6308 -0.214602 7.00097 -0.42075 13.2843 4.70745 0
-0.128496 2.76086 1.66311 0.775096 0.510089 -6.44674 8.15562 -11.7218 4.93554 3.75663 0
-0.648743 -11.0019 12.9269 3.48562 -9.48584 -7.71359 -8.87568 2.23839 -8.37622 -10.5086 1
-2.78529 -4.47035 7.99319 1.91297 -8.8267 -4.44275 -8.44692 -16.238 -6.06793 -9.06319 1
1.68996 -7.33332 5.80814 4.76681 -8.11473 -6.33136 -12.0671 -9.07958 -10.5375 -10.3048 1
-2.10097 -6.45913 12.1776 8.13059 -7.36004 -7.65024 -9.15439 -7.6345 -4.69931 -13.9263 1
-8.45163 -5.29262 5.78938 5.73232 -7.10955 -2.76343 -15.1241 -12.0847 -13.6419 -8.66462 1
0.200987 -11.7859 8.14967 5.94649 -6.2226 -4.79696 -6.89841 -5.95929 -1.47065 -7.93812 1
-0.553299 -3.26436 11.9067 4.5609 -9.50332 -4.6984 -13.1296 -6.9931 -9.90187 -7.55023 1
-1.20404 -6.18227 9.13271 2.86263 -9.65179 -6.0384 -13.7097 -6.55186 -8.86774 -5.4031 1
1.36023 -10.4387 10.0507 7.55977 -6.73137 -2.58595 -8.38656 -12.6815 -8.26455 -11.3939 1
-6.1766 -4.63619 7.19319 5.60773 -9.72535 -5.89836 -5.93742 -0.627129 -15.1706 -9.44594 1
-0.901154 -5.47005 10.2498 0.000482858 -3.71484 -5.44584 -13.1177 -4.41961 -6.01382 -7.94144 1
-4.37854 -7.40413 7.39778 -1.50451 -14.2298 -2.64688 -13.6779 -4.69893 -2.43489 -6.80091 1
2.0964 -2.88606 8.40474 2.21153 -9.70132 -7.77325 -10.721 -4.80681 -8.96477 -6.05489 1
-10.6711 -11.769 9.09493 1.48485 -6.84472 -3.97807 -11.7547 -11.9279 -4.10562 -7.23614 1
-3.67693 -8.0077 8.34725 -4.92046 -6.66129 -6.37285 -9.96397 4.53166 -8.19117 -10.9774 1
-6.23862 -13.3397 8.1006 0.660143 -7.20124 -5.09591 -7.56435 -16.5978 -2.68902 -8.78274 1
1.84549 -5.77557 12.6167 2.41729 -8.32415 -6.74879 -9.64513 -5.11838 -3.19272 -11.2524 1
-0.202511 -8.88244 11.8476 2.88531 -9.00717 -3.3212 -6.12152 -13.6413 -8.04142 -11.0208 1
-0.344584 -8.41313 9.43704 -4.18749 -7.15641 -3.96623 -9.68486 -6.94251 -11.8234 -8.85213 1
1.03173 -10.8136 11.7224 -1.94539 -11.3238 -4.53833 -11.1347 -0.787042 -5.47726 -11.2254 1
0.547448 -4.83981 9.49648 9.52759 -6.26516 -2.32793 -5.45208 -8.86624 -5.26083 -7.69269 1
-5.51947 -7.67544 12.2371 -2.01192 -5.19684 -6.38254 -11.0358 -4.04691 -5.93453 -10.7211 1
-5.06514 -11.8281 11.2103 3.04211 -6.553 -6.19419 -9.10361 -7.96575 -4.90691 -10.6081 1
-6.45553 -8.97455 12.3545 1.80713 -7.54601 -8.24685 -7.63508 -8.17293 -10.4972 -10.3363 1
3.83836 -8.33368 5.9654 5.9386 -5.63678 -3.73731 -7.35262 -6.95841 -7.25332 -14.2318 1
-2.33779 -7.85671 12.1146 -3.97493 -6.68217 -2.32204 -8.04822 -7.73359 -7.51241 -8.24454 1
-1.2919 -1.45457 10.4378 3.71637 -10.1572 -6.62341 -4.43611 -16.5522 -4.89432 -8.51904 1
2.16306 -9.18619 6.68881 3.07819 -8.41312 -6.5671 -9.02541 -10.158 -4.93748 -9.98053 1
2.23001 -9.31272 11.439 8.63949 -5.9541 -7.25654 -5.67515 1.89277 -5.45575 -6.40331 1
5.18508 -5.05589 9.57276 1.17974 -5.86259 -4.88663 -2.42131 -7.59729 -3.31704 -6.97146 1
-4.46325 -9.83844 6.2897 7.54501 -7.77676 -6.83205 -9.70509 6.73656 -11.278 -7.75816 1
-3.71301 -11.7843 10.5388 0.696201 -7.64813 -5.59999 -10.5522 -4.80555 -15.3887 -8.51534 1
-0.0695374 -8.99606 11.4237 -0.349831 -7.43538 -6.04085 -9.27804 -22.5819 -9.00744 -9.39396 1
-8.20947 -6.67946 10.9661 7.48518 -8.62392 -4.88242 -10.9122 -1.09929 -5.30748 -10.4747 1
3.64254 -11.621 11.8675 2.54995 -8.59443 -3.49989 -12.7759 1.58943 -8.26539 -10.3953 1
-4.45899 -8.1921 6.81521 4.87336 -9.08384 -8.3438 -5.1063 -5.11891 -8.39987 -10.7319 1
-7.74321 -9.21071 10.9821 7.18458 -10.6442 -2.4049 -8.3148 0.982144 -5.43551 -9.55723 1
-3.43089 -9.70341 7.83988 2.58341 -6.51935 -5.72678 -10.1326 -10.6229 -6.74024 -8.20083 1
0.951043 -6.15022 8.41207 4.9045 -5.45332 -4.97413 -11.367 -5.78091 -9.80095 -7.90279 1
-2.76772 -5.96883 10.7579 5.11785 -8.84843 -5.88038 -4.18909 -6.65056 -7.32328 -6.9993 1
-5.39132 -8.25111 6.59716 1.4864 -6.81024 -3.93258 -12.9833 -9.39452 -3.79125 -9.55391 1
0.783474 -5.84494 12.7531 8.83348 -5.94742 -6.86615 -7.1657 -1.06138 -11.3922 -9.62121 1
2.49271 -8.87637 10.0338 5.85468 -5.7808 -4.31211 -7.45306 -4.19218 -8.35339 -6.23038 1
-0.491111 -6.95217 10.0844 -1.26827 -10.2339 -7.49672 -9.59777 -3.32995 -9.56336 -10.9679 1
-5.93697 -8.27127 7.46933 4.85167 -6.85277 -2.506 -8.02058 1.01785 -6.54343 -11.4148 1
-1.16387 -11.2621 10.8777 3.89977 -4.29456 -4.98703 -2.87952 -4.96309 -11.315 -11.8741 1
1.47915 -10.2153 9.31939 6.48926 -10.0151 -3.10567 -8.08076 -4.22906 -5.64416 -10.3766 1
-2.46845 -11.4852 5.67958 0.0454585 -7.79928 -5.16717 -8.11027 -12.6687 -4.51758 -13.1999 1
2.95592 -8.01658 13.0544 7.57439 -3.20824 -5.44154 -6.01149 3.01198 -5.9932 -8.17158 1
-2.18819 -5.92745 6.43188 9.86086 -4.86246 -4.64469 -8.9807 -0.631456 -4.46137 -8.03319 1
3.32008 -9.48961 5.78166 8.88832 -6.70406 -7.0824 -15.0137 -3.3176 -10.0022 -11.8625 1
-2.13691 -6.06317 8.32942 9.83046 -5.54497 -4.96315 -3.71456 0.212715 -2.21525 -9.87852 1
0.615467 -5.55454 9.04741 7.92895 -5.42856 -5.5049 -10.8141 -4.93565 -3.90069 -9.48544 1
-6.19194 -5.47398 5.90067 1.91896 -9.32076 -6.05559 -5.2201 -9.34589 -11.3078 -9.01197 1
-1.12008 -4.89462 7.55679 4.77143 -8.64503 -3.84971 -12.4334 -1.9793 -10.1526 -8.50885 1
-0.787889 -11.0249 10.2602 5.44897 -7.95204 -3.65913 -6.89303 -9.10101 -4.62607 -6.30253 1
-6.69454 -7.24781 6.47843 1.70853 -5.95085 -2.264 -14.7201 -12.2116 -7.83086 -14.612 1
3.27108 -10.0425 8.13559 18.0488 -6.01666 -4.32416 -11.6122 -10.3446 -4.29224 -10.5244 1
-5.54756 -8.97379 7.01443 3.80353 -4.68698 -7.93557 -5.54722 7.41781 7.28031 -8.20749 1
-5.53014 -6.08028 9.33314 2.9461 -9.45664 -6.73076 -15.6051 -7.86561 -3.77226 -10.4592 1
-0.735286 -8.60688 10.3592 10.0407 -6.64822 -4.76224 -14.0883 -18.3055 -8.80415 -8.96347 1
0.640871 -8.71859 7.59618 0.34842 -8.40705 -5.11408 -5.09778 -15.9597 -7.61166 -11.0303 1
1.80788 -6.50986 6.61734 10.0142 -7.76261 -5.11013 -4.78653 -5.87679 -14.5272 -7.14134 1
-1.48367 -5.579 10.4151 5.57529 -7.3357 -6.05827 -8.49578 -21.4942 -10.8779 -11.3808 1
-1.78451 -6.65779 12.8699 4.54541 -9.36754 -5.9823 -7.28308 -4.40017 -8.51335 -7.31136 1
-2.92453 -6.18652 11.9544 -0.953057 -9.99304 -4.38776 -7.08096 -0.185257 -6.46439 -8.87596 1
7.75564 -2.93067 6.75904 9.14597 -7.56143 -5.024 -10.5036 -15.7893 -8.08535 -7.08999 1
-6.83556 -8.9276 8.40536 7.11082 -7.18428 -3.79315 -9.98043 5.31622 1.42112 -9.1032 1
-5.9227 -9.25778 7.63379 7.80066 -9.73725 -3.01279 -12.9634 -6.93956 -6.43619 -9.60426 1
-3.90743 -7.42518 10.1177 -4.75666 -6.83592 -5.52528 -8.82466 -7.75805 -10.6474 -7.55141 1
-0.9698 -11.5103 10.9652 5.90028 -6.68776 -7.83155 -7.64857 -13.4013 0.00781308 -8.74349 1
-1.78508 -9.55417 7.97958 2.81033 -9.85642 -4.71873 -13.5011 1.6069 -5.15237 -7.9539 1
-2.25876 -5.82367 8.68501 -0.960531 -8.29983 -3.42924 -15.3393 -11.3002 -4.26889 -7.65456 1
3.55408 -5.25532 12.8614 10.5812 -10.2655 -5.62357 -5.46979 5.08214 -3.7558 -5.44211 1
5.20667 -9.02357 10.3203 8.08549 -3.00479 -2.20685 -8.52288 -18.4663 -9.35222 -9.65603 1
-5.8128 -5.82759 12.5451 2.42641 -7.56137 -6.50514 -9.75274 -0.915689 -8.80296 -7.79193 1
-7.05206 -7.62535 10.1753 3.79704 -7.17745 -8.52378 -7.89963 -0.550236 0.24395 -9.42803 1
-8.90663 -7.07475 13.3175 -1.14296 -11.3066 -4.48682 -12.0646 -6.77935 -8.55824 -7.58561 1
2.92011 -9.06804 7.95891 5.75979 -5.34541 -5.26576 -8.9551 -4.56746 -5.03322 -7.84985 1
1.95009 -9.17066 13.1657 4.26733 -7.3298 1.28582 -11.641 -7.06988 -4.71273 -3.29583 1
-7.61081 -7.32347 6.10765 3.29431 -7.21649 -4.95098 -6.09779 -1.89309 -5.33208 -10.9992 1
1.51586 -4.51902 7.04985 7.39369 -11.0686 -5.8994 -15.1251 0.788243 -4.79883 -7.97397 1
0.0398763 -9.22563 7.83113 6.81376 -4.51252 -6.17811 -12.3633 -13.3756 -9.25924 -5.96057 1
-6.18256 -8.54001 11.7898 6.4797 -10.7398 -2.89336 -9.76275 -9.02073 -8.6756 -9.46952 1
-0.94279 -10.4115 11.4667 9.69565 -6.3149 -4.70949 -12.8908 -0.929937 -3.60173 -10.396 1
-0.729192 -6.83025 8.29793 -3.98897 -8.31943 -7.59706 -11.6531 3.15968 -3.94324 -5.65501 1
0.91752 -10.078 11.0923 7.74199 -7.60782 -5.79057 -11.6341 -4.08392 -13.9442 -7.19298 1
-2.31116 -13.6118 8.80511 2.84344 -5.00542 -7.88595 -9.14363 -11.3176 -4.60515 -11.7182 1
-1.76256 -9.90441 10.186 2.61736 -7.63369 -5.52838 -19.6782 -5.97407 -6.73065 -8.55589 1
-7.05727 -10.7302 6.97345 6.8 -7.9701 -2.29675 -10.3707 -7.98517 -8.56319 -6.17844 1
-1.86765 -8.94819 6.31347 1.14223 -8.6287 -5.21093 -17.0205 -8.22685 -4.56169 -6.92154 1
-3.82665 -1.81145 9.69651 12.1688 -9.86231 -4.78838 -10.2184 0.640866 -0.894558 -8.41111 1
-4.09561 -6.74922 11.0391 5.94682 -6.60189 -6.11741 -13.0523 -18.2711 -9.56604 -7.44906 1
-2.81077 -7.20583 9.35599 2.80345 -9.37052 -2.89296 -7.73443 -18.0474 -7.68357 -10.853 1
-6.58269 -5.45109 9.87905 8.99466 -9.92118 -4.84488 -15.3726 -6.87024 -7.07729 -7.66059 1
-3.09747 -7.59357 10.1891 1.30629 -7.36744 -6.71931 -9.58656 -11.1827 -0.134644 -8.2514 1
-3.30799 -4.06426 7.52634 7.70745 -6.03647 -7.43662 -11.078 6.42994 -12.9501 -10.5531 1
-3.5991 -12.3851 6.09219 -4.39981 -12.3641 -7.71624 -14.5813 -6.75095 -6.24348 -9.70599 1
1.13787 -10.5367 8.66584 14.0371 -3.67358 -5.50752 -7.34451 -8.44091 -6.03559 -10.8798 1
-4.90916 -5.22307 7.49759 -3.13809 -9.57086 -6.3797 -9.10886 -3.18455 -7.33033 -7.13258 1
-7.23588 -6.3651 11.8341 7.25204 -9.50886 -6.8427 -9.90238 -5.10344 -4.95907 -10.0442 1
-5.28059 -8.24602 8.99126 0.572825 -7.30388 -4.65798 -10.6258 -2.60571 -9.17775 -12.068 1
-4.3048 -12.8183 9.2807 3.89717 -6.0162 -4.52792 -8.88891 -7.71571 -4.07388 -7.89555 1
-5.59611 -8.14581 8.43885 4.91727 -7.17089 -7.74727 -6.91281 -17.046 -9.19874 -12.1602 1
0.0502957 -11.1141 9.75416 2.38126 -9.07686 -6.22151 -7.69261 -9.95151 -9.77048 -7.84273 1
-3.66587 -4.46039 7.68813 -2.33555 -7.71056 -2.29004 -11.8715 -4.6948 -5.63768 -9.92464 1
-0.599719 -4.86053 8.17957 -6.47803 -11.9304 -3.46601 -5.82983 5.68608 -7.77674 -9.40513 1
5.08145 -9.88987 10.4635 6.54179 -2.64473 -7.87347 -6.09774 -7.09055 -8.22973 -10.168 1
-1.81402 -3.02579 11.1872 10.045 -9.58556 -6.44426 -10.6927 1.4951 -1.04475 -7.06177 1
-1.80751 -9.08806 9.47716 9.88134 -7.22907 -7.8797 -6.64365 -9.09241 -13.9028 -10.6762 1
-2.14883 -9.08006 14.2019 7.3836 -7.26988 -6.53532 -8.89826 -11.3235 -2.44317 -8.42724 1
0.757771 0.35616 8.99465 4.22354 -10.6805 -6.14597 -11.4701 1.87492 -7.94468 -7.98487 1
-2.2958 -10.415 7.88669 2.16192 -9.17952 -4.38254 -7.93185 -12.3627 -6.81555 -8.59855 1
-3.28961 -7.89883 11.1023 2.99673 -8.96973 -6.9453 -8.94885 -7.88893 -11.3973 -8.35692 1
1.15965 -10.8774 8.88903 6.62884 -6.7324 -3.90953 -1.49482 -8.62313 -4.92249 -12.5381 1
-3.94177 -7.06153 9.65197 5.9514 -9.92656 -7.20031 -10.5697 -14.5661 -12.477 -13.3376 1
-6.24863 -9.87184 10.0025 9.94951 -5.19146 -1.4234 -16.3836 -4.31672 -3.23633 -6.73827 1
-6.56559 -1.68262 6.92774 10.9179 -6.01768 -3.99559 -9.98732 1.60061 -7.76274 -9.38954 1
5.13188 -4.68259 10.7379 4.12725 -9.83152 -4.50615 -13.06 2.3639 -11.9126 -11.0406 1
-3.20229 -7.96493 11.3228 -1.4635 -8.38345 -9.37654 -15.4866 -4.6203 -2.96218 -11.0971 1
-1.92073 -10.0354 6.75142 7.04894 -5.95822 -3.95977 -6.32121 -22.9865 -0.474431 -9.52487 1
0.258725 -9.39675 9.72266 6.08013 -6.18101 -4.60393 -10.1203 -0.532993 -3.55167 -8.56009 1
-3.35983 -6.05768 8.36985 -1.73749 -4.63158 -4.99956 -8.89532 -14.209 -5.53823 -9.17139 1
-2.22299 -5.6664 8.58313 1.27777 -5.5728 -4.35745 -9.36961 -0.560246 -5.8741 -10.1742 1
-4.90204 -6.46036 8.99297 8.20956 -9.72286 -5.14136 -8.46339 -6.67436 -10.0272 -11.9163 1
-9.45449 -8.14177 10.5522 2.44539 -8.89627 -7.48628 -5.13695 -10.2407 -11.2828 -9.04687 1
3.73725 -10.5528 9.76853 5.55409 -7.12368 -4.59813 -12.379 -4.10365 -6.41998 -7.64649 1
-5.21007 -11.0981 10.7312 -0.447023 -8.48251 -4.80708 -8.82385 -0.503269 -4.97808 -8.0635 1
-2.11553 -11.2565 8.65464 0.219819 -10.3652 -5.13335 -5.8427 -15.4696 0.512048 -8.40919 1
-0.840265 -7.82274 7.13069 -5.38229 -7.70206 -7.97833 -3.72331 -3.75906 -1.85251 -8.75393 1
-2.47936 -7.07116 12.22 7.05341 -9.07247 -5.49887 -9.59203 -9.87553 -2.27144 -4.82907 1
-1.34796 -5.78496 10.3467 -1.30385 -9.76872 -6.36304 -11.0597 -9.52514 -6.35536 -9.16151 1
-4.05457 -8.52889 13.6163 -4.49103 -8.5869 -5.00012 -13.3177 -10.1878 -1.87462 -6.05772 1
2.74073 -7.7025 9.44886 -2.08692 -9.04371 -5.91556 -8.73954 -0.595087 -7.3736 -7.67519 1
-1.39458 -9.04335 9.53503 4.08644 -6.81295 -4.41707 -8.57916 -10.2247 -9.24551 -9.19297 1
-5.41666 -6.80804 12.4458 1.21359 -6.75676 -3.59001 -6.55008 3.2435 -10.4331 -6.59403 1
-4.92659 -6.82011 10.8677 9.52705 -9.41102 -7.09834 -8.48563 5.0513 -12.6261 -9.83153 1
-11.3679 -7.21753 6.42678 -1.71141 -7.77368 -6.4763 -12.4639 -20.5536 -8.69412 -7.47575 1
-2.7698 -5.26125 8.94766 9.56333 -4.03369 -5.83256 -10.2907 -1.68872 -4.76786 -8.88374 1
-1.00447 -3.41982 10.1735 13.2524 -10.2275 -7.55692 -14.1663 4.6259 -0.250847 -7.01577 1
0.490493 -8.34124 8.97314 0.846048 -7.34418 -2.82169 -9.61937 -2.51491 -12.9486 -9.64166 1
-4.99249 -7.38969 11.3041 -3.50664 -9.32476 -5.05949 -14.1929 -16.9912 -3.97916 -10.5046 1
-1.03789 -6.33217 7.16286 5.1655 -5.79958 -8.5358 -15.9501 -2.16279 -6.46354 -10.5288 1
-1.46981 -5.8802 6.24606 1.84114 -8.13797 -2.71635 -11.2159 0.63966 1.07528 -6.53052 1
-1.86401 -3.1351 8.93792 2.97541 -8.34331 -2.88034 -11.7986 -3.27175 -8.92673 -6.26544 1
0.879093 -2.97299 4.24058 4.81294 -5.85182 -7.41583 -13.2079 -8.24561 -9.09683 -9.86105 1
0.58769 -9.03582 11.8953 6.20958 -7.55379 -6.14138 -5.51324 1.84549 -0.440159 -7.84928 1
1.92504 -8.09155 9.78519 2.57837 -8.95106 -5.74137 -9.40329 -8.08222 -1.77217 -9.74293 1
-6.83284 -5.3613 13.7393 5.22463 -7.16291 -4.95282 -10.884 2.44335 -7.32652 -7.68658 1
2.68156 -12.7355 8.86633 8.37403 -9.13175 -8.5454 -8.44131 -11.373 -11.6682 -9.74333 1
-5.94861 -8.08699 10.5294 -5.22231 -5.08844 -4.7389 -8.52494 -0.0225439 -1.21992 -10.8927 1
-2.8368 -6.51111 9.78779 11.4513 -6.61591 -6.45505 -5.20382 -5.54736 -5.51799 -9.9071 1
-4.41907 -11.8662 11.3365 10.0346 -10.631 -3.99053 -14.7654 -8.43809 -13.333 -6.83796 1
-8.39479 -7.24579 10.8318 -5.12249 -6.08858 -9.83189 -12.0156 -14.0884 -6.08858 -7.03271 1
-10.6005 -5.87931 11.3705 5.90088 -7.16754 -8.77197 -5.67506 -10.5099 -10.3904 -7.2846 1
-2.95457 -5.37109 9.30216 0.201266 -9.78006 -7.10551 -9.76658 -7.46869 -4.94267 -3.86255 1
-5.25823 -4.85179 5.5566 8.11066 -9.64342 -2.19556 -10.7886 -8.04561 -7.38603 -8.74484 1
-2.684 -13.0712 7.82644 6.87523 -6.11139 -4.04004 -8.26945 -12.7658 -6.09207 -9.39126 1
-5.92335 -7.37277 12.0915 -0.707363 -8.33863 -5.87107 -1.14679 -11.218 -8.02289 -8.73288 1
0.573955 -11.0529 8.33957 3.7917 -8.45076 -5.60894 -9.37411 2.07629 -12.2595 -11.9034 1
-2.178 -6.09935 15.7255 -3.62211 -9.39826 -6.55464 -9.28324 -2.0109 -9.55829 -7.6637 1
-3.6354 -6.99126 9.97885 5.29825 -10.3436 -7.2517 -6.71557 0.396911 -5.81151 -10.6232 1
0.502003 -2.95622 9.81148 -0.578321 -10.9087 -4.68178 -12.6856 -4.6041 -5.56155 -4.85964 1
-0.929391 -4.53682 7.25556 7.98238 -10.0952 -2.19919 -10.066 -5.21376 -9.27594 -9.52036 1
-3.25405 -5.29318 8.50716 4.18694 -9.55659 -4.77243 -8.22147 -14.1198 -16.1211 -7.11447 1
-12.8694 -6.09639 7.47599 11.3242 -7.56429 -8.20143 -13.2738 -2.50139 -13.977 -11.5736 1
-6.13226 -6.58452 9.29944 11.2487 -7.52569 -6.81612 -9.33285 -3.8138 -6.94442 -8.15554 1
-7.39461 -8.67662 12.315 1.16889 -7.54903 -5.94515 -10.9599 -10.3972 -6.24096 -13.0795 1
-0.404271 -7.82409 12.4096 6.47861 -8.62664 -6.51918 -10.4356 -0.835086 -15.7929 -8.5933 1
-7.85868 -5.16387 10.1525 3.00117 -9.07217 -3.82657 -12.5429 -10.1291 -9.50207 -9.33143 1
-0.419463 -7.37287 8.2193 9.91638 -5.24551 -3.21255 -4.86941 -16.6674 -13.0166 -9.61119 1
-4.60836 -7.91564 10.929 4.63033 -7.11105 -4.28431 -14.8052 -5.38169 -5.3396 -6.55201 1
-1.2328 -3.84409 10.2943 5.73382 -4.92805 -5.56164 -6.5453 -17.018 -6.19 -4.57435 1
-8.24438 -7.34008 5.84249 4.04619 -7.61369 -4.16264 -6.14246 -6.06875 -9.94848 -10.0625 1
-10.2584 5.46672 -5.69841 3.19232 -13.154 -10.2467 -3.11891 0.415336 2.75727 -9.41962 2
-2.03059 6.61073 1.76065 -7.91545 -14.209 -4.63248 -2.98203 -6.25922 9.80495 -16.1466 2
3.13292 -4.44753 -17.8807 -6.54624 -10.86 -6.43191 -5.69444 -4.2625 15.6786 -4.23793 2
-0.245722 -1.90179 -23.8114 -6.78674 -5.64279 -8.27246 1.06332 -3.7488 16.4808 -10.4567 2
8.08609 10.6642 -21.1158 -11.3617 -13.109 -7.83388 2.109 -5.17856 -2.53086 -9.70873 2
-12.7752 -12.0286 -17.2308 -0.0479421 -7.94258 -5.50379 -5.40557 -6.58748 6.40444 -4.92432 2
-5.14308 23.4309 -4.97423 -4.54446 -4.85376 -11.9917 -0.752696 -6.0532 6.41115 -11.7448 2
2.2104 -8.14196 -0.24793 -7.77075 -9.58032 -4.77967 -6.16945 -2.88595 13.6967 -3.21423 2
5.04533 12.1674 -4.28183 -4.7276 -8.06607 -7.32778 -0.40863 -9.40031 11.4885 0.363538 2
1.02312 17.4296 -7.54662 -10.6954 -1.29238 -8.30233 4.36748 -7.86562 5.49028 -16.2607 2
-6.06639 11.5376 -14.2145 -0.493333 -7.62306 -11.3107 2.43325 -7.58599 11.3166 -11.0436 2
-5.52041 7.24782 -9.0074 -4.83604 -15.8483 -10.808 1.01246 -1.12915 7.27005 -6.21607 2
5.08667 14.7097 -1.58864 -6.42848 -13.8252 -7.12358 4.42746 -5.40129 10.4372 -8.86516 2
-0.828325 6.22415 -11.7557 -5.29885 -12.575 -2.82216 -6.11691 -6.56516 -4.17742 -7.32426 2
3.35766 12.6097 -23.2851 -10.5245 -12.5291 -12.5725 -1.88092 3.10404 16.8768 -8.82924 2
10.5235 0.272372 -16.0714 -6.48122 -9.62097 -4.55851 -8.18785 -1.77702 -3.3202 -5.10421 2
-5.17369 7.68472 -6.92981 -7.62576 -5.74182 -14.294 0.300854 -10.7347 2.76845 -9.56765 2
-15.9513 17.5137 -0.646652 -13.6907 -5.60464 -9.07882 0.344568 -7.6032 -5.14854 -8.77738 2
5.72484 15.1463 -13.161 -1.30484 -1.67418 -9.45953 -4.00565 1.66862 1.89749 -9.0014 2
4.18241 10.8587 -8.61763 -3.40608 -10.524 -7.72756 -3.17076 -2.46206 4.19411 -6.39019 2
-6.77344 18.8392 -5.38797 -18.4644 -9.67834 -8.67339 -1.54729 -3.30611 1.13932 -6.77567 2
-6.22516 -1.93935 -15.0941 -14.4556 -14.7693 -6.73099 -0.0864068 -4.20017 10.2226 -2.89075 2
1.28453 10.1492 -13.6026 -4.8982 -13.4249 -2.07575 -7.46769 -5.73894 11.561 -10.6355 2
6.64392 11.0105 -6.10613 -24.1668 -6.85081 -4.94953 -4.57095 -4.27902 2.2574 -6.36802 2
2.66017 14.8552 -14.7616 -14.9104 -2.65048 -3.1043 0.904692 -4.83264 4.3592 -10.3824 2
3.08942 8.29896 -5.65872 2.67854 -11.8182 -6.784 -0.452416 -8.84387 9.97268 -12.4886 2
3.16859 20.761 -18.2605 -2.83686 -10.4946 -12.9506 -1.25934 -4.12008 3.45281 -18.0735 2
-2.52615 26.4048 -4.41475 1.55516 -11.8985 -8.73193 -5.07613 -7.52457 10.2688 -3.43042 2
-2.23568 4.75818 -10.2189 -5.7019 -10.4827 -9.6617 -2.90999 -3.70877 10.422 -16.3007 2
-11.5155 12.2999 -13.5766 1.39653 -8.45654 -9.26624 0.944284 -2.35932 14.5995 -9.79003 2
-3.48843 -3.44694 -3.93462 3.75843 -8.76768 -10.8386 2.52564 -1.06962 9.03032 -3.92132 2
-1.80615 10.1015 -22.5725 4.68769 -13.5551 -7.05502 -5.26328 -1.78535 11.5722 -4.69822 2
2.05481 9.41387 -27.1225 -3.28024 -9.92891 -7.4227 -5.12665 -4.53406 8.22659 -17.269 2
4.21174 5.98205 -23.4514 7.18482 -9.2405 -10.2079 -4.63916 -8.85214 2.13232 -6.48874 2
4.71483 5.1601 -2.27515 -7.48676 -15.0078 -2.03238 -6.22859 -4.66319 -3.71689 -3.33585 2
-7.19429 11.9694 -13.7278 -8.31871 -9.85264 -7.72829 -2.86053 -8.34571 1.23584 -4.7366 2
10.4607 17.5782 -12.272 4.94421 -13.1613 -5.80792 2.19667 -0.0268507 9.16639 -9.09584 2
4.42895 -5.46506 -7.28299 -10.5325 -14.4289 -8.8952 -6.28046 -4.24628 1.41757 -17.1769 2
10.8524 13.2411 -7.94495 -2.46329 -7.04006 -7.33934 -1.75835 -5.19578 -6.11746 -4.99826 2
2.18367 20.1091 -21.2973 -2.29032 -7.96583 -7.86776 -2.17978 -7.65494 3.90119 -8.73196 2
5.54319 7.36753 -12.6979 -3.02805 -19.258 -5.60167 -2.03663 -3.04426 11.371 -8.50531 2
13.776 9.17812 -7.07123 -2.0203 -3.86948 -10.1981 -4.94802 -2.62837 2.29079 -8.79306 2
3.20157 -8.15371 -8.29927 -8.56085 -8.0595 -9.92871 -1.29834 -2.86135 6.53736 -7.36345 2
-7.4915 10.8141 -7.23337 1.24871 -12.6322 -10.2391 -1.81966 -8.91841 9.87441 -15.1978 2
-10.5052 2.40899 -2.83126 1.59108 -23.4746 -8.39408 2.95659 -2.02814 13.1516 -4.6467 2
-8.43976 -3.2006 -14.864 -5.07921 -18.7011 -8.69992 -0.14244 -5.37914 6.46199 -7.05225 2
-5.20426 13.6679 -10.178 -2.01602 -11.4215 -10.333 -1.73613 -4.54979 3.74517 -8.72718 2
0.500885 6.39407 -11.4047 -5.09029 -13.5872 -2.11621 -2.64835 -7.24231 11.2929 -12.6482 2
-4.86958 -7.91637 -13.8399 -4.5292 -4.71611 -4.68655 -4.2526 -1.32292 -3.25042 -10.3766 2
9.89582 11.8564 -7.51209 -13.7696 -9.98819 -7.78063 -2.84725 -6.14961 11.4448 -15.4969 2
1.44425 15.4331 -7.19139 -10.3505 -13.0452 -9.62133 -3.42082 -4.15407 9.57336 -6.39073 2
5.80046 12.6656 1.67217 -5.30684 -11.3947 -5.74781 -2.88198 -6.5756 9.31136 -8.00097 2
12.411 3.11253 -22.6288 4.47307 -17.0192 -12.3474 4.02549 -5.67122 13.5565 -9.20976 2
-8.53881 11.665 -11.0522 2.07009 -7.66766 -13.3145 -1.78663 -6.61609 10.4411 -14.4884 2
1.35478 22.1991 -18.0935 -4.45901 -6.55874 -3.99424 -3.30681 -8.19394 16.1842 -16.8006 2
-1.29529 11.6168 -16.7235 -3.72098 -7.80112 -9.59769 -5.64781 -4.0733 1.18472 -11.1293 2
-5.82645 2.00978 -23.6213 0.737911 -6.36247 -7.87118 -4.47317 -7.44627 -2.55486 -6.76526 2
6.69207 0.714622 -8.6971 -6.57655 -5.53666 -5.53943 -2.03698 -5.05833 8.40871 -10.1923 2
6.36889 23.0896 -4.11022 6.0274 -9.26511 -7.62063 -1.76522 -1.11154 2.49486 -5.24865 2
2.49769 8.24033 -17.4409 -10.2613 -9.97348 -3.34404 -3.34224 -3.24163 4.46578 -10.2455 2
-5.78863 2.36453 -14.8082 -0.542125 -8.86487 -4.74665 0.262059 -3.25247 14.3307 -12.0105 2
0.56151 7.5214 -18.0061 -10.5603 -14.1176 -3.53823 -5.68235 -6.80339 16.7906 -8.61953 2
-2.68969 4.69117 4.22014 -3.12017 -9.84865 -13.2935 -3.67871 -1.82041 6.99878 -5.86509 2
-2.72644 6.13453 -8.25025 -0.487781 -2.71565 -5.25612 -1.3093 -5.02389 5.22172 -2.43173 2
3.48142 -0.884551 -9.55209 -8.23239 -8.03578 -3.89002 1.09126 -6.91131 4.81917 -15.8116 2
9.37707 -4.39494 -15.5361 3.70339 -10.4298 -1.6478 -2.44569 -6.17879 2.14404 -10.5051 2
6.6951 -8.12319 -6.31725 -0.569092 -0.354943 -9.08755 -0.0869807 -10.3852 15.7367 -8.66225 2
-2.07548 -0.798549 -13.2713 4.66194 -8.22707 -8.82891 -1.78549 -6.85569 2.33695 -7.17866 2
5.03652 3.09732 -4.29619 -5.85329 -7.78155 -5.18417 -0.625252 -6.66193 -1.28796 -6.15351 2
-4.40549 4.49111 -7.9686 -6.0912 -6.10736 -6.73425 -2.17209 -7.49704 -5.55111 -11.1636 2
-9.02423 16.7289 -27.7824 -19.409 -5.68805 -5.09529 -1.26319 -9.93268 6.22142 -7.37304 2
6.47856 8.56311 -15.2648 -9.10617 -3.28882 -4.19775 -7.52883 -5.41772 9.00186 -7.09017 2
6.88761 4.38491 -3.03285 -8.64754 -11.8084 -12.607 -2.61422 -7.16945 16.9207 -3.60508 2
-8.02338 6.25511 -8.6899 -5.84757 -8.75356 -6.59324 -5.7877 1.74498 -0.162965 -10.3581 2
1.04325 11.0376 -12.6412 -7.63487 -5.76426 -9.8206 3.64685 0.00147429 -1.92072 -13.944 2
-10.2562 25.1883 -1.54779 0.135133 1.14902 -6.39927 -3.73613 -2.39974 6.64636 -6.38235 2
10.5282 2.49581 -9.59548 -3.2168 -19.3233 -10.0923 2.82767 -4.38395 8.38503 -10.4171 2
8.92419 19.8334 -7.26595 -6.65309 -8.79908 -11.2114 -1.09886 -2.98629 12.4036 -8.85323 2
-5.43992 7.05675 -3.07243 -1.70697 -6.31276 -10.3026 -1.63209 -3.91197 17.8021 -11.1376 2
-0.326331 4.48116 -9.12712 -7.2242 -6.31903 -8.41156 -2.60629 -5.32738 -9.21534 -10.6133 2
10.183 -1.18473 -15.6573 -12.5359 -5.01892 -7.4647 -4.80311 -8.59458 7.58389 -8.61626 2
-14.0277 4.50338 -10.0517 -14.4236 -6.68187 -2.01076 -3.14654 -6.19389 -0.814441 -10.7198 2
5.64685 1.18768 -19.1826 -11.625 -5.3719 -10.4543 -3.19073 -4.54756 13.4061 -12.3588 2
-7.45675 12.1529 -14.4421 -4.4214 -12.9354 -12.1074 1.13264 -3.26549 4.16262 -13.0832 2
-10.4293 -2.83853 -2.57713 -10.5598 -13.2384 -2.81043 2.19559 0.696494 -3.39161 -6.12688 2
-9.7565 7.53162 -12.2649 -0.179981 -2.18668 -6.98924 -7.80651 -9.40412 1.481 -5.99978 2
15.003 13.1633 -16.9321 -16.5439 -8.39557 -5.35327 -4.27732 -7.96411 9.85399 -5.38555 2
-16.3055 13.9096 -1.26797 -9.41945 -10.0228 -7.61759 -3.62787 -5.07214 4.56973 -11.8647 2
-6.87872 12.3087 -11.6243 0.448313 -8.93354 -8.15564 -2.71921 -8.61631 9.36696 -8.21561 2
8.767 1.26333 -24.6649 -4.31345 -20.3051 -12.1281 -3.1376 -3.11419 0.504767 -5.69776 2
4.96372 3.13783 -6.78547 -10.2245 -4.24688 -4.74737 -0.00302921 -8.94917 8.63944 -9.33469 2
0.210592 12.9516 -10.6349 -4.17221 -1.24479 -11.0339 0.109204 -3.52628 5.79479 -4.69943 2
-13.2798 17.324 -19.3937 -14.7763 -12.5469 -10.9441 -3.88073 -2.27975 14.9133 -7.37549 2
-4.02522 9.95963 -9.29297 -11.3581 -4.83923 -9.59444 1.1956 -6.0253 9.55471 -10.6466 2
4.2146 -0.988198 -5.73003 2.15963 -6.4292 -7.8054 1.19409 -5.24218 10.1131 -0.742557 2
9.86583 23.0806 -1.48912 -7.57028 -7.58547 -6.12618 0.395026 -7.3255 6.33632 -9.16249 2
6.06419 -4.40509 -14.1025 5.49908 -12.9492 -12.9016 0.111185 -1.21548 11.6694 -4.40771 2
-8.51478 11.2506 -13.1163 -13.3087 -12.9764 -10.4 -1.48518 -2.60545 6.82329 -4.17748 2
-0.635076 1.36744 -12.2335 -5.07328 -9.24685 -7.70937 -3.30521 -1.23541 4.14264 -0.757883 2
10.6642 10.1711 -20.0014 -6.2514 -11.9334 -8.52228 -3.31473 -4.71495 7.31516 -11.4518 2
3.3078 7.57286 -16.1753 -3.31552 -15.5963 -4.85648 -1.74056 -6.90428 16.3049 -21.6381 2
-2.46478 1.70362 -13.4048 -1.30871 -2.68362 -6.11612 -2.44952 -0.054389 17.2299 -3.79821 2
21.8623 15.5578 0.83002 2.73106 -14.764 -4.14166 -3.515 0.260012 1.30438 -10.1653 2
-2.75743 1.62471 -11.4969 -0.630637 -9.57135 -11.6962 -0.464115 -4.37314 24.6321 -9.17453 2
2.68454 24.4056 -16.0815 -12.4028 -26.1526 -4.10656 -5.96221 -8.65639 10.8478 -7.52488 2
-2.60177 8.45183 -5.02801 4.39041 -6.17363 0.0618205 -3.61877 -3.65533 17.0492 -8.60524 2
0.517683 20.3703 -1.496 -7.36469 -13.3771 -11.7176 -4.06694 -5.27599 5.46076 -7.10159 2
4.13346 10.2038 -12.0981 -3.7821 -5.30234 -5.7589 0.5303 0.425264 -2.24484 -10.7868 2
4.09947 14.2335 -4.9916 -7.37839 -14.0022 -2.21971 1.39668 4.18759 5.19009 -5.5333 2
-11.0079 6.30761 -13.3104 0.550994 -5.5519 -5.73279 -5.13292 -6.94486 3.11784 -6.35895 2
-4.80185 16.3735 -14.3028 -5.2265 -4.59062 -10.297 -0.0496066 -7.95343 4.82927 -10.4929 2
-7.82146 -3.02312 -4.67206 -8.04459 -3.91874 -11.8038 -4.06259 -1.34143 4.79894 -11.9775 2
1.87182 20.7739 -5.707 -2.81825 -12.6456 -13.7507 -1.15327 -2.54748 7.16853 -11.8758 2
-3.95727 7.41652 -9.08642 -11.2307 -6.93991 -10.0155 -2.44372 -5.41527 11.9917 -7.39171 2
6.65354 12.6959 -9.83103 -1.7382 -9.38681 -11.6621 -7.59891 -3.91038 12.7798 -7.84056 2
1.97157 5.35122 -24.7524 -5.41588 -17.0976 -4.72157 -2.82594 -0.966662 5.18463 -6.45806 2
10.0535 18.591 -10.7633 1.58083 7.53614 1.24837 -4.21969 -3.76786 9.8609 -13.4349 2
-3.09165 -6.12103 -5.2693 4.87347 -12.0679 -12.5802 1.18918 -3.91096 4.47481 -6.16436 2
8.64569 2.43153 0.27215 -4.09082 -2.28352 -4.69762 -2.1303 -5.13886 -2.20098 -17.4466 2
-4.83545 18.4924 -0.334889 -4.45613 -6.39039 -10.4164 -1.94933 -6.71514 7.03069 -7.70781 2
1.96078 10.1048 -17.6639 -2.93324 -21.1047 -5.01405 -2.82661 -4.62378 0.728925 -12.4894 2
-3.21965 7.84662 -13.7792 -1.503 -3.47125 -9.01919 -1.80003 -2.81763 -11.7599 -11.5667 2
9.8348 16.5864 -19.5821 5.0498 -9.04675 -5.31781 -0.634707 -3.0558 -2.61478 -6.47239 2
6.30265 -6.46606 -6.63073 -4.93397 -6.35578 -9.58661 0.651825 -2.41088 4.39372 -6.41634 2
-17.0441 13.954 -7.77852 -4.23017 -3.48248 -3.49087 -1.9888 -5.67019 10.3134 -13.4122 2
-2.86436 10.5449 -15.264 0.774905 -25.0477 -6.6369 -5.5486 -6.66693 -0.519079 -7.55579 2
-4.28374 12.3137 -17.1548 -3.73553 -12.9158 -11.4247 -3.59352 -3.88831 -0.137507 -9.83372 2
-7.02647 4.81526 -10.5763 0.784301 -3.3008 -12.775 0.328919 -8.1041 4.29469 -11.2472 2
-2.36615 4.76562 -12.8016 2.12569 -6.61191 -9.83061 -0.312088 -5.73719 12.1211 -3.05496 2
1.31463 -1.74706 -6.67032 -12.4056 -14.2103 -3.10471 -2.3533 -5.73327 8.52145 -4.07443 2
-1.74907 19.3265 -7.81861 -4.00506 -13.339 -7.77249 -0.820419 -3.4118 1.73684 -6.72871 2
-8.89809 22.9665 -6.54304 -4.15786 -2.84721 -0.479839 -2.75154 0.649598 9.38894 -12.5034 2
7.27161 15.9883 -25.7919 -2.92413 3.20581 -13.3685 -6.77745 -5.05059 -1.11026 -10.6324 2
-7.18525 7.03142 -11.3637 -7.82999 -12.3405 -9.48389 -5.49121 -5.21303 4.46295 -17.1751 2
-2.7014 -0.0572764 -6.71979 -4.74653 -10.334 -3.90141 -1.21407 -3.68535 11.2852 -3.87219 2
6.62215 8.98363 -8.22632 -7.13353 -5.82978 -5.70988 1.81049 -5.6148 8.70159 -9.60087 2
2.66401 12.1557 -14.1216 -2.69115 -3.72881 -14.0628 1.25055 -5.41249 10.1156 -8.58634 2
-6.34788 5.63948 -1.74263 4.45929 -9.15296 -4.79775 -3.74918 -13.7398 1.30811 -1.34301 2
4.42878 2.73261 -28.2907 -5.59082 -10.6146 -6.80112 -5.60391 -5.10644 9.68178 -8.30951 2
-8.82085 3.80277 -16.0373 -9.80593 -1.00073 -9.12358 0.418485 -1.49765 3.43367 -16.0067 2
19.5388 15.7218 -8.8424 -9.53001 -1.75078 -13.4574 -2.61545 -4.87981 3.79742 -12.4322 2
2.41559 -1.93377 -9.81234 -6.23688 -12.0365 -3.05635 -6.89196 -3.46748 6.66867 -8.79818 2
14.8734 12.8973 -6.34642 -1.40749 1.17849 -7.10687 -0.867372 -5.68401 12.021 -13.211 2
0.100681 7.61125 -12.9328 -17.5387 -6.49591 -4.04985 0.771952 -4.75749 0.249841 1.48986 2
-8.88793 10.1844 -8.92566 1.35903 -7.43506 -16.0028 -1.25992 -2.46757 12.2533 -9.36142 2
-2.18295 5.24605 -8.59393 -3.76103 -13.0669 -2.12477 1.90203 0.157978 3.28054 -9.31773 2
0.871521 10.2683 -19.8571 -0.115728 -8.01859 -9.37701 -1.6355 -1.07158 5.77888 -0.744435 2
-4.03804 -2.09112 -23.7989 -4.68914 -2.12653 -9.55721 -2.52351 -3.0011 2.96074 -9.92993 2
3.71906 16.9916 -7.00061 -4.03303 -9.00095 -8.92256 -1.30232 -1.92141 -5.86528 -10.9628 2
-5.03943 -4.39319 -16.4593 -7.81129 -17.5065 -4.11748 -3.82493 -4.20333 11.0453 -3.95254 2
-6.49999 8.93419 -21.7984 -7.64727 -17.413 -7.40456 -4.71583 -5.94598 0.842776 -7.9746 2
-9.20761 0.689243 -10.3616 -8.99199 -10.2952 -7.20847 -3.01728 -3.42882 18.11 -10.1926 2
-9.78004 16.2294 -18.3344 -1.44108 -9.86746 -5.27403 -1.04318 -8.95324 6.12658 -11.6804 2
7.04231 10.4255 -7.73063 3.82745 -8.99451 -2.10796 -2.50664 -9.62196 14.4269 -5.13817 2
2.22347 7.98014 -18.7245 -15.9207 -8.22635 -7.61402 -2.93496 1.18195 -0.42813 -0.786005 2
-9.65864 2.60513 -11.1392 -2.36947 -6.51086 -0.58666 -0.0210201 -1.43046 3.19302 -7.84003 2
4.44829 13.6391 -12.5127 -7.37978 -16.3844 -6.25188 -2.53062 -4.61483 14.4543 -3.52129 2
-5.21846 7.37983 0.245536 2.48441 -3.75434 -7.43458 0.783355 -3.79731 13.8021 -4.07406 2
0.109387 16.4871 -4.07635 -3.1616 -9.16587 -7.10153 -4.95689 -2.13376 14.2396 -17.6799 2
0.773158 -4.10533 -18.4096 -1.5423 -11.649 -10.8994 -3.32301 -8.86945 10.9619 -1.06525 2
9.54074 -4.75796 -10.9822 0.0488145 -9.26913 -7.9807 2.63255 -8.13435 16.2312 -8.20035 2
7.60056 12.2062 -6.34218 4.16577 -21.0523 -6.85233 1.08975 -8.85758 9.43669 -5.91125 2
2.89917 2.00403 -17.0086 5.33433 0.331464 -2.03678 -1.66135 -7.60856 3.64994 -9.23879 2
-0.290349 3.07335 -15.404 -4.24455 -4.15761 -6.96936 -1.14387 -1.25606 4.95767 -13.2783 2
1.39118 12.1187 -4.68516 -4.34199 -13.297 -9.46225 -2.70085 -10.4648 3.23732 -1.78182 2
-9.41341 10.8008 -9.77179 3.21874 -4.6406 -8.30888 -5.10821 -5.24922 3.06975 -10.4148 2
-4.51249 12.335 -1.62624 -3.51473 -17.4869 -3.16515 -1.67161 -5.61653 11.6357 -1.27848 2
0.927007 12.588 -7.36067 -14.6331 0.2974 -5.01472 -2.39469 -3.67166 4.70763 -9.55034 2
5.92528 13.124 -15.7088 -8.99596 -5.15968 -10.0814 2.84771 0.0849753 7.48538 -18.9592 2
-0.286498 -6.56564 -12.3729 -10.9217 -11.225 -9.13534 -0.358056 -4.5657 2.41496 -7.37583 2
5.96142 12.8206 -9.14759 -6.75498 -2.25994 -5.5325 -1.56885 -9.83455 8.0797 -7.56664 2
3.02939 -12.1752 -21.2349 -4.33311 -13.4433 -7.87722 -7.44541 -10.9157 9.9553 -12.5498 2
0.432358 0.38639 -12.8516 -2.54433 -2.43356 -7.57195 -2.38249 -1.94511 12.4668 -13.3337 2
-10.8809 2.36585 -10.9904 -1.82139 -2.52638 -12.3196 -5.65071 -4.28636 5.21461 -6.28719 2
-5.80656 10.0882 -12.6182 -7.2731 -10.0492 -6.27076 -4.76754 -4.92704 1.51002 -11.0884 2
1.76522 7.12897 -11.2845 -12.9482 -1.91602 -7.225 1.96533 -7.31735 1.10258 1.92341 2
9.38769 -4.91288 -0.489638 3.75515 -18.6914 -6.20872 -1.56065 -5.78856 -1.27744 -11.983 2
4.38757 2.24647 -9.45838 -11.415 -15.6445 -3.66835 -3.66676 -2.5891 4.95544 -7.12077 2
-3.44574 12.1899 -14.9425 4.17186 -24.2755 -3.7017 -1.13723 -3.48742 14.1499 -9.55764 2
-8.91388 23.8988 -18.2623 -2.03474 -11.1874 -4.42489 -0.948673 -4.71752 7.63616 -15.9386 2
4.42582 4.21637 -7.14259 -3.68146 -7.41219 -6.83252 -0.750004 -2.5346 0.259383 -4.69621 2
9.01603 3.62081 -7.27194 2.02129 -6.7258 -7.6535 1.90294 -0.784521 12.8586 -6.72619 2
1.89439 11.3842 -3.23149 -3.3641 1.11179 -7.15459 -3.03474 -7.43074 6.02733 -4.3006 2
-6.70252 13.8107 -10.2695 -0.375362 -9.49146 -5.92692 -0.987439 -5.74387 7.57746 -10.6992 2
-1.79986 6.11776 -5.27374 -0.655443 -4.55733 -11.9704 -2.39801 -3.83802 0.970958 -1.56135 2
0.212514 15.3084 -7.74508 -14.0665 -11.845 -10.7351 -2.48654 -8.36114 9.05322 -10.678 2
-7.16337 8.60903 -8.54781 -8.17398 -5.63724 -9.16786 -6.02416 -2.83849 0.616432 -6.31149 2
3.67925 12.2921 -0.888012 -0.889212 -8.89377 -9.80986 -3.97989 -3.02701 5.70918 -12.4282 2
9.40403 10.9351 -6.47104 0.348029 -2.68568 -4.47068 -4.65911 -6.96839 7.58531 -7.56875 2
5.63859 23.976 -24.1331 -9.50987 -10.1056 -7.43074 -0.0110929 -7.00624 7.56139 1.97632 2
-14.0703 17.4088 -9.31126 -1.70696 -9.27119 -4.96608 -3.32266 -0.661426 2.46018 -8.58586 2
-9.88179 3.48825 -13.5547 -3.21225 -9.19878 -8.88818 0.159903 -6.04026 11.3018 -17.2851 2
10.4535 14.1568 -13.4848 -11.2396 -12.9277 -7.3323 -0.731458 -3.37285 8.40474 -12.0221 2
6.40864 8.48224 6.10222 -6.71328 -5.61674 -7.38246 -8.48225 -2.66665 13.6279 -13.5739 2
-14.067 3.26864 -7.33527 -11.1956 -8.40805 -0.955755 -2.16434 -4.00973 5.12765 -0.0503922 2
-1.75977 -8.06118 -4.03385 2.91141 -6.08518 -5.17705 -5.98717 -6.43163 5.32555 -6.46049 2
3.34821 9.80981 -13.571 -11.1303 0.662508 -7.09034 -3.74667 -4.82306 3.73119 -11.8162 2
-1.01235 2.92353 2.69827 -6.48119 -10.9623 -8.06045 -3.95315 -2.65924 9.12654 -9.17886 2
-12.4181 10.4084 -9.00637 -7.51102 -0.740504 -8.7053 3.62038 -10.9611 2.76301 -10.9005 2
6.77713 9.49262 -4.79763 0.937504 -13.4952 -8.33431 -2.20814 -8.1795 5.90327 -6.43202 2
5.44199 9.55735 -17.4194 -5.07249 -20.8865 -5.07287 -3.48545 -3.01069 2.28371 -7.69808 2
2.2373 0.392768 -1.84495 -12.3729 -12.677 -5.60146 1.42679 -2.855 5.21857 -11.8666 2
-11.749 12.6725 -6.58239 -4.09087 -12.1063 -5.69082 -5.32394 -3.81077 10.7669 -9.95934 2
-1.9589 8.40322 -6.27835 1.22179 1.46295 -10.0299 -0.969446 -8.67937 10.6243 -1.522 2
8.08519 9.82001 -5.41771 -12.1061 -1.90915 -14.5082 -0.788034 -2.5299 11.8188 -11.397 2
-12.9206 1.30663 -7.89595 -16.6912 2.03861 -6.48004 -4.98419 -1.53523 1.46319 -7.29241 2
-0.830631 2.76499 -9.32765 -3.78435 -18.7715 -9.4177 -6.53316 -2.31451 -0.82048 -13.4683 2
-1.35565 7.12146 -16.5371 -6.25122 5.60716 -11.1276 -0.328375 -3.48154 4.23953 -15.911 2
-1.04753 14.3438 -12.6017 -1.42442 -23.7249 -6.05936 -2.34825 -0.233295 8.31262 -8.15137 2
-18.5724 -0.144874 -11.8211 -18.0433 -12.7601 -5.45602 -5.95285 -4.35449 11.2315 -11.5556 2
9.12288 3.90663 -12.328 6.37294 -7.50639 -4.44643 -1.54647 -6.2213 -4.8333 -10.2888 2
3.28339 18.1486 -14.8107 9.70588 -4.79746 -3.20109 -1.16493 -5.34205 2.82236 -9.81009 2
-6.68753 -2.48827 -11.0811 -7.18573 -3.80541 -11.7014 -0.38527 -2.9385 9.94134 -7.97071 2
-3.90322 5.88421 -13.6374 1.87441 -15.1516 -8.23493 2.21407 -3.0355 5.84226 -5.68679 2
-7.92467 12.3301 -11.1767 1.91387 -2.80079 -7.65106 -7.80025 -10.1765 18.5286 -7.21041 2
8.1866 2.84146 -13.6604 -11.016 -15.6928 -4.02501 -0.91693 -1.33331 15.6008 -13.7779 2
4.508 0.984518 -10.3212 3.12951 -11.9798 -8.34969 -6.15867 -5.85513 -0.294749 -7.20576 2
11.5844 9.21587 -17.2368 -4.10393 -5.21344 -8.57657 -0.609329 -9.92657 4.8029 -10.2261 2
3.06017 4.18804 -5.28993 0.968046 -7.32348 -6.58504 -1.79296 -2.73474 0.515681 -12.4884 2
-6.61106 18.3019 -17.606 -2.36528 -13.5693 -9.16456 -1.81713 -3.0282 6.93594 -12.9086 2
1.03339 11.041 -9.01235 1.25948 -6.0675 -11.0313 -2.43835 -2.63781 13.9198 -13.3636 2
0.396124 22.3263 -12.1966 -10.9564 -11.8826 -7.98981 1.28291 -2.57998 7.13863 -8.10298 2
-5.4598 17.3683 -9.1084 -4.58857 -19.8215 -9.54335 -1.76787 -6.09828 6.84879 -6.74324 2
-10.2693 4.09532 -1.9993 -10.9369 -18.1757 -6.7999 -3.73483 -8.20187 10.2343 -0.999898 2
6.13344 7.12196 -4.96964 -5.22604 -3.62664 -7.91368 -4.33193 -0.0264932 11.6942 -0.414949 2
-5.62488 10.091 -0.30541 -13.1332 -10.7642 -6.4292 2.55315 -3.93303 3.27891 -13.4775 2
-0.716541 1.69341 -17.2142 -1.37922 -10.6922 -6.08496 -6.66878 -6.62604 7.92102 -2.68806 2
10.8994 2.72437 -8.39779 -5.75564 -5.16135 -5.08322 -4.60456 -5.17785 -4.47209 -10.4731 2
9.06164 10.0743 -7.90241 -2.55702 -15.1427 -8.55635 -3.9633 -3.65203 5.27546 -9.06919 2
6.69487 10.5787 -10.1713 -3.57835 -15.6935 -11.8123 -3.77216 -3.55512 8.61611 -2.34665 2
-12.4294 2.23966 -7.15033 -2.61932 -5.61161 -9.60149 -3.56738 -8.0645 2.37749 -9.4829 2
6.39322 -5.73592 -13.4831 2.12045 -9.30269 -11.9442 -2.67812 -0.754839 11.0949 -10.7902 2
-0.329976 11.3579 -4.39374 1.39453 3.09873 -5.04266 -4.35694 -4.1634 9.67469 -10.8375 2
-5.59125 18 -10.4267 -11.4776 -0.0851335 -6.86914 -4.23498 -3.96422 -0.245721 -12.8031 2
1.52814 6.54492 3.66754 -3.27198 -14.4109 -8.16978 4.19816 -5.27019 12.3298 -11.1286 2
-28.2439 -4.69957 -11.0876 2.5194 -25.1901 -7.57237 -2.84631 -1.59515 11.37 -7.43465 2
8.45047 6.64168 -10.1733 -10.455 -23.3275 -12.6576 -1.7106 1.24956 5.23392 -10.1889 2
-9.08763 17.1236 -1.98791 -10.8683 -12.2803 -9.98553 0.19429 -5.48366 4.83592 -9.34049 2
-7.20166 4.51192 0.0884446 3.46861 -6.00119 -6.08735 -3.35219 -4.58813 8.482 -7.98002 2
-11.3349 -0.655173 -7.30712 -2.90043 -4.51925 -8.9573 -2.30196 -6.49411 16.2039 -14.8916 2
3.28182 13.0147 -5.19813 -9.8903 -10.6131 -2.19694 -4.49479 -4.50481 8.86081 -3.75229 2
-7.41158 2.00084 -17.0103 -3.81762 -8.29047 -9.2536 3.19368 -5.98585 9.4848 -13.2152 2
2.01003 8.77452 -17.0269 -3.96132 -14.5031 -9.56402 -1.87774 -3.0527 7.43729 -4.59688 2
1.37833 6.41054 0.473061 -1.5053 -0.5487 -5.00731 -1.66915 -5.95773 -5.41659 -7.8562 2
0.461123 13.7802 -7.05364 -11.4889 -17.0282 -12.6306 -2.32359 -3.63936 8.62812 -9.53716 2
6.30807 12.9809 -6.44729 -8.69749 -11.965 -2.97203 -4.03313 -6.11138 2.22839 -8.47873 2
-4.02971 11.1967 -15.2938 -7.15079 -8.95735 -9.67641 -5.50742 -8.69972 3.82083 -11.138 2
0.669264 3.69649 -9.91933 -2.03728 -6.81596 -7.99817 -1.01656 -8.98071 1.24198 -5.28623 2
2.40494 4.11501 -6.70328 -7.5047 -10.5613 -2.51603 -2.34005 -5.84171 4.29748 -14.686 2
-16.8516 1.39935 -3.31566 5.89142 -6.29836 -6.95928 -7.13053 -3.36554 -1.52969 -11.5307 2
6.98445 2.65633 -4.03973 4.97836 -7.35303 -9.78763 -3.45518 0.795843 15.505 -12.2331 2
-16.2508 6.67878 -8.80603 -1.07064 -8.761 -11.1525 -2.33769 -3.25347 15.3328 -9.87922 2
5.46707 14.3766 -11.1589 4.25635 -14.4007 -8.10495 -5.6851 -2.61239 17.0856 -1.9352 2
-10.2296 6.1245 -7.86762 -9.41816 -17.1388 -14.9935 1.34221 -3.77641 1.50502 -5.63597 2
19.1321 12.6953 -14.1174 -5.54961 -10.985 -3.35967 -2.25814 -9.51332 -4.23411 -11.0457 2
-9.24502 16.8124 -16.0431 -11.9909 -13.6046 -9.5488 -0.133073 -4.50578 -2.02271 -12.0168 2
3.21624 21.5943 -24.93 -4.62837 -7.12689 -7.58687 -2.33943 -5.33022 9.50846 -8.52351 2
-13.8014 -8.44126 -7.66317 -2.49057 -1.89574 -7.982 -1.1834 -6.07557 0.951342 -6.36548 2
1.07833 3.99963 -4.22701 -10.6649 -9.04383 -6.21595 -2.9682 -2.42006 15.6332 -6.26767 2
0.315415 11.4323 -11.3246 -3.97476 -1.37065 -6.73027 -2.38056 -9.55626 2.78591 -4.96459 2
3.33301 3.04734 -12.7339 -7.01028 -8.78946 -5.52725 -1.80208 -0.0799152 6.03573 -3.90426 2
1.7865 5.12346 -2.59376 -2.74411 -8.58204 -8.94101 -1.95743 0.0862649 6.86274 -1.83932 2
4.75499 16.1387 -0.672218 -16.2653 -14.4301 -3.39777 -2.03393 -1.01815 13.5348 -3.97191 2
3.31927 -10.1863 -6.81608 -9.52948 -9.43804 -2.87599 -3.83357 -8.52491 1.50971 -5.82176 2
5.92814 0.617955 -7.54766 -7.79492 -13.0823 -9.20821 -5.64884 -2.8657 6.82781 -1.5917 2
-10.3486 19.4409 -4.58161 -7.90748 -4.69847 -5.39624 -0.959657 -2.35807 -2.40035 -8.31954 2
9.55335 27.3308 -12.4255 -2.29676 -3.75651 -9.94003 -2.04337 -7.17208 12.9164 -6.71511 2
3.08234 -2.06401 -31.4582 -13.028 3.38896 -6.28325 -1.32821 -5.57985 12.3484 -1.1559 2
3.16723 5.70907 -4.23082 -6.59265 -20.2798 -5.6359 -4.27247 -5.91265 16.1978 -4.56326 2
4.91738 12.64 -1.18669 2.19934 -11.581 -5.72533 -3.95318 -3.60882 2.99742 -6.80057 2
10.5815 2.19417 -20.6586 -11.7855 -4.98814 -3.58846 2.51217 -1.57545 9.184 -9.10529 2
-7.73127 20.8403 -4.52193 -4.77289 -15.7445 -6.14434 -5.88273 -3.90642 0.11891 -8.44037 2
-8.57388 -11.7443 -8.351 -7.13245 -2.95369 -7.56253 -4.96719 -5.18067 11.0195 -0.0304104 2
-4.81072 11.4502 -8.31838 -0.820443 -14.3763 -6.13289 -2.42987 -4.55186 4.19785 -12.1844 2
-2.08806 10.7124 -17.9419 1.22861 -4.13116 -7.40929 -3.31192 -7.9072 11.3404 -14.9098 2
-7.5755 10.6737 -10.3915 0.825263 -15.1539 -8.87432 0.0150786 -4.72491 3.89209 -9.3549 2
11.4343 4.11554 -4.12629 -0.843096 -8.30118 -10.6537 -0.700207 -2.21274 0.622815 -5.59359 2
-10.1932 18.0763 -13.8008 -13.182 -7.77312 -8.06266 2.91448 -4.78036 12.1139 -5.19369 2
4.1691 -7.28856 -6.97664 -6.09622 -13.6728 -9.00865 -2.65769 -6.41792 10.5632 -8.1556 2
1.68491 12.0747 -5.81744 -15.0754 -15.9549 -9.43433 2.64566 -3.55758 6.70295 -7.86698 2
12.6656 13.5046 -6.16021 -17.1448 2.68603 -6.71686 -3.34315 -7.12427 -8.63921 -7.62519 2
-9.38659 6.9768 -12.933 -3.61988 -14.6045 -4.98343 -3.56487 -2.71882 -1.11912 -8.07779 2
-5.35138 15.3869 -9.79871 -6.82589 -7.93888 -10.0475 -4.48455 -9.5569 -0.265871 -6.62913 2
-16.5079 17.3431 -12.168 -3.12948 -5.63264 -10.8879 -4.11499 -5.31719 17.5805 -13.3286 2
2.48465 5.05629 -7.46087 0.0325797 -9.8353 -8.28916 -2.23552 -4.01449 7.45369 -3.50954 2
8.07115 -1.50581 -15.1758 -9.09535 -8.06018 -8.84067 -0.534255 -3.23794 7.9484 -13.6282 2
-15.097 -1.59758 -9.43387 -2.55398 -19.5284 -8.9596 2.77366 -2.06345 6.96264 -6.33534 2
-4.67283 9.2988 -16.0593 -8.5672 -14.8807 -8.75756 1.3047 -2.88819 -3.31659 -16.6338 2
-1.87306 20.8351 -15.524 -18.0306 -5.12958 -3.93096 0.546333 -3.99616 10.0579 -6.2107 2
0.491852 7.59053 -11.1496 -2.69738 -13.4337 -8.90695 -4.19032 -8.33695 11.3677 -7.08336 2
1.26129 10.7404 0.181043 -1.74307 -6.92377 -1.27729 -2.39766 -9.36382 -1.48981 -9.84441 2
-2.07993 11.3514 -2.67342 -4.20012 -12.6264 -2.13312 1.24734 -10.9079 1.48385 -10.8155 2
-2.18741 -3.29662 -12.9789 0.65849 -2.12226 -2.05296 0.0142585 -7.88658 5.29833 -10.204 2
-7.13435 -1.43062 -15.9444 -4.56311 -11.3199 -9.36479 -3.05506 -7.068 3.76312 -12.0327 2
1.28402 12.9626 -8.79038 -5.71351 -9.59505 -1.57662 -1.10113 -8.79791 3.95448 -7.49464 2
-2.06322 12.1684 -11.2547 -10.5374 -11.7571 -8.56828 -3.1333 -1.87654 -0.714361 -4.16436 2
-7.26447 7.37965 -13.8192 1.25834 -4.21389 -11.9933 -2.39316 0.495313 4.51715 -8.80312 2
-3.07823 17.1412 -12.4642 -11.7113 -5.54798 -12.106 1.22416 -3.37085 3.75395 -17.7893 2
-12.5915 5.77206 -11.3588 -17.3132 -17.4553 -1.52994 -5.85945 -7.67593 -6.6976 -11.8515 2
-11.4739 -5.04161 -9.36905 -2.394 -5.47809 -6.20547 -3.27664 -4.72632 10.3001 -7.7691 2
-0.154221 0.350337 -10.766 -3.85588 -8.47429 -7.12792 0.923351 -4.11724 10.4478 -8.36154 2
-0.0377121 16.807 -2.53143 -3.4929 -2.65537 -8.25018 -5.61526 -1.82328 -0.143631 -8.07088 2
11.9823 12.819 -10.977 -7.93255 -17.5609 -4.84131 2.51267 -5.2693 3.49434 -7.54124 2
-6.05671 5.74355 -8.89521 -15.7151 -13.2709 -2.82269 -0.864972 -4.7454 7.00609 -6.68485 2
-8.00528 11.8365 -8.52824 -10.6295 -4.07855 -5.91735 -4.0496 -5.68174 2.79336 -6.02175 2
0.312702 2.07838 -9.41446 1.003 2.39947 -14.4203 -2.96087 -5.67499 12.3699 -4.96921 2
-11.3751 10.8182 -4.82056 -10.7295 -14.8569 -8.65767 -2.07805 -0.943384 2.22869 -6.3274 2
-3.19691 10.3916 -6.66178 -2.04007 -22.2925 -6.69558 -2.30353 -5.35487 11.0039 -2.8824 2
0.760708 14.4951 -0.180814 4.9491 4.25896 -4.15976 -4.18861 -6.7911 7.31089 -2.01435 2
-2.20971 -6.29754 -9.46535 -8.7728 -7.06139 -4.20122 1.54383 -5.6005 18.3568 -11.8817 2
6.16779 4.61776 -15.747 -0.260504 -8.45879 -2.6965 -2.04774 -5.28055 -3.74342 -7.45436 2
0.521836 6.80482 -17.3347 2.52911 -1.99662 -1.70067 1.16372 -6.39688 2.58207 -14.2535 2
5.32803 0.746427 -10.085 9.54448 -7.68103 -7.56402 -1.41214 -5.27748 0.825217 -8.59318 2
-8.88497 12.481 3.04972 -3.98905 8.5996 -9.96164 -0.773911 -8.29553 14.0609 -3.79562 2
0.713174 15.8634 -16.8802 -11.1721 -9.48801 -10.4942 -1.02815 -2.35404 -4.043 -4.28036 2
5.8961 2.23573 -12.3877 -4.98983 -14.5956 -5.34461 -4.5898 -7.14672 -7.54313 -9.52381 2
9.88975 14.685 -7.72669 -12.8183 -16.8061 -8.61584 -1.32868 -6.11695 9.15411 -0.163008 2
-5.49284 7.73864 -10.0694 -8.10047 -8.75462 -11.9115 -4.35486 -6.10193 2.85078 -5.88805 2
-13.8288 2.08196 -1.07722 -5.22854 -3.60478 -7.96136 -0.95831 0.131694 14.4839 -8.4305 2
2.02297 7.40908 -2.95872 -14.7004 -5.13664 -8.50774 -4.49221 1.12957 4.55202 -8.75981 2
-3.33982 -10.3691 -9.38288 -6.89151 -12.3105 0.532435 -1.53373 -4.69267 12.7912 -6.73934 2
-8.9983 0.169108 -7.97387 -1.63411 -9.11518 -12.0987 1.61656 -3.03265 15.4118 -4.54568 2
0.285557 18.2384 -5.1561 1.41264 -14.1365 0.664219 -4.40699 -7.3847 0.39992 -7.22261 2
14.3934 -7.29102 -24.962 -11.8902 -11.7646 0.0246297 -3.13909 -5.31785 -0.328568 -9.00252 2
-2.67241 -5.58946 -5.95314 8.05528 -13.4938 -8.12263 -1.65504 -4.84953 11.2964 -8.63255 2
1.56914 16.0141 -9.45203 2.95528 -5.79504 -2.5446 -2.3895 -1.55407 11.995 -7.7075 2
11.1107 1.29549 -12.6654 -1.06642 -9.62148 -8.58132 1.0488 -2.44565 13.9227 -4.48204 2
-15.336 6.1831 -11.8051 -15.4837 -9.35327 -2.68567 -0.132479 -8.64801 -0.205464 -12.1614 2
1.24067 -8.95726 -9.98044 0.33238 -18.7185 -8.63374 -3.14598 -6.48616 9.74681 -5.76712 2
-1.82419 24.1054 -12.9517 -8.43648 -16.0358 -5.50453 -5.82603 -6.10838 3.11851 -11.5377 2
-3.25231 11.7593 -4.12575 -6.18776 -5.51925 -2.24167 -0.361969 -4.05787 5.2771 -10.2491 2
7.935 4.88913 -15.8366 -3.2726 -8.21445 -4.90277 -2.90971 -2.80358 -2.73395 -6.12526 2
-5.02396 4.68643 -10.4565 -8.02171 -6.63469 -5.33124 -0.0462054 -5.90466 3.77657 -4.28004 2
8.82464 19.0137 -17.3995 6.20533 -5.2057 -3.21991 -9.15361 -5.25594 9.08137 -7.75943 2
1.157 12.6701 -6.06313 -12.3727 5.81498 -7.94757 -1.84052 -3.10722 3.0271 -10.5812 2
-0.879547 12.3074 -3.82456 -1.12946 0.408673 -6.31445 -4.20275 -3.66254 9.33022 -3.88634 2
-6.76745 6.10306 -4.74936 -0.57049 -15.2996 -5.25614 -1.04483 -2.30758 18.7596 1.49401 2
6.75932 2.53471 -11.1264 -3.40096 -10.9028 -13.4268 -6.7056 1.14824 3.01362 -4.64835 2
14.2651 8.01632 -8.24684 0.127279 -12.0728 -9.75354 -2.51651 -3.87631 14.453 -13.7967 2
-2.46899 0.837099 -9.73542 -9.19727 -15.9269 -9.9126 -0.216319 -7.23888 8.07882 -6.54022 2
1.19911 25.09 -6.57845 -2.78108 -4.64374 -12.1553 -1.40252 -5.34623 13.0938 -9.2023 2
-0.533595 -5.55525 -3.69433 -0.610765 -13.3711 -10.3801 -2.73505 0.998975 7.21653 -12.9717 2
-13.6598 1.61826 -5.81747 -9.19894 -13.5585 -7.09935 2.62448 -4.46197 0.233164 -12.5964 2
-4.2082 14.0529 -9.87467 -10.5939 -10.0638 -9.85453 -1.83649 -0.537193 5.05328 -6.09824 2
-1.83529 11.075 -5.1497 -5.54193 -8.2292 -11.5219 -4.61762 -5.51218 8.00182 -6.73811 2
6.4416 13.1871 -18.1861 -8.85061 -11.8131 -6.4758 0.618694 -5.36325 9.52096 -9.17518 2
-6.09166 6.43736 -7.61811 -5.00915 -5.44575 -5.41423 -4.74713 -5.17293 13.0088 -9.31202 2
4.23021 15.069 -8.78323 1.0236 1.40933 -2.88988 -2.40247 -2.87023 12.1687 -7.91801 2
-3.52906 18.1561 -10.0599 -11.1025 -14.4779 -7.33135 0.43462 -4.02952 2.99006 -12.5111 2
-1.27293 4.65091 -14.6311 -11.3337 -7.64138 -2.8286 3.36254 -6.99219 6.0661 -10.6938 2
3.08644 10.8227 -7.25522 1.56462 -9.50825 -6.89219 -8.3497 -8.73508 -5.93263 -5.67449 2
-11.4942 2.4645 10.5798 3.11388 -8.39899 11.8706 6.41231 18.2741 -2.86885 -4.94507 3
-6.6146 4.09 2.24635 1.8198 -8.33893 8.48864 8.3119 25.4906 -5.2142 -3.99319 3
-3.11652 2.54541 4.01331 -7.42422 -6.2192 1.96123 5.11489 12.228 -9.06988 -5.38247 3
-8.86677 6.10734 2.13547 5.05232 -7.60139 17.0606 4.41506 7.5812 -3.03526 1.48475 3
-2.92 2.42786 2.74801 4.20393 -5.87874 12.9199 5.77988 6.09328 -11.6274 -3.34254 3
4.05027 7.31854 2.02402 -3.71382 -6.42966 8.51691 6.77135 17.8142 -9.86097 -1.41303 3
5.53659 6.43533 0.560395 8.26098 -6.83079 13.5925 7.1648 10.5312 -9.44263 -1.70883 3
5.00838 7.67371 2.54473 -13.7361 -3.95481 7.10023 5.73182 1.6552 -14.6672 -5.81162 3
-3.68189 4.61184 6.32319 0.202532 -4.31885 8.00871 5.96158 -0.722619 -12.6048 -2.43726 3
3.02921 4.97586 9.49989 4.73243 -6.48703 9.98753 7.31881 1.53188 -17.3446 -0.689925 3
-10.0075 7.53775 5.29537 5.67979 -7.20793 11.6707 4.4211 8.81719 -6.5563 1.40234 3
2.66615 2.64891 0.938044 7.74784 -6.76247 8.75374 5.05649 -2.19287 -10.3962 -3.07727 3
0.399353 2.44407 4.31525 0.288958 -5.1087 3.24263 6.30834 2.45635 -5.51219 -5.93826 3
-2.59997 5.47544 5.09392 -0.423469 -7.21832 16.9952 6.28945 4.42428 -6.27024 -3.76634 3
3.61913 2.06682 -2.75415 -4.90311 -5.911 8.01216 7.77356 8.31742 -8.51889 -3.31054 3
6.8883 4.00864 -0.65333 -0.553334 -9.27238 13.1797 8.14858 9.41128 -8.53429 -2.40782 3
-4.44929 5.04794 7.94316 -10.9747 -5.16189 8.10743 8.82088 9.45586 -8.36337 -6.79199 3
6.07525 -3.97295 -0.775211 -4.64009 -6.12935 6.62301 6.16203 6.3092 -4.71683 -1.70656 3
-7.42543 4.2569 1.48978 -1.81655 -4.15159 2.12215 5.48438 -4.09896 -9.29141 -2.82788 3
-3.69017 0.687404 0.0836068 -7.88678 -5.04501 8.95139 7.65227 11.3151 -10.7777 -3.31984 3
12.1487 4.9558 -8.12792 -1.20916 -6.28545 8.45418 7.7562 1.18082 -9.32241 -4.14683 3
2.71066 6.65099 1.0873 -5.02424 -2.48535 0.0107798 5.47975 7.80847 -6.32721 -6.38671 3
-0.377641 5.55994 0.46314 -4.51916 -7.00895 9.59064 6.91 24.0276 -3.11872 -1.22177 3
-4.09217 1.31096 -0.0690036 -1.01901 -6.97669 6.37566 5.24057 1.26168 -1.9319 -3.18492 3
-4.43656 4.26608 -1.34626 2.19275 -5.28443 11.157 7.37073 -6.33058 -6.68315 -3.69888 3
3.17579 0.833425 4.80326 0.54229 -6.92495 14.8417 8.57564 2.89415 -10.697 0.751467 3
-6.27026 5.97844 -0.185394 0.592421 -5.97246 4.82886 4.2639 6.69131 -11.4422 -0.666768 3
-3.42271 5.61897 -0.420197 -0.329856 -5.83437 12.4439 9.29593 -0.0242086 -4.67162 -3.75497 3
-3.47031 3.82524 -1.59275 2.48394 -6.43806 1.68196 5.86666 7.03684 -15.5639 -8.79693 3
5.01106 5.28737 5.75614 -2.086 -8.64785 14.3796 6.24572 6.0198 -7.82071 -4.76581 3
-2.60703 6.79584 -1.16692 -4.15097 -6.63786 7.24922 4.45166 2.00336 -11.7081 -4.90735 3
5.60542 4.14528 3.06272 2.71971 -6.46079 10.7592 9.65598 3.34159 -10.1571 -1.13864 3
5.25002 4.71268 8.13094 3.20706 -5.87851 6.87673 7.77984 11.797 -9.42744 1.55347 3
10.5075 6.57194 2.30595 -1.21475 -7.26997 11.1492 6.27862 -1.21121 -12.3773 -2.17978 3
-6.07001 6.94402 2.3172 11.3195 -2.73233 4.27181 5.44939 10.1756 -9.69362 1.5567 3
1.62557 6.1408 4.86363 12.4731 -8.14377 5.31048 5.93991 16.7413 -9.88165 2.1092 3
17.5699 3.82963 3.44019 -1.61597 -2.29858 9.83362 6.79654 22.2728 -10.3609 -5.31025 3
5.91247 3.63838 -3.44743 -1.08993 -7.12478 3.9182 6.12127 13.7234 -9.12146 -1.87253 3
1.16966 4.88829 3.26754 -5.16485 -6.73054 5.68245 4.19826 6.68069 -3.01627 -7.47406 3
-15.9611 3.41342 3.65883 6.70519 -5.13464 7.40974 6.15261 -4.47099 -8.40089 -5.90716 3
1.75644 4.21634 3.25759 -15.3635 -5.66816 13.6373 8.02993 -1.81582 -4.82978 -0.484806 3
-0.419807 2.83471 8.81935 -1.60684 -4.82448 9.01813 6.73337 9.31721 -4.29116 2.9347 3
2.30599 9.96929 2.96546 -4.20583 -5.84229 9.56095 7.99853 5.46849 -7.35295 -1.2857 3
-3.19326 5.40124 1.74316 -10.1638 -5.38079 16.1954 9.01076 17.3385 -12.9295 1.34527 3
1.34598 4.30833 4.47538 1.24456 -5.87658 12.1835 7.87859 -0.735513 -0.821882 -3.72842 3
-5.70745 7.15974 6.98614 0.578918 -7.53616 9.97782 6.06035 15.3129 -11.0918 -1.13647 3
3.99075 5.5279 7.67511 -6.80689 -6.16741 11.9071 4.65233 3.27445 -10.4442 0.0752031 3
-10.1816 4.65912 2.11883 -4.09866 -4.01073 0.383332 4.31319 10.5457 -6.27712 2.58598 3
-8.09716 3.71317 0.876505 -5.06142 -9.22298 10.5853 5.0598 4.62371 -6.12385 -4.75615 3
-0.334956 5.50575 -1.1119 -8.37946 -9.16764 9.93055 6.31056 18.8466 -10.9364 1.32311 3
0.473848 3.42959 1.49053 -1.86072 -7.39276 8.18707 5.02939 6.15164 -11.5963 1.7769 3
4.73827 6.63625 1.79599 -0.455137 -5.06722 8.99239 4.57191 7.54525 -0.345539 -4.71422 3
11.5954 0.497937 0.097687 -3.88386 -6.24799 9.86181 4.43884 -2.37945 -13.0554 -6.96407 3
-1.62021 6.14211 2.06216 3.69293 -6.43268 3.90329 6.55126 4.56098 -3.71853 0.0641887 3
-6.1114 3.21328 2.94195 2.52094 -5.95769 8.07342 6.39395 11.8527 -8.28549 0.229383 3
0.207084 3.06072 -1.98087 1.57098 -4.55957 8.85193 8.18541 -0.0981395 -13.7034 -2.16493 3
0.461295 5.54819 2.12759 -2.29019 -7.20155 11.2397 7.86939 0.991137 -5.32738 -3.01484 3
1.43116 0.448533 -2.29925 -3.788 -5.94737 6.14301 7.47925 4.88935 -8.32115 2.42565 3
1.39656 0.860247 0.494277 -6.04836 -4.68223 6.20251 6.63582 26.0255 -5.6519 -0.197793 3
10.9296 3.92484 4.41272 -0.53018 -10.3575 8.77793 5.31719 19.2152 -6.20882 1.50401 3
3.22478 1.2261 8.40587 -1.08294 -8.80981 9.91966 6.2533 12.9064 -11.3432 -4.07399 3
2.75957 1.92374 0.854593 8.16505 -6.0356 9.31156 10.1147 3.20081 -12.3387 -0.545284 3
7.87614 5.35879 -1.2686 0.667164 -3.465 11.1457 6.86278 17.7113 -10.5187 -0.686173 3
2.39027 2.58147 4.27529 5.49952 -3.94238 6.95623 8.0364 3.39919 -6.02096 -1.81976 3
-9.41463 5.50047 1.9708 -4.28166 -5.49508 6.89194 6.18916 0.558912 -14.2628 0.216659 3
-1.36872 1.55601 3.66369 -7.70702 -5.8859 13.0413 5.51773 5.5909 -6.7901 -3.79145 3
-11.9422 9.44829 2.50811 -0.258109 -5.15928 6.52275 7.59095 3.97469 -9.18524 0.374609 3
8.8323 4.12833 -0.788952 -7.43729 -5.92153 10.0006 6.52708 -3.38078 -8.10813 0.561659 3
4.16043 4.94921 1.15823 4.78559 -6.34109 15.7175 10.2518 -15.2144 -10.0544 0.445095 3
4.45286 2.87851 2.75415 -1.63135 -7.53031 4.36337 4.84352 8.03057 -8.95605 -0.350707 3
-4.17946 2.54181 7.61678 -9.8018 -9.83924 4.583 7.03525 11.5076 -13.813 -4.04485 3
7.33667 5.26696 1.45292 4.83231 -5.50593 8.517 9.67674 16.5847 -5.17494 -1.14985 3
5.36559 3.41459 2.96616 -10.2234 -3.29403 8.19009 6.28631 11.7856 -10.0316 -0.93203 3
2.5106 9.53434 -1.75089 9.59695 -5.38072 13.2752 6.36181 11.8683 -21.506 -3.69022 3
-1.72516 11.1937 -6.99538 -8.30255 -6.99826 8.51102 6.92883 4.56168 -7.95216 -5.98685 3
-0.615618 4.79936 6.74376 -4.62027 -5.97608 14.0005 8.6978 20.2481 -8.47121 -1.49935 3
-5.28567 8.11188 2.49532 4.50282 -7.73676 15.299 9.14632 5.89592 -5.56993 5.14446 3
0.748278 5.83207 6.7747 3.94891 -8.0759 7.5278 3.71792 14.1087 -9.71871 -2.42561 3
-1.18485 1.69061 -0.515493 10.46 -6.94078 11.414 6.30506 4.29578 -6.38387 -0.554684 3
-1.83029 2.39402 4.69679 2.89087 -7.4359 7.11721 7.71137 -3.28528 -9.70159 -2.79085 3
-12.3114 5.75983 3.28649 -5.1605 -7.4154 14.0326 6.68323 0.726506 -1.24664 -3.82706 3
1.81578 2.43528 5.71254 -1.29504 -5.73005 6.13389 5.05664 -0.1645 -14.044 1.617 3
-0.359482 7.9346 4.37131 -3.65572 -9.30679 13.3819 5.21663 11.7653 -10.2751 -3.47973 3
8.1413 3.94592 2.18283 5.0085 -6.97275 5.66638 8.79047 5.82385 -2.95895 -7.83576 3
-0.484033 2.29556 -0.147738 -6.99723 -7.24168 13.5708 7.76406 16.6809 -5.25217 0.440143 3
6.68168 4.67321 8.74743 -12.4153 -8.64317 6.84996 4.59578 12.194 -10.0434 1.70212 3
7.77046 2.8144 3.34522 -5.16136 -5.31624 7.94355 7.91115 7.84291 -10.6702 -2.21559 3
-0.445719 4.67194 3.60536 -7.18043 -6.02911 3.21414 6.4055 -6.18933 -9.80768 -1.17917 3
0.985137 5.38688 -1.99879 8.43912 -9.42476 7.8929 9.55433 11.3654 -9.65175 -5.96793 3
1.81682 4.27207 4.97994 -3.98243 -5.50894 13.2456 9.771 3.43727 -3.96121 3.49335 3
2.67306 7.78685 2.81025 -3.85202 -9.27618 9.68146 6.09404 13.5534 -5.80705 -0.4189 3
0.494921 5.94083 5.15823 0.688727 -7.51695 13.2315 8.87608 8.76269 -8.46646 -0.116846 3
-1.86727 3.81033 5.77665 2.2951 -5.01872 8.80812 4.62896 10.159 -6.55558 1.22125 3
-6.61556 4.55405 1.62763 4.14255 -3.00043 5.38897 5.37989 5.6071 1.41513 -3.85531 3
-4.98615 2.15664 3.95096 -6.28106 -7.92071 10.7166 6.53552 15.863 -9.38156 -0.918358 3
-10.1628 1.20024 5.48168 -1.9956 -5.18172 6.6143 5.71388 4.40529 -11.1343 -1.11623 3
-1.67904 7.12223 1.63937 -2.23977 -6.83846 11.6293 6.51343 3.03146 -11.0668 -2.77195 3
-7.21375 4.78914 6.38298 3.69276 -6.44697 11.9973 8.18533 -0.36544 -5.99287 1.60556 3
2.68986 3.4263 1.47211 0.82806 -6.06128 10.2473 7.54105 5.3619 -5.42022 0.795571 3
0.601401 6.90393 4.32509 -2.15113 -8.40989 4.88976 6.66094 14.8186 1.20519 -4.78144 3
-2.44595 7.62709 8.30027 2.69444 -9.57438 14.2774 5.97747 13.4165 -3.79383 -0.993572 3
-7.67483 5.19148 9.32956 -5.09152 -6.28221 13.5806 7.609 19.3624 -7.41574 4.54003 3
-4.28914 6.38356 -2.13618 9.41565 -7.01895 9.36644 6.29636 -1.9988 -4.72995 -5.94863 3
3.15903 10.1283 -0.951368 -2.92513 -4.28563 9.09361 9.21286 6.46066 -9.0356 -3.62517 3
3.11166 1.94971 -2.71808 -1.86012 -6.26582 11.8155 8.83628 4.55652 -0.57544 -3.21235 3
-3.7363 5.03382 5.27856 -5.13842 -6.10145 10.6683 8.21322 -5.66458 -6.34083 -1.16335 3
9.69273 5.31055 4.54784 -3.64464 -4.25061 16.7947 8.78371 4.88906 -13.6318 4.26668 3
4.24657 4.42249 6.60602 -7.99036 -7.15335 6.93277 9.01448 15.3521 -2.21358 -1.34249 3
1.95263 2.92869 6.9146 5.02026 -4.53829 10.9117 8.48832 11.5582 -13.1322 -4.57221 3
4.95074 7.41531 5.77224 8.64575 -2.90701 1.93838 6.96534 17.258 -7.40944 -1.96523 3
12.0045 0.695265 1.2737 7.60232 -5.65095 7.86714 7.60912 8.40665 -2.85311 -1.80729 3
1.8875 2.92803 2.72019 4.65897 -6.18549 11.8034 7.47904 7.40164 0.763867 5.87642 3
-12.2671 2.61105 0.925337 -8.62447 -8.0137 6.59819 5.09947 14.2905 -11.6211 0.0658259 3
2.80919 8.32766 1.55133 7.74108 -3.27152 11.5636 7.78009 3.67525 -5.27797 -3.64286 3
-0.754133 3.63708 1.00383 -2.3592 -8.07186 9.21856 4.906 5.41094 -3.55834 -2.3684 3
-5.2217 3.1652 6.79448 -0.588419 -2.81123 9.70021 8.17528 -3.02439 -6.34367 0.264852 3
-2.63095 4.32628 5.20944 -8.64752 -4.32312 7.68742 5.13351 9.48248 -18.2528 1.03438 3
0.215988 6.72307 1.30186 0.610158 -4.92403 7.01938 10.5005 1.93222 -7.21521 -0.615483 3
