-3.35966 -8.99738 0.0877269 -6.89987 -1.16679 4.04934 -2.49147 1.36269 7.43371 -2.18887 0
-0.805209 -7.12704 1.78587 -3.94607 0.127667 4.28437 3.67507 4.77448 9.06801 -1.1555 0
0.156117 -4.54667 1.32569 -4.79178 2.34011 2.62046 3.2613 3.64166 10.3363 0.8965 0
-0.187065 -4.15547 -0.468115 -6.36653 -0.0885662 1.08216 3.26647 8.66989 10.7877 -1.66886 0
-2.19728 -4.76706 0.247834 -6.07321 1.86631 2.91888 1.60827 2.81857 7.67553 3.30967 0
-1.67489 -5.96953 -3.27823 -5.88602 -0.556861 1.62728 2.8677 3.41254 11.4052 1.51161 0
-0.0482273 -8.02679 0.328436 -6.59162 3.02468 2.04075 1.64262 5.08771 12.6042 -2.85081 0
-3.53973 -7.58492 1.02054 -4.17569 0.978035 4.5013 1.50829 2.15181 10.1864 -1.41575 0
-2.15985 -8.65521 5.85985 -6.90477 -0.524808 2.07997 2.27968 1.58834 10.2097 -0.62678 0
-7.32446 -5.38208 2.0095 -5.66637 -1.7797 5.56035 2.73891 -2.56859 8.7583 3.01901 0
1.35679 -4.2139 3.7835 -6.95605 -2.10628 0.780406 -1.59966 2.0455 8.57209 2.17566 0
-0.741308 -8.00778 3.86696 -3.00921 -1.3734 2.95639 -0.494438 5.07466 9.92184 -0.557296 0
-3.63644 -6.61203 -2.38694 -4.08755 -0.294739 4.47336 -2.11096 6.91222 7.76173 -1.75903 0
-1.26633 -6.00343 2.73946 -9.65173 1.68191 2.18776 2.49902 2.17003 7.49752 3.06598 0
-1.86215 -7.48093 1.3799 -7.65856 1.15091 3.37316 0.0699043 3.04923 9.84316 2.00071 0
-0.099202 -5.3606 0.0788115 -6.07142 0.419149 0.0584019 2.30866 5.49595 8.23935 -1.30282 0
0.20411 -7.61553 2.24326 -6.08595 -1.13087 1.83417 0.013445 2.27058 8.47681 -1.55339 0
-2.62664 -5.07578 1.5239 -7.19372 0.498459 1.7015 -0.307178 1.40891 9.93436 1.11288 0
-3.11698 -5.74289 3.85233 -6.25227 -1.25927 4.51787 3.36741 3.85116 8.11018 -2.11581 0
-2.15397 -5.57928 3.77186 -6.12054 1.33014 1.86528 3.50794 5.98103 10.8888 -0.516211 0
-3.50893 -7.36224 -0.553155 -6.97166 2.02473 2.937 0.0328806 3.44538 9.81482 -0.270843 0
-3.46833 -7.153 2.94371 -4.68423 1.42576 8.19561 -0.43201 4.58836 7.06819 0.20588 0
-1.7592 -6.37419 3.12046 -6.96512 -1.28617 -1.5472 -2.37447 2.02756 6.17305 -5.03677 0
-0.413571 -6.31868 2.91742 -6.07375 0.0993286 2.71105 4.93031 6.19856 10.6071 0.0287871 0
-0.048745 -8.42671 2.75502 -5.86091 -1.68102 -2.02462 10.8621 3.62841 10.4912 1.267 0
1.4948 -10.4544 0.335597 -5.31902 1.5691 3.5509 -1.11611 1.65016 12.6896 0.0793533 0
-1.43582 -6.98659 -0.566124 -7.12313 0.166764 2.01839 -2.91689 1.39709 8.18007 0.362126 0
-0.108283 -7.80878 1.84021 -3.58813 0.0173842 0.411254 1.22397 4.03291 7.4057 0.851305 0
1.39224 -7.09597 -0.487161 -4.86433 -0.611039 2.58059 1.05305 6.32601 9.36614 1.15725 0
-0.813458 -7.391 -1.31805 -2.42957 1.28878 5.35708 -2.74712 4.37007 9.44063 -0.0368204 0
-2.64527 -6.46651 0.481988 -4.20988 -2.10566 1.74731 0.59092 2.59528 6.36682 -1.90553 0
-3.10403 -7.98311 3.52403 -5.89118 1.40273 4.0719 7.17306 5.48018 11.2248 0.558445 0
-2.81606 -5.05428 3.10044 -5.14845 -0.642286 1.26016 2.09722 2.72207 8.42214 -0.942622 0
-0.578213 -7.74357 -1.83011 -6.04377 -1.83609 1.63081 1.04235 1.32348 9.00615 0.402929 0
-0.0848187 -6.88 1.90952 -4.92712 3.60082 2.40077 2.75334 1.27439 6.79799 0.533283 0
-1.54812 -7.63035 1.85988 -8.64722 1.19384 3.17261 1.17726 2.82813 11.1849 -0.767623 0
-0.572791 -7.30965 3.59213 -6.45264 3.78971 4.32329 0.288821 3.99686 9.24356 -1.83509 0
-1.43359 -6.4523 0.100894 -4.57465 -0.498982 1.39925 4.40383 5.40699 8.02942 0.1643 0
-3.61734 -8.23187 0.195329 -3.88846 -1.32706 5.52543 -1.23279 3.45703 8.64943 -4.35826 0
-2.87558 -10.5335 3.62051 -1.5923 0.196494 3.6268 3.0636 1.18554 6.56975 -2.84445 0
-2.5914 -7.34315 0.964288 -1.72261 -1.31358 1.61795 -1.74666 5.02884 6.35187 -5.51838 0
-1.97168 -8.661 2.98874 -7.16227 2.97374 1.35718 2.62281 3.69568 10.3105 0.242939 0
-4.99892 -5.31612 2.49281 -3.98084 0.415235 1.15134 3.78794 2.62604 9.59684 -3.49721 0
-2.49987 -9.30505 0.759647 -3.00968 -1.31923 7.81378 3.43836 5.17483 11.4888 0.234152 0
-1.19524 -10.2472 3.07635 -6.63747 0.373086 4.952 1.82877 2.24332 10.1096 0.883059 0
-2.59972 -7.00475 -0.475352 -3.8314 1.11585 2.58828 3.29167 3.93221 9.12997 0.133896 0
0.898951 -8.53195 2.99106 -5.95695 2.79671 -0.336169 3.60776 2.76631 10.6192 -0.48763 0
-3.1673 -5.3163 1.04254 -7.02309 -1.1476 4.24388 3.83717 6.85425 8.76085 1.97658 0
-0.602309 -7.07477 3.86234 -4.16224 -0.841218 0.574917 1.80712 2.42994 7.50632 -1.36194 0
-2.65416 -6.30481 4.14045 -5.63159 -0.257373 1.48714 1.86715 1.67713 7.11961 1.26909 0
4.21041 -7.48244 2.31282 -6.88787 0.844834 4.61894 -0.53993 1.79944 12.8791 1.13844 0
-0.70417 2.70175 -8.96691 0.516631 -1.92757 -1.61176 9.75432 6.44827 -5.11242 6.63591 1
-0.0265418 2.45829 -5.40242 -2.88843 -0.917299 -2.58253 5.39377 7.86058 -6.13473 8.04853 1
2.79848 5.58386 -7.10281 -0.781107 -0.250819 -1.60891 12.9008 10.6386 -6.32637 6.34158 1
-3.49204 3.70785 -6.88244 -1.056 -2.91693 -0.154457 7.07103 5.9607 -8.34703 6.17195 1
3.01955 3.11118 -6.38011 -2.154 1.77346 -0.948167 12.2285 5.28789 -8.08771 4.06094 1
-3.30381 3.47364 -4.27867 -1.07034 -2.0568 1.53585 6.24685 8.929 -8.40164 7.51149 1
-0.297569 2.90116 -4.62439 -3.26901 -0.641164 3.61384 9.87635 5.93588 -6.56569 4.4313 1
0.111637 4.70609 -5.15102 -0.367312 -4.65961 1.566 3.45557 6.00964 -7.75348 7.25003 1
2.88226 5.02721 -6.84522 -1.53138 -3.59521 -1.68499 10.0283 9.76136 -2.89074 4.19831 1
-0.4028 5.77546 -10.1514 -2.10718 -1.30133 -2.20129 8.79274 8.61083 -6.71613 6.06098 1
-2.90274 1.71661 -8.22636 -1.27924 -2.21065 2.29581 4.62881 7.48486 -7.00906 6.13596 1
-3.07261 5.00354 -4.57978 -2.50057 -0.702404 -3.3643 10.9378 10.4223 -6.89278 5.9204 1
-1.49393 4.00499 -6.90128 -3.41562 -1.15662 -4.0474 10.7487 10.0419 -4.51834 2.9453 1
-0.0485889 5.19015 -2.71087 -2.55557 -2.80946 0.923606 6.94262 9.7826 -6.70525 6.27491 1
0.499841 5.4164 -7.9527 -3.84507 -1.48151 0.692589 9.6264 6.70924 -6.66255 4.85507 1
1.06077 3.37504 -8.17878 -0.996338 -4.08569 1.09866 12.4571 8.7836 -9.45373 5.10471 1
1.03431 0.101417 -9.38447 -2.88076 -0.825858 1.22311 10.4319 6.0173 -5.95027 4.44323 1
0.291747 4.72178 -6.03521 -0.193831 -2.87612 1.12511 10.1321 7.24491 -7.41335 4.71951 1
-0.825872 3.34993 -10.0971 -3.40641 -2.20203 -1.62949 11.11 6.82775 -4.61902 7.57261 1
5.1563 3.31916 -6.72264 -2.95624 -1.6506 -1.18315 10.3153 8.63219 -6.76222 4.80801 1
1.8918 5.02109 -3.31905 -2.11539 -1.40812 -3.59112 8.72774 6.53649 -7.28409 6.93718 1
-0.023115 5.93437 -2.68962 -1.93917 -0.242394 -0.464896 7.26934 4.48781 -7.02901 5.03574 1
1.18861 7.90684 -3.80203 -3.84611 -2.36191 -2.80795 7.04535 9.01603 -6.42686 7.1018 1
-1.25294 4.70366 -2.12069 -0.634123 -1.59521 0.321392 4.14556 9.9039 -7.87403 6.3318 1
-0.080067 4.69117 -6.5197 -6.48924 0.495124 -3.163 12.3858 9.75223 -4.26532 8.42988 1
-0.261357 1.74694 -8.45022 -3.72242 -3.84905 -0.466898 7.25144 13.1526 -7.63275 5.47038 1
-0.679478 5.5143 -5.40657 -5.85678 -1.98076 -0.512567 4.67588 3.2072 -8.05123 7.32737 1
-0.459303 3.87558 -7.46153 -4.52336 -3.06127 -1.28023 9.48999 10.0621 -6.66807 6.37891 1
-0.296458 4.2638 -4.16055 -3.91685 -2.97798 -1.28208 7.32697 8.25183 -9.17313 5.60181 1
0.66557 6.23071 -4.90662 -2.6367 -2.10897 -0.376091 6.68572 4.4047 -7.66075 3.85876 1
-0.872676 4.46307 -6.65257 -2.81944 -6.2003 2.11295 10.595 2.70111 -8.16658 6.01902 1
-1.71806 1.28286 -7.90018 -1.67926 -1.81501 0.512998 8.02157 9.88186 -5.64087 5.64536 1
3.11993 3.14755 -6.79223 -1.91489 -5.92285 5.40633 7.21585 9.28253 -9.19719 4.56166 1
-4.06843 3.36204 -6.98111 -3.59609 -2.12675 -1.78839 5.68314 6.0304 -5.92075 4.57481 1
-2.1172 4.11862 -6.34357 -1.88287 -1.34106 -5.09488 8.49657 7.41055 -6.04387 5.78383 1
3.17083 4.23679 -8.18255 -1.50887 -1.47987 -4.01316 4.32893 7.37864 -6.24111 3.30184 1
-0.73986 0.127067 -6.85666 -1.18766 -4.0018 2.18846 1.37123 8.95905 -9.11286 2.21878 1
0.246106 3.0069 -9.14355 -5.76483 -3.70878 2.33245 10.9254 10.7372 -6.64912 6.06493 1
-3.77381 4.48818 -7.15575 -3.90599 -1.57587 -1.13823 3.02573 6.48391 -7.42677 6.24382 1
1.29517 1.47785 -4.25619 -1.46464 -1.24458 4.01776 6.06044 8.09631 -7.09577 8.08433 1
0.493789 6.79077 -2.79429 -2.06302 -0.538492 -2.33791 7.27411 5.30779 -8.98525 5.56761 1
2.58332 4.76871 -5.2327 -2.87032 -1.02697 -3.82617 13.048 6.59073 -5.74052 4.42405 1
-0.0398898 2.40258 -6.12615 -4.43946 -3.20935 5.8295 6.39195 6.21458 -7.02932 5.21627 1
-0.486926 5.88852 -9.1435 -3.72314 -3.5302 0.260864 11.0856 11.0277 -6.62994 7.77757 1
-2.4399 4.56914 -1.75106 -2.83052 -2.6293 -1.29072 9.62139 8.89421 -10.7335 7.02128 1
-2.80456 4.05563 -8.69077 -2.76985 -2.19502 -0.149112 9.79921 7.8851 -7.25711 4.57905 1
-0.834736 -0.178868 -6.42699 -3.02504 -4.07753 2.54103 0.580344 3.87438 -8.32128 4.82409 1
-2.34918 2.19823 -4.17389 -3.0569 -1.30248 1.93183 8.7246 7.77855 -5.8913 5.14043 1
1.58354 4.16086 -8.01659 -3.17486 -3.04039 1.1303 7.61443 5.13843 -7.45907 4.7883 1
-0.281473 3.02681 -5.76169 -1.69303 -1.05485 -0.838821 8.1606 6.84613 -4.20511 5.72886 1
-1.10989 1.81259 -7.50599 -1.82049 -2.77177 1.212 5.90755 4.45787 -7.14013 5.98847 1
-2.36305 2.73129 -3.73268 -3.16903 -2.41652 3.02328 7.61383 7.82562 -9.96073 3.95752 1
-1.21391 3.47653 -7.34715 -4.17483 -2.42492 3.7295 9.32058 11.7057 -8.24991 5.05996 1
-1.35603 2.00872 -10.8253 -2.56119 -4.9358 6.62194 7.3656 6.18187 -7.46921 5.01944 1
1.95544 4.04857 -5.73599 0.138765 -2.46328 0.910161 8.89694 8.11108 -8.47732 5.0957 1
0.387665 0.546277 -9.2003 -1.76977 -3.38792 2.41578 7.9421 11.5162 -6.22772 7.69922 1
-2.72835 1.42792 -7.74 -1.58172 -2.48446 -1.58638 8.12935 9.5704 -7.65542 5.55557 1
3.88526 -1.24952 -8.99274 -0.968643 1.21312 2.58809 7.60657 7.16026 -7.95154 6.13309 1
-1.80016 3.83175 -5.44458 -2.64636 -1.38313 -0.6302 2.35052 5.49 -3.75137 5.96029 1
1.68342 3.10419 -7.37254 -2.26105 -1.91603 3.3518 5.98182 5.46416 -7.63267 6.50023 1
-2.30225 4.11606 -2.94451 -1.72283 -3.81447 -0.312663 10.5783 7.35092 -3.7376 5.14722 1
-1.21315 3.08991 -3.89226 -0.28642 -1.56447 0.46339 8.50826 9.47621 -9.07068 8.49148 1
2.50397 4.84867 -10.0816 -0.847529 -7.36839 1.76625 12.5861 6.45786 -10.0829 5.68469 1
0.81355 2.91654 -8.03347 -2.58526 -1.43408 0.619807 10.0601 7.33608 -3.88747 5.45181 1
0.699077 3.12133 -5.71359 -2.5352 0.579813 -0.339942 5.91396 11.3617 -8.29156 5.01115 1
-3.56712 2.60456 -6.50116 -4.34175 -0.617283 -0.0688143 10.1134 7.87958 -7.94381 6.14817 1
-2.05953 4.53241 -6.1006 -2.34935 -3.78093 2.41617 7.16773 4.02542 -8.95587 5.65793 1
-0.496217 7.91258 -7.24545 -2.29359 -0.854169 -1.96155 11.0875 7.90794 -6.74551 3.37023 1
-3.33014 4.82204 -7.30451 -2.0677 -2.98432 0.714864 10.3286 6.76479 -7.75989 5.44084 1
-0.538183 2.15437 -8.34863 -2.15969 -3.04263 0.967236 9.87865 4.97401 -9.91644 5.59699 1
1.91102 6.14089 -6.04069 -4.68152 -3.24742 -3.4712 8.06422 10.6804 -4.23849 3.91918 1
-1.43913 4.5294 -4.81911 -3.63065 -2.55888 2.89256 10.2569 6.66935 -7.25124 6.27757 1
1.24454 3.00337 -6.85639 -1.00646 -4.15468 1.58707 8.48288 6.88807 -6.78321 7.42355 1
1.36074 2.87754 -3.01595 -3.1293 -3.20029 2.3866 9.76513 4.21025 -7.81384 3.76338 1
-2.57088 1.52846 -7.56664 -4.5411 -2.48671 -1.85847 3.2884 6.61468 -7.22506 7.15513 1
0.866907 3.64212 -7.49361 -1.7631 -2.25958 -1.25721 13.4471 4.1126 -5.94143 4.77737 1
-12.6454 -7.01503 7.74415 6.18888 6.56248 9.31009 -10.0782 -10.2367 7.9167 5.69004 2
-10.4236 -5.99343 9.44909 2.23696 7.59265 10.5882 -7.5954 -10.7138 11.2199 1.59914 2
-9.22341 -10.6257 8.00998 5.6999 6.57046 4.01409 -5.48044 -9.94309 8.24794 2.85322 2
-11.5931 -8.15136 12.2711 2.7324 8.79205 11.5645 -11.6339 -15.1699 5.27711 4.60165 2
-9.49981 -8.66461 8.87678 8.47828 3.5114 5.89078 -6.91546 -9.33956 5.00912 2.64952 2
-9.1219 -4.29115 9.35587 3.83613 3.61396 10.7556 -8.9774 -7.44811 10.3555 2.82185 2
-11.1624 -7.36162 7.54404 5.00999 6.43834 5.49047 -9.30771 -8.8041 7.58878 7.4903 2
-9.38273 -7.52456 6.4065 7.85317 3.8563 7.40055 -12.0986 -10.0426 9.68605 4.73886 2
-15.1121 -8.55494 5.93484 5.28331 5.39805 10.4157 -10.9653 -13.4806 7.30844 4.66695 2
-14.2201 -6.97942 11.9448 3.43704 4.76072 8.02226 -11.2772 -9.90427 6.30324 5.92291 2
-9.7409 -9.34414 9.08007 6.64079 6.83171 10.9013 -11.2933 -9.8147 9.25814 6.80251 2
-8.70326 -10.0558 9.4193 9.53707 3.69938 6.29733 -6.31128 -9.6178 5.40001 0.0799419 2
-10.2136 -6.72034 6.39493 6.55734 3.91856 13.6415 -10.7916 -9.64732 10.9246 6.23173 2
-9.33765 -6.324 9.08236 5.81218 3.81126 6.37327 -8.45865 -7.75203 8.87492 4.94879 2
-11.6669 -9.27068 8.60508 4.313 5.17466 5.39691 -10.038 -10.5537 6.6412 5.28111 2
-12.3524 -5.89267 11.8757 4.74191 3.2048 4.29731 -9.15263 -9.22955 5.67501 5.11897 2
-8.61806 -9.22696 10.4832 5.05268 5.73675 8.06178 -6.9629 -8.80332 5.76789 5.0945 2
-8.14701 -8.15899 6.64461 7.17734 4.24893 11.0885 -10.8596 -8.27167 11.1578 7.27517 2
-6.23052 -6.51107 13.6434 6.86072 7.05003 7.08653 -7.99916 -10.3967 7.83536 5.29126 2
-9.91294 -6.01569 8.29951 5.66531 6.55839 7.02909 -10.9332 -12.4983 9.90958 11.1835 2
-12.0589 -6.48957 10.6367 3.74293 5.89755 6.94288 -9.98475 -9.25705 7.19372 8.21662 2
-9.20308 -8.01373 12.185 2.45594 5.34907 6.98452 -6.28427 -6.41721 9.03196 6.20498 2
-10.0879 -3.35914 10.0497 3.29575 3.03388 7.67036 -8.70997 -7.63695 7.14918 3.97704 2
-10.8156 -6.46749 6.31617 6.31885 5.2407 7.82619 -5.2229 -7.68009 10.2753 5.40854 2
-14.3634 -7.38273 8.64212 3.4527 7.07767 8.70867 -9.57335 -10.0094 7.94042 2.50606 2
-11.5219 -7.34198 8.49093 7.13746 6.43156 6.63792 -8.21002 -9.06458 7.19609 6.00521 2
-6.10137 -4.19092 6.0173 5.83034 3.63124 10.597 -8.82446 -8.14834 10.0229 2.34268 2
-6.64873 -7.00618 7.23407 7.0095 3.70309 8.82375 -7.57177 -9.33462 5.39099 5.73211 2
-8.59257 -7.2432 8.56098 6.32879 5.48973 7.58664 -8.67776 -9.44159 8.80368 3.48228 2
-10.0665 -6.88242 6.43805 7.41776 7.84178 9.01405 -7.0787 -9.57205 10.8215 4.78081 2
-3.47168 -3.94909 -5.67521 5.70775 -0.172526 -4.04656 -6.51701 -4.46611 -5.46934 8.07084 3
-4.11975 -0.879401 -10.0618 3.6432 -0.671096 -2.36268 -2.80967 -3.84733 -3.00474 8.90898 3
-4.62455 0.2482 -8.52837 7.09935 5.29307 -5.81994 -7.6416 -6.94553 -4.49158 8.64503 3
-7.00315 -4.47964 -9.0344 4.60335 -2.23667 -3.7733 -1.58313 -2.66902 -5.7939 7.93601 3
-4.46291 -2.02137 -12.4467 2.78649 -1.57939 -4.10354 -3.60302 -2.94464 0.711637 7.16709 3
-5.70142 -2.12238 -12.4869 3.14914 0.777984 -1.71146 -2.86803 -6.1609 -4.5062 7.49313 3
-6.53395 -5.50378 -9.2187 4.77529 3.3323 -4.62064 -2.07557 -1.10285 -6.2952 7.05719 3
-4.87121 -2.03299 -10.0997 4.42864 -1.76089 -5.78505 -3.73177 -6.05802 -1.77803 7.09631 3
-7.16859 -1.61145 -9.42067 6.84187 0.987991 -3.96185 -4.82034 -1.68122 -2.09918 6.44125 3
-6.35104 -3.17908 -11.321 4.05739 -3.27614 -6.53788 -7.60126 -0.780659 -3.60053 6.75824 3
-8.08292 -2.08003 -14.9395 2.73226 1.54648 -3.66533 -4.18036 -1.7724 1.18294 2.938 3
-5.78925 -1.32466 -7.79879 6.35452 5.41407 -5.34596 -6.54339 -2.68254 -0.853934 5.79208 3
-2.45819 2.77141 -12.8354 7.77005 0.774777 -5.22384 -2.28364 -2.62361 -1.0418 9.44491 3
-7.64182 -3.94587 -10.8182 2.19536 1.22787 -6.02488 -3.75082 -3.04582 1.49282 6.82037 3
-6.61521 -2.52782 -9.25494 9.37405 2.2446 -2.97284 -4.33407 -3.41748 -3.16279 10.775 3
-6.68422 -5.69848 -9.97204 5.86506 4.06223 -2.79315 -5.45346 -5.81472 -2.64671 10.4064 3
-5.50286 -3.4063 -8.9715 1.47399 0.95078 -4.23406 -6.22795 -1.93835 -0.543491 5.62212 3
-5.5042 -3.60994 -7.80796 2.22235 2.04588 -3.42918 -2.77742 -2.94911 -0.800487 3.77445 3
-5.9031 -0.398378 -8.50857 2.21394 -0.734242 -5.57092 -3.38498 -5.36615 -1.63709 7.56506 3
-6.85028 -5.7692 -12.1098 4.33435 0.0719002 -4.15289 -4.3217 -1.61879 -4.30101 7.38306 3
-9.11635 -2.54842 -11.9575 5.64586 0.383325 -2.9531 -3.92358 -2.44004 0.881162 5.12359 3
7.59505 10.1206 -6.00151 9.06413 -0.320088 9.83691 -6.28054 2.31434 -3.98113 12.5068 4
9.61413 11.0672 -7.00049 5.86991 -3.82239 8.67396 -11.1536 2.72069 -10.6309 8.07544 4
9.15137 10.4835 -4.31958 8.05622 -3.91523 11.6639 -9.84665 7.43248 -10.1106 8.25592 4
4.51433 11.1035 -6.63674 5.73959 0.0502295 9.17668 -8.25138 4.50049 -7.30171 7.69155 4
1.623 8.20869 -5.00961 8.35758 -4.11767 9.13933 -10.5515 2.70639 -7.78969 10.5725 4
5.16498 5.53862 -6.04625 8.8715 -5.52042 5.57047 -11.1749 0.14253 -8.86923 8.28593 4
3.32766 9.17548 -5.70533 7.91557 -1.24503 9.51599 -6.26898 1.12221 -8.06278 10.0525 4
4.97261 7.71689 -4.80449 5.15466 -2.11153 6.04055 -11.1716 -1.12003 -5.41529 9.18972 4
6.45616 5.86829 -6.89388 11.818 -3.30413 7.77202 -7.21427 3.15833 -7.91926 7.33745 4
5.29648 9.6998 -8.2428 10.1398 -2.43855 6.79903 -7.33871 0.871386 -6.03794 8.57978 4
2.43038 8.07023 -4.5051 6.18459 -3.95811 9.41673 -8.47138 0.846544 -4.27427 13.5587 4
-2.08778 7.85676 -10.6699 4.79652 -2.10628 5.61957 -9.57613 1.07851 -7.70994 4.92331 4
2.22474 6.23062 -3.2126 11.0944 -5.22093 8.41502 -6.73437 2.62333 -7.72535 6.62077 4
2.65777 8.82579 -7.09426 5.67023 -2.25037 9.7578 -9.22523 2.24986 -3.65274 4.40021 4
2.84113 7.77426 -8.23416 5.812 -2.48554 10.6771 -9.50795 1.66801 -10.0368 11.3074 4
0.293407 7.49311 -6.67931 4.07833 -1.56398 10.0916 -9.98614 0.475657 -6.49844 8.64339 4
4.67958 9.57169 -4.15603 5.55071 -4.77876 8.4165 -7.63782 1.5492 -9.47486 6.61836 4
2.496 7.35022 -3.94773 7.5138 -3.973 11.8026 -5.6406 -0.607634 -8.87046 10.8835 4
2.47516 8.21477 -3.78574 6.64609 0.701394 12.6542 -7.56497 3.37909 -9.24116 10.152 4
1.78998 8.38569 -8.20006 5.70648 -1.17911 9.77371 -7.96396 4.13921 -4.81322 11.4199 4
0.996969 11.0137 -7.54275 9.30469 -4.14541 14.4118 -8.10824 0.353905 -7.73382 11.6334 4
2.98228 8.52672 -5.65975 4.03163 3.76651 9.2182 -7.17883 0.913052 -4.37145 13.0269 4
3.18634 7.61984 -6.91348 5.25791 -2.3207 7.35935 -4.6822 5.23149 -7.60733 13.3548 4
5.02315 12.9622 -9.19898 6.87517 -2.95562 9.68173 -4.04945 3.7884 -7.75788 5.55601 4
4.5957 9.29472 -5.73671 8.78476 0.571066 12.9281 -8.87985 3.46702 -9.67015 9.0948 4
1.91246 6.3631 -10.0875 9.79987 -1.4723 8.63707 -4.93124 2.61896 -8.07702 8.76983 4
5.20551 8.50693 -9.64492 7.14355 1.32635 6.87179 -6.17424 1.51784 -7.01697 8.93606 4
2.91757 9.24464 -5.01148 10.3525 -0.430394 7.39705 -11.1664 3.04196 -8.85184 8.3604 4
6.1817 10.2235 -7.61111 9.23354 -3.91611 6.51197 -6.23022 3.05133 -5.90571 10.0763 4
7.09702 7.74967 -9.82856 8.30979 -3.59437 5.61893 -6.91645 0.735992 -4.7056 6.5749 4
4.63135 7.29824 -8.20815 6.31258 -2.96422 11.9182 -5.70818 1.28088 -10.4162 4.5688 4
2.40406 6.20369 -4.21291 7.70448 -4.14759 13.4698 -7.59087 4.30216 -8.88117 7.92721 4
1.2995 6.02398 -11.661 6.93187 -1.37339 9.92438 -5.5967 -1.63253 -9.67638 9.35177 4
1.22584 10.0548 -6.99857 8.87739 -3.70664 10.1858 -8.89396 7.12373 -8.34066 7.60474 4
1.87328 5.53081 -7.7973 7.28873 -2.02056 12.1422 -5.03612 -0.916842 -7.07023 8.27896 4
4.59518 10.0715 -11.6712 11.6979 -2.39292 5.7817 -6.88348 4.04588 -4.32039 10.0655 4
5.28719 8.98534 -7.79627 7.45499 -1.69459 8.38 -9.97228 7.12821 -9.43441 7.59531 4
3.20724 8.59297 -6.48087 7.27532 -3.94899 5.5537 -6.56138 3.1594 -6.75551 10.0618 4
4.03615 10.382 -7.78447 5.69525 -4.46176 10.7572 -10.9664 4.56632 -7.31867 6.58455 4
0.270766 7.55152 -6.5899 7.86528 1.28518 9.74614 -3.34448 2.63801 -5.78672 9.82071 4
4.65608 8.00558 -0.511344 6.5573 -3.2706 9.32907 -2.10818 4.39102 -8.56476 10.4676 4
3.25223 6.40506 -8.43805 5.19626 -3.87168 6.53965 -6.23596 -3.27045 -7.53247 3.90116 4
0.867611 8.91661 -6.87822 8.86361 -2.00233 11.5068 -9.47401 -1.26777 -2.37643 8.41928 4
2.41361 8.77517 -6.03916 9.95464 -1.10577 13.0357 -9.43908 4.29574 -6.06265 12.2271 4
5.78692 7.63953 -12.1945 8.30323 -0.033111 8.63588 -7.93681 0.355325 -6.75447 7.97532 4
6.07776 7.49609 -6.3663 7.52419 -3.88948 9.73956 -8.96723 2.38389 -10.0758 9.96044 4
4.63664 8.82122 -5.75464 3.90084 -1.11468 10.2604 -9.39416 4.02583 -11.534 8.68035 4
8.80586 11.2202 -7.95723 5.27077 -3.09229 6.05686 -10.8298 -2.0801 -8.41281 10.1551 4
3.55183 8.76933 -3.34031 6.64677 -1.30563 9.70036 -7.04251 0.198602 -7.81216 6.39788 4
3.13046 6.20035 -4.9918 6.64833 -3.92273 8.8265 -6.65287 1.22949 -6.72066 9.63709 4
0.821213 8.76722 -5.97783 3.01542 -3.52388 11.5631 -10.6258 6.36327 -8.70166 9.46676 4
4.50214 13.0203 -9.68385 2.98179 -3.78891 5.22322 -6.5354 0.340141 -6.27595 9.68121 4
1.49084 7.20663 -6.16859 9.75257 -2.94728 8.60733 -6.22791 7.36629 -10.4887 6.73305 4
5.35479 8.36083 -8.26977 9.95178 -3.80935 9.67844 -11.1382 8.24454 -7.26143 7.65321 4
6.13551 8.00441 -10.0857 8.28411 -3.13436 15.1769 -7.71601 5.39412 -6.24829 12.324 4
3.9403 10.1713 -11.6725 7.42267 -1.21892 11.4254 -5.58688 3.93015 -2.71683 12.1536 4
7.14293 16.0414 -8.09487 10.7076 -4.30614 9.67292 -11.6175 1.02409 -9.62959 11.8633 4
3.63328 9.94308 -4.86676 7.42551 -3.34857 6.29857 -8.08002 1.30519 -3.99359 8.61604 4
1.93179 8.4099 -5.03133 6.64376 -1.62475 10.4177 -10.8462 2.58622 -8.14584 9.97776 4
4.54204 4.82815 -3.60468 7.84559 -3.14093 11.3015 -5.73289 -1.30656 -10.1644 9.17653 4
5.66677 8.8426 -8.30913 7.01421 -0.672225 11.7565 -6.61051 4.76216 -8.21211 9.36435 4
5.10978 -4.90191 7.66877 -0.12292 4.45503 -5.41354 -4.51946 -0.625834 6.97932 -5.20064 5
4.11858 -0.897308 8.13804 2.52317 6.54497 -2.70202 -1.1294 2.32705 8.00547 -3.55628 5
3.47668 -2.01376 5.26552 3.97091 8.97485 -2.79672 -0.965496 2.73591 7.38481 0.0319962 5
4.88636 -2.10551 10.1489 -0.994291 6.4826 -3.66799 -3.92547 -4.89394 5.586 -5.48436 5
4.52159 -1.19047 8.81767 0.188764 4.71416 -3.95657 -2.29516 1.38412 3.70065 -3.30941 5
0.0504098 0.193556 4.6621 2.6915 6.58423 -1.31624 0.984452 4.05053 6.73433 -1.07144 5
3.2811 -1.69959 7.41101 -1.92708 7.15478 -5.28934 -3.66481 1.97301 6.7463 1.21521 5
0.251676 -0.970071 6.38916 -0.871784 6.56163 -0.93325 -0.459869 1.17715 10.7841 -1.58202 5
3.87468 -1.31391 6.96571 3.03367 11.2179 -3.78482 -2.83387 4.16918 7.12683 0.569939 5
3.58683 1.67684 4.72452 -0.772644 8.43621 -3.91339 -3.52935 2.94794 8.60095 -2.9763 5
1.86527 2.42248 4.07547 -3.09578 9.78293 -4.86757 -5.49677 -0.953146 5.59956 -3.90696 5
6.46839 -0.952071 5.79859 2.14513 9.76236 -1.95389 0.504284 5.12221 5.41782 2.1537 5
5.16431 0.695363 6.65211 1.10537 4.22852 -3.95013 -1.77436 0.797364 6.91982 0.782509 5
0.728353 4.07059 4.99729 0.98288 6.85513 -4.21711 -0.741088 -0.621988 6.45029 0.555882 5
3.71579 -2.19354 11.2609 3.54728 9.093 -4.30586 -1.8953 0.840422 4.49221 -3.66316 5
2.12221 -0.380616 10.1788 -0.101738 7.6606 1.50435 -2.40632 -2.37759 5.73026 -1.7596 5
2.15593 0.828102 11.1656 -0.0824856 9.94412 -2.17377 -3.34165 1.80193 7.85792 -2.88253 5
7.84604 -4.03091 7.23326 2.95776 4.54378 -4.17885 -0.6432 1.0023 7.47181 -3.92711 5
6.8041 2.33669 6.80726 1.81662 4.52015 -4.01115 -3.57801 0.511559 8.73727 -2.65095 5
4.36031 0.3359 5.02566 -2.29944 9.66052 -3.04185 0.581766 -1.07873 8.50014 -1.01099 5
3.08527 -2.88614 6.36388 -0.392571 4.61661 -1.01601 -0.272853 1.72564 6.47129 -5.27169 5
1.46301 0.825534 6.59029 0.289141 8.18989 -2.03261 -0.758547 -2.04585 9.07359 -0.0902146 5
5.78602 1.1442 6.73653 2.57646 9.38132 -3.66376 -2.882 -0.337962 5.16903 -3.13675 5
1.66307 3.78702 9.59113 3.49866 7.39575 -3.23335 1.27918 -0.578977 6.72207 -0.438917 5
3.02524 -4.51422 8.66898 -0.0866831 4.61225 -3.60138 1.4319 0.966414 7.91589 -4.52627 5
7.87714 -1.27226 6.5168 1.21701 6.11329 -1.84742 3.47277 4.92817 5.30197 -4.7781 5
6.03555 -0.831029 6.28276 0.0413453 6.55878 -2.85436 -1.47664 -0.725666 7.68642 -2.97404 5
6.83915 -4.01636 6.20557 0.931544 3.08167 -4.73679 -2.62335 1.12773 6.82333 -4.44595 5
2.66296 2.62391 8.8439 -0.665728 7.40124 -5.36049 -3.05339 -3.77361 6.76292 -1.55023 5
2.72941 -2.02201 5.41026 0.591881 9.10253 -5.37396 -1.63651 1.46468 4.70975 -0.553873 5
4.08837 3.97512 6.29499 -0.33438 6.69843 -5.09718 -1.80723 -0.212601 5.38922 -2.0113 5
5.30472 3.45322 8.40681 0.167842 5.90792 -0.569925 -1.85215 4.17867 7.50577 2.0537 5
0.55321 1.11985 6.50529 5.75459 11.047 -2.80835 -1.82941 2.24889 6.78108 -2.9068 5
4.48487 -1.11156 9.31773 -3.29162 6.23081 -3.32904 0.0296512 2.82963 7.22419 0.102873 5
4.31813 -1.3927 8.48208 -2.36784 8.95084 -2.83124 -4.67645 -0.0914183 8.82496 -6.72308 5
3.57145 -1.7589 8.80325 -1.34567 3.20071 -2.39368 2.10745 3.04297 5.82401 1.3988 5
0.867547 -3.7759 3.29762 1.64241 4.91552 -4.62913 -1.26517 0.504321 4.99606 -1.40488 5
2.06235 0.854355 6.0571 1.14347 9.47814 0.572652 -0.541319 2.96827 7.04254 -5.11237 5
4.86799 -2.34014 4.22459 1.57645 5.66061 -0.849823 0.220707 1.88779 3.55669 -1.79079 5
5.83181 1.44804 3.2623 0.541295 6.67613 -3.38588 1.66161 1.30721 4.96658 -1.87194 5
3.80638 -1.01201 4.00307 -2.18299 4.57404 0.303243 -0.715295 4.02063 8.35103 2.39225 5
3.18042 2.01429 6.40112 1.83599 5.59023 -3.44702 -1.06944 1.68587 7.61839 -3.78214 5
8.96793 0.0717808 7.7628 3.31923 8.14158 -3.49552 -4.58877 1.30882 4.9168 -4.16926 5
1.45821 -3.77324 8.31749 0.828111 3.76638 0.532653 -0.0550554 0.326 10.5155 -1.56876 5
5.48481 -0.363518 3.5684 -1.36684 7.3789 -1.16968 -0.786179 1.82646 5.6688 -0.560518 5
8.45034 -2.92633 7.13994 2.98259 7.11619 -3.89486 -1.12537 2.98574 7.3343 -6.40671 5
5.92096 -1.2658 7.29021 -0.0499819 6.87461 -6.10651 -0.95995 4.39076 4.97552 2.3675 5
3.01327 -3.98234 4.48095 -0.416489 7.04523 -5.45802 -0.384544 -0.17932 4.33498 0.535309 5
3.25626 1.76834 8.19554 0.548226 11.0046 -5.70918 -4.42313 3.09608 6.95763 -2.78623 5
4.6632 1.46011 7.40126 3.52082 9.1127 -6.72658 2.26745 6.05861 2.71451 -4.44998 5
5.15642 -3.19837 6.05091 2.75099 8.90335 -3.50333 -0.797483 4.37283 7.89845 0.806179 5
3.17402 -2.32012 5.9234 2.09645 6.35279 -6.51121 -0.156501 -3.62116 6.50885 -1.06294 5
0.875741 -2.32315 9.83645 1.06461 5.90407 -3.5276 -2.86928 2.38408 6.74673 0.71649 5
0.960919 -2.74401 4.7322 1.37868 8.59764 -2.44803 -1.41999 0.665804 7.27534 -2.56531 5
6.33919 -1.4434 5.80255 1.66285 11.8993 -5.08146 -3.34421 0.309645 6.94151 -2.5284 5
3.98576 -0.96354 4.5509 2.02792 10.2291 -2.18847 -1.00897 -3.35415 6.33263 -1.2648 5
5.82429 -2.72832 6.89847 4.77091 8.42777 -2.33014 -3.15062 -0.467111 5.49179 -0.936655 5
0.547019 4.4791 8.16103 -2.22923 1.48572 -1.63287 2.28937 -1.13682 6.3269 -0.680994 5
4.95533 -3.83356 6.81324 0.966157 7.80696 -3.459 -3.56685 2.61052 2.20066 -0.442785 5
4.01197 -2.88932 4.63552 1.63141 7.87477 -2.52461 -3.11412 1.40529 11.0391 -0.900773 5
5.06677 1.59524 8.28255 1.90399 7.07768 -6.48744 -0.600029 6.07532 3.42302 0.0201976 5
5.70409 2.81647 6.41793 -2.3729 6.50899 -5.69014 -1.38225 0.356837 8.99844 -6.44984 5
-0.192665 -2.46198 8.58684 0.149071 7.09405 -8.00033 -3.09291 -0.240595 6.43552 -3.98498 5
5.12713 -1.47277 6.58083 2.70822 2.25358 -0.617478 0.574938 0.186379 4.49285 -2.04437 5
2.70885 -0.794013 8.09064 4.19473 4.00257 -5.31344 -0.819182 1.85894 7.85735 -2.07663 5
1.89207 -0.0450667 9.93467 1.79619 5.01299 -3.59127 -2.82446 -0.463912 7.18577 -0.0950126 5
1.23263 -1.15652 8.95071 -1.57566 8.91995 -0.310518 -4.66528 -0.540165 6.32351 -3.67286 5
8.09049 -3.23084 5.11886 0.686906 6.88467 -0.163775 0.864927 4.02901 4.46362 -0.757888 5
4.3789 1.11815 4.57075 -0.163109 7.2976 -3.42066 -0.288139 2.96699 4.42155 -0.733038 5
0.560742 0.207532 8.86697 -3.08794 6.92407 -6.24974 0.56769 0.504629 4.99642 -4.15219 5
1.14049 6.13073 5.45364 0.936384 4.00999 -4.39531 0.0910942 -1.03445 6.86486 0.486816 5
8.55126 -3.44843 3.75412 2.43281 9.89814 -4.77058 -0.500747 4.70624 5.85529 -2.05305 5
0.926704 2.86451 9.06748 0.322666 9.472 -4.07848 -1.60117 3.76061 7.37766 -1.063 5
2.8711 0.692462 8.06742 0.856823 7.2809 -4.96955 -0.918831 -1.18606 11.4493 -5.36089 5
7.38219 -3.5327 7.29125 6.3288 8.38129 -4.03107 0.512786 4.98293 5.89082 -4.28635 5
6.81896 -3.75416 9.28867 0.122138 4.91349 -2.74396 0.203268 3.86288 5.91324 -1.35546 5
-0.346085 -1.52103 2.20796 -0.639339 10.2368 2.90707 0.892814 7.72871 8.35871 -6.29533 6
0.499366 -0.780715 5.00988 -5.02968 12.1295 3.70871 -1.38478 9.02326 7.40413 -6.6995 6
3.45294 -1.94191 -3.63254 -4.24279 9.65221 1.27277 2.25546 6.98202 5.35093 -7.41417 6
2.02303 -2.24902 -2.09477 -0.277007 10.3369 3.87152 -4.87633 8.66992 11.8188 -6.76097 6
-0.911061 -4.30655 -0.772236 -3.04781 9.55112 0.27628 -3.30668 6.17722 12.0123 -7.81531 6
1.20058 -0.0405021 0.771324 -6.84633 11.4279 4.83654 2.75328 5.85409 7.27446 -4.72325 6
0.582216 -6.68809 -1.88087 -1.70029 9.37062 2.63718 1.73837 6.01917 7.4178 -2.00224 6
0.471741 -2.8956 -0.912186 -6.08244 7.94882 3.29254 -0.0252729 5.15535 5.41703 -7.83485 6
3.71505 -2.49469 0.651136 -0.234734 12.8103 2.8051 2.55736 7.53727 8.25225 -6.25571 6
3.91217 -0.279371 -2.99318 -1.74034 7.99475 1.0878 0.509888 9.52051 5.99083 -3.59637 6
6.81787 1.93348 -3.34481 -5.69892 6.72188 1.39125 4.34295 7.83844 8.09753 -2.47864 6
3.03588 -3.29025 -3.02843 -1.87438 7.67826 2.72303 3.47347 6.36122 5.80412 -3.83542 6
3.04335 -2.32404 -1.82866 -5.99078 11.818 -0.917308 -1.08953 7.63437 6.32598 -7.32502 6
0.630446 1.63721 1.03468 0.866595 8.26036 3.52217 -1.28221 4.95109 4.90555 -8.3454 6
-3.65204 -2.7159 -2.26416 -2.24007 11.561 0.779475 3.04796 5.91691 6.61927 -5.38415 6
0.0831761 -3.00778 -0.641563 -2.14491 9.35106 4.03792 -0.819541 7.44815 10.7194 -6.70426 6
3.64138 -0.25066 -1.85185 -1.63553 8.77997 -0.106946 0.402277 4.16101 7.92501 -5.7306 6
2.9865 -3.08057 -1.89904 2.89402 5.99135 0.446153 -0.688734 8.0399 5.19694 -3.9473 6
1.4814 -2.84615 -3.27737 -2.62246 10.0829 3.0819 2.21761 7.47462 5.0013 -4.3274 6
-0.435994 -6.59537 1.97163 2.29056 12.374 -2.00144 -0.745193 8.69873 2.89138 -3.7877 6
0.159453 0.592878 -0.523616 -4.28514 5.07884 0.784325 -4.36484 5.89432 7.70826 -8.18218 6
1.14707 -3.1337 -0.373765 -1.42935 11.8036 -0.277506 1.97035 5.13905 8.94769 -1.48077 6
1.13085 -3.03415 -2.65165 -3.8677 11.0765 -2.44443 0.866382 7.45859 3.13988 -5.97038 6
-0.930033 -4.05007 -1.86332 -1.2509 13.37 4.19542 1.90754 4.59186 5.71151 -9.1246 6
-0.921753 -7.0678 -0.298919 -2.15529 6.83572 0.82145 -0.325515 7.86687 6.67094 -6.82957 6
5.475 -6.85089 -1.99742 -1.19676 8.77566 2.0957 -0.496571 9.46641 11.9097 -10.4207 6
-4.19025 0.491521 1.69087 -12.2706 -7.7235 -0.708315 -4.60651 -11.4397 -7.96029 -9.31232 7
-4.94319 -1.645 4.26793 -12.2197 -7.12927 -0.575101 -5.89825 -8.14741 -8.11801 -5.77055 7
-2.60587 -0.470003 2.38666 -13.6308 -3.44493 -2.42215 -5.2288 -6.09036 -7.24768 -8.55003 7
2.09288 -3.95975 6.3699 -12.05 0.417391 -2.41049 0.57688 -2.51226 -6.23903 -13.6909 7
0.170075 -2.89076 2.32196 -8.24465 -7.24516 -0.951124 -5.94645 -8.8298 -6.99441 -9.40086 7
0.69091 -0.653231 5.07697 -7.86999 -5.52306 -0.345277 -3.60459 -5.89053 -9.59444 -10.7861 7
-3.67938 -3.15988 4.69915 -8.71631 -3.89107 -2.27483 -2.89566 -3.24063 -6.65137 -7.40666 7
-2.80447 0.916151 8.30843 -6.12815 -4.88857 -0.951392 -1.96419 -8.17278 -6.08796 -7.40034 7
2.19529 -4.81344 2.32354 -9.2028 -7.83237 -1.23756 -0.464114 -5.8257 -8.76824 -10.3587 7
-2.92038 -2.73503 6.79294 -10.3015 -4.01847 -0.0512613 -0.39201 -9.28982 -10.4443 -11.0186 7
-1.85194 -2.46568 0.827452 -5.29695 -5.19046 0.584862 -3.58876 -9.74131 -7.25 -7.15119 7
-2.42792 -4.28884 4.58398 -12.1099 -5.80192 -0.951808 -2.77001 -10.8002 -8.98737 -11.1228 7
1.86838 -2.28035 2.78223 -9.04161 -6.90655 0.756122 -6.8181 -4.87263 -7.71414 -8.32432 7
-0.239327 0.882685 7.02352 -8.29829 -2.82756 -0.0103142 -4.76849 -6.01923 -5.68727 -7.72154 7
-0.73533 0.382085 6.84159 -4.99274 -8.55994 1.69914 0.584049 -7.37097 -1.51312 -8.5559 7
-0.0841079 -1.53257 6.28823 -12.8935 -6.66874 -1.07853 -2.84761 -7.84873 -10.5221 -13.1665 7
-6.04493 -1.00227 6.82937 -9.70696 -5.16859 0.384147 -4.07671 -7.14895 -9.98766 -5.49099 7
3.15715 1.61135 6.41549 -8.95509 -1.18117 -1.88732 -6.55233 -10.3058 -8.83926 -11.7319 7
0.12004 -0.284607 1.41106 -11.5457 -9.42285 0.0260942 -3.55692 -8.61622 -10.8475 -10.5318 7
-2.03223 -2.23365 4.60893 -10.1052 -9.28862 -1.74637 -5.64982 -7.35907 -10.3348 -7.82127 7
-3.93576 -1.28985 7.15002 -10.4308 -6.07187 -4.08018 -2.09143 -8.33747 -6.72768 -10.3701 7
-2.40677 0.775214 6.03446 -11.565 -3.49449 -1.77557 -3.98252 -7.08594 -11.174 -10.487 7
-1.46867 -3.18114 1.86995 -9.79956 -6.88818 -0.3278 -1.1782 -6.88525 -11.3375 -12.8919 7
-2.51478 -2.93851 1.97603 -9.23439 -8.72334 -0.941531 -1.04001 -8.95798 -8.45596 -15.6456 7
1.76703 -2.38063 4.13181 -11.4347 -4.81343 -0.603095 -7.58193 -8.57907 -8.773 -12.1066 7
-0.454137 0.152914 2.3853 -10.2707 -6.42351 -1.36528 -5.48956 -8.34802 -7.67152 -9.2878 7
-5.53606 -1.45484 6.95322 -7.93888 -6.07672 -1.62549 -4.53336 -4.85066 -5.9152 -5.2227 7
-1.1877 -4.70067 3.45481 -11.1859 -6.27668 -5.42262 0.101155 -8.55452 -7.77686 -6.98012 7
2.46813 -2.4587 4.66746 -9.76984 -6.09923 -3.48356 -0.353016 -7.72779 -12.3742 -9.57096 7
-5.5478 -0.883003 0.297434 -10.2691 -5.86242 -0.0211884 -6.42276 -6.60547 -10.8928 -8.55985 7
-1.97387 -0.331143 5.08103 -9.61785 -1.16477 -4.68202 -4.59917 -8.09772 -7.04714 -7.73895 7
-1.80894 -2.31229 3.92995 -7.29121 -4.31747 -2.3795 -2.36464 -6.40026 -13.7923 -6.73129 7
-4.66206 -1.43568 4.81703 -10.4195 -4.69375 -1.47504 -0.739615 -8.03012 -6.75985 -10.302 7
0.113009 -3.06197 4.24654 -10.8988 -4.97061 -4.38111 -4.35091 -6.70167 -8.17903 -8.83271 7
-3.76025 -1.5361 4.35156 -10.041 -2.967 -4.06591 -6.63365 -7.63817 -11.3923 -8.38316 7
-2.93983 -5.12625 3.06095 -6.35667 -6.51876 -3.81117 -4.43901 -7.38364 -10.825 -6.63207 7
-1.03944 -3.15323 8.12557 -10.5084 -5.77188 -1.99695 -5.38367 -7.18246 -9.13035 -11.8183 7
-3.41593 -2.7015 7.38377 -10.1113 -3.4096 -3.4383 -2.32747 -4.84926 -7.51866 -8.66119 7
-4.13083 -1.51091 5.39165 -11.4319 -6.67148 -1.44437 -2.98471 -7.74903 -9.6363 -10.1365 7
-5.44225 -0.85345 3.79361 -9.70919 -4.90844 -1.76436 0.758601 -4.84532 -7.45905 -9.60121 7
0.537765 0.079855 3.01933 -9.17187 -1.85277 -0.707378 -1.39369 -7.58801 -9.35903 -8.52602 7
0.577641 -0.81516 6.16458 -7.79153 -3.82563 -1.01704 -3.17049 -11.2925 -7.75823 -9.39183 7
-1.72732 -3.29007 5.34709 -13.7239 -4.96696 0.617315 -5.24903 -2.7556 -12.023 -13.1867 7
-3.58349 -1.16541 -0.110932 -11.6378 -1.70782 -2.06052 -1.52768 -9.37677 -6.55202 -10.8254 7
-2.07145 0.75037 3.521 -7.14248 -5.60329 -0.137964 -4.97156 -2.43929 -5.15466 -10.2463 7
-3.98936 -3.55283 1.99406 -5.17913 -5.83717 -3.29234 -2.19963 -8.95671 -7.94008 -8.00302 7
0.657679 -1.67822 4.02321 -11.3678 -3.15914 -2.09493 -5.07044 -6.9657 -10.3928 -11.3089 7
-1.72582 -3.69884 2.88658 -9.97428 -7.9794 -4.77529 -8.42627 -5.11326 -3.94862 -7.66262 7
-2.11134 -1.72377 2.78794 -10.6411 -6.7501 -1.10695 -4.70311 -4.95193 -9.78011 -6.27369 7
-4.08881 0.118423 6.2706 -12.0883 -9.918 -2.6707 -3.36215 -6.17575 -7.17846 -12.1297 7
-0.913898 -0.823725 6.81234 -12.9002 -3.58384 2.69174 -2.88329 -4.00868 -12.7245 -10.3453 7
-5.71909 -2.22299 2.52188 -6.76495 -4.90719 -1.5202 -4.90336 -5.66179 -8.8224 -8.12479 7
0.620068 -2.7486 2.37885 -11.1384 -6.23145 -1.9672 -4.12257 -9.15151 -12.2923 -10.5349 7
-1.83852 -0.648496 3.65276 -8.18061 -6.3568 2.62318 -0.60459 -9.08066 -8.55936 -10.0468 7
-0.684035 -0.800932 4.8677 -7.09325 -8.20422 -1.45818 -1.1385 -8.22427 -4.20523 -7.12387 7
-2.03537 -2.08123 5.99066 -11.2018 -6.84939 -1.91199 -6.60535 -6.0539 -7.89981 -5.18449 7
-0.856682 0.482175 2.48781 -8.86928 -6.6844 -2.54804 -2.4007 -12.2776 -15.8479 -11.3831 7
-2.18806 -0.629614 4.82639 -8.08251 -5.90833 -3.78522 -4.8817 -9.72287 -8.10058 -8.02 7
7.75669 5.8805 -8.69829 -3.41192 4.37422 -7.57071 2.90131 6.51353 -6.38077 -9.35321 8
9.41145 8.61329 -6.12441 -7.87186 5.95485 -6.94917 -1.45627 8.28188 -2.76352 -6.76782 8
8.31364 8.59878 -9.58437 -4.89284 8.95488 -5.48334 1.40439 4.26048 -5.95387 -8.0691 8
8.18864 8.33693 -6.08848 -3.71812 6.81963 -7.90729 1.3362 8.72474 -4.12106 -7.66763 8
8.03391 10.1471 -6.07109 -2.7651 6.02575 -10.3164 0.194845 7.04088 -6.92022 -8.23103 8
4.47303 9.40028 -7.66999 -7.26 5.82587 -7.03908 2.20855 10.955 -4.29889 -5.39668 8
7.7159 8.80513 -7.85854 -4.1978 6.17495 -4.59128 2.24807 8.4183 -4.75082 -3.39464 8
8.09362 8.65248 -8.54211 -10.3774 3.02359 -7.9758 2.71219 8.21216 -6.52351 -4.54449 8
5.88941 6.54501 -8.31498 -8.54562 5.96067 -7.26863 0.362595 9.05807 -3.82716 -7.66254 8
8.22104 10.0158 -13.5867 -7.16959 8.33781 -6.13482 5.85225 7.65195 -2.04445 -9.09416 8
8.80867 7.74971 -7.95661 -3.95893 5.34396 -7.87238 1.83619 8.49682 -2.87448 -7.77851 8
7.49485 8.42133 -7.6031 -5.60541 7.19967 -4.37841 1.19656 3.96695 -4.89481 -5.81911 8
8.21383 8.63747 -9.09361 -8.94489 8.52541 -6.17784 3.72762 5.80583 -3.09132 -6.07297 8
10.8269 8.56368 -8.15312 -7.86402 6.17524 -8.34988 3.53406 7.3525 -3.96345 -7.89473 8
9.86797 7.71673 -6.84171 -9.37042 5.90701 -6.55297 -2.2654 10.6051 -3.47732 -9.98194 8
6.08413 6.29646 -6.73469 -8.73348 7.61214 -8.69369 0.965155 5.19191 -6.74507 -11.2634 8
6.87661 6.80463 -9.77524 -9.1842 5.59112 -5.80762 -0.565253 7.20397 -5.28643 -9.74288 8
4.41677 8.64024 -7.44083 -8.00785 5.05764 -7.20746 2.52637 8.94882 -3.54888 -4.7321 8
7.96309 9.1555 -10.329 -9.93289 6.29247 -1.90555 -0.796621 9.62044 -1.31373 -7.89576 8
14.2499 5.89913 -8.23952 -8.68568 3.08098 -7.00142 0.549777 8.03577 -3.67548 -7.94198 8
6.83241 8.64041 -10.9369 -10.6757 5.32769 -8.49291 2.28921 10.3752 -6.67362 -8.81207 8
6.88976 8.4517 -9.8891 -7.90941 3.19673 -7.46829 3.42742 9.10027 -3.05357 -7.95088 8
6.42054 6.50711 -8.34705 -3.18806 8.57184 -3.07254 3.82553 3.92884 -3.18179 -7.55149 8
12.2097 8.31316 -3.76912 -5.79171 5.91001 -5.53585 0.754606 8.4486 -4.64767 -4.65956 8
6.3211 7.13447 -10.1919 -7.08594 5.37239 -2.40183 1.91729 9.0283 -2.61888 -4.81194 8
7.51624 9.34239 -6.70579 -7.27307 5.82303 -11.6835 3.26272 8.10356 -4.30274 -8.66371 8
10.26 9.10743 -5.59315 -5.75664 3.10618 -10.1715 5.14695 9.54173 -4.95178 -5.65569 8
6.30655 7.75398 -8.53128 -5.02681 8.09268 -6.73565 8.82107 5.85764 -8.03386 -7.15188 8
10.3861 4.86743 -11.6199 -6.92088 6.00883 -4.93853 -3.46902 7.18446 -4.48344 -5.7197 8
8.04397 7.33252 -9.69253 -6.12886 5.95709 -10.221 4.07273 8.7872 -9.76487 -8.66463 8
6.79462 6.63912 -7.86903 -6.23984 6.49987 -7.10176 0.572126 7.12777 -8.44248 -8.49614 8
8.44207 7.34415 -10.0085 -6.85865 6.77794 -5.70146 1.256 8.40887 -5.02307 -8.15893 8
8.17837 6.49218 -8.68987 -4.93819 5.77118 -8.46988 1.46476 5.85471 -2.55629 -10.8866 8
11.3176 7.91766 -8.93344 -5.08477 8.96153 -8.0146 3.90114 8.10709 -4.25802 -7.98973 8
4.97221 8.67327 -9.22233 -7.34247 8.51267 -9.40118 -0.0524604 8.30794 -8.38947 -8.52111 8
5.93698 -2.22516 -1.48901 1.63317 -6.69977 -1.2617 -6.19016 0.541445 10.137 -4.60929 9
5.6555 0.597176 0.185584 2.00059 -11.1451 -2.0713 -8.08975 3.84152 10.0904 -4.75416 9
6.76569 0.390587 2.44677 4.36034 -4.24684 0.880339 -6.5178 2.14655 7.35724 0.428345 9
2.41021 -0.229862 4.07365 2.22511 -7.07145 3.68535 -7.18662 -0.975586 6.91486 -4.63314 9
8.76325 -3.40549 -2.16443 0.283967 -12.2615 -0.328247 -10.9862 1.55282 5.45968 -4.7744 9
8.44445 0.158542 -0.900388 -0.771379 -9.50019 -1.56054 -6.01655 2.24304 5.31367 -5.5866 9
3.39208 -2.00909 -1.70727 1.46221 -7.2773 0.903064 -6.8128 -0.478755 9.60965 -3.22317 9
5.82851 0.0923617 3.05165 0.24602 -8.6899 -3.19029 -5.59729 -1.28135 17.5632 -3.26103 9
0.882215 -2.46766 1.17591 -0.586519 -8.63969 0.263719 -10.7053 3.30546 3.83735 -6.20734 9
8.10916 -1.44452 -0.485847 2.34599 -6.75354 2.79187 -9.04281 -2.10327 12.3468 -2.76494 9
5.25892 -1.25467 4.67284 1.83636 -9.90226 0.269882 -7.56748 2.17957 10.5332 -2.64056 9
6.67182 0.828589 0.616498 0.909605 -9.39803 3.11163 -10.2353 2.16385 5.22205 -4.50619 9
6.00855 -1.0126 0.479189 3.63659 -7.13667 4.20811 -5.90878 4.53397 5.77698 -2.87305 9
4.71452 -3.43415 -0.0459228 -0.132349 -7.25565 -3.40566 -10.3101 0.170098 5.24771 -1.39756 9
3.84223 -1.08594 1.04373 -1.918 -8.27901 1.07233 -8.77473 1.20188 7.2963 -1.85273 9
7.45619 -0.720721 3.36202 1.24285 -12.6702 -1.84921 -11.3886 1.77483 9.0552 -1.79625 9
7.17159 -0.74128 -1.72069 1.88124 -10.3409 0.400116 -11.1103 3.44193 8.37363 -5.89088 9
3.16415 0.598924 4.30669 6.12706 -7.50092 4.66699 -5.5606 3.80332 11.3782 -1.25239 9
5.76676 -0.876032 2.55989 4.42004 -5.71275 2.70778 -10.316 3.34676 4.95465 -4.54419 9
4.51482 -5.08632 2.00462 3.25425 -8.16534 -0.538513 -11.1129 -0.256749 6.54553 -1.04732 9
7.09995 -0.93046 0.146259 -0.28332 -7.81926 2.44118 -11.0965 -0.759217 8.46376 -2.00685 9
7.00614 -1.72958 1.20384 1.75093 -10.9848 1.30649 -10.1708 1.41912 10.9515 -0.201636 9
3.52542 -3.56104 -0.0440185 1.21568 -8.16423 3.87961 -10.6191 5.6598 7.22896 -4.49886 9
5.48122 -1.37356 2.82313 6.94547 -5.89099 0.400214 -9.87459 0.622821 14.5893 -4.64412 9
7.7042 -2.3887 2.28221 5.9764 -7.42391 -3.69221 -9.11481 2.77797 10.1736 0.582815 9
8.61069 -2.23764 -1.21902 7.00461 -8.95006 1.3601 -6.16495 2.06846 10.6548 -5.6045 9
3.33035 0.391748 0.381606 1.96583 -11.0002 -2.01718 -5.08771 0.6593 6.45255 -3.01035 9
7.14906 -0.458696 -2.23313 0.916525 -11.7284 2.45557 -12.0852 1.76603 8.04504 -2.02401 9
6.82762 -1.84968 -0.784532 5.97988 -8.81693 -1.17689 -7.12033 3.61789 6.99349 -2.48493 9
10.0807 -0.231204 -0.422567 2.81416 -7.96728 -3.48767 -9.02616 3.73026 10.8101 -6.77081 9
11.1451 0.441107 -0.882155 5.9482 -14.3415 -2.64588 -10.1706 5.5688 7.92664 -8.57554 9
9.9191 -2.92033 -3.98226 2.11748 -7.76893 -1.14133 -9.07667 -1.15127 10.8614 -2.60869 9
7.27974 -1.83792 4.15195 6.47006 -8.52158 1.71205 -7.65281 2.15253 11.4303 -2.83994 9
6.84513 -0.0935439 -0.0381414 1.64115 -8.81609 -3.58271 -9.51035 0.47688 8.22627 -4.77405 9
4.93261 -4.61466 0.834186 4.26949 -7.34222 -0.353278 -4.80893 1.42672 10.9505 -2.30237 9
8.82724 0.878977 1.43882 2.25662 -10.2768 -2.58477 -5.99381 1.37687 11.8558 -3.25362 9
6.25074 -1.19112 1.7075 3.57511 -11.2338 -3.07162 -9.95201 1.46676 7.30369 -4.76379 9
6.66418 -1.28174 -2.85546 6.84213 -7.77296 0.344238 -6.97917 1.17669 6.42809 -4.97123 9
9.80746 1.82438 0.618103 2.3949 -9.23801 -6.3112 -10.6177 2.94445 10.457 -3.25121 9
5.07318 -4.16897 0.300102 2.22687 -8.93498 0.292216 -11.2164 1.74264 2.72114 -4.50303 9
5.71521 -0.00044482 1.1734 0.0253955 -7.35583 -1.31822 -8.04009 0.698148 6.59705 -2.21817 9
9.58143 -2.13231 -1.63188 1.64552 -7.97416 -2.81331 -7.42021 4.43157 13.0345 -1.29546 9
6.64831 -0.811509 1.41038 2.66695 -8.60347 -1.34259 -8.81753 -2.79825 8.67931 -4.95917 9
5.03878 -3.68973 3.87442 7.21785 -9.80507 -0.988352 -10.8219 4.22198 4.40449 -5.46929 9
5.39751 -1.74509 -1.7909 1.91795 -8.47468 0.580581 -9.05337 -1.99613 3.92785 -6.66635 9
6.69794 0.0302619 -1.65655 2.08766 -7.24641 -3.65288 -9.54705 -2.0065 10.4813 -4.94566 9
5.44959 -2.30106 4.10613 1.85738 -6.23308 -1.76556 -3.88876 2.78649 6.98688 -2.09655 9
6.2319 -2.99252 0.808249 5.07718 -7.76052 1.11192 -4.72001 2.23386 11.7054 -8.53919 9
7.40665 1.20461 -0.815417 3.07841 -10.1638 2.33928 -7.86348 0.928356 7.98787 -1.38373 9
3.9629 -2.37807 1.85468 2.56956 -10.5009 -6.35196 -10.0405 6.03131 11.7854 -2.76903 9
6.55187 -3.36422 0.911567 4.90983 -7.60045 -0.613035 -5.12697 -0.0612525 8.32388 -1.67546 9
8.84987 -2.28119 -5.06006 1.33976 -9.53514 -1.68896 -11.3009 6.52634 4.64426 -3.11397 9
6.9622 -2.56758 -4.19137 6.60528 -10.9197 -4.06339 -10.6639 3.24975 5.46735 -1.14999 9
5.78231 -0.111985 1.92978 5.10446 -10.8158 0.695943 -10.1126 5.48562 11.3564 -1.38881 9
5.4359 -2.5225 1.45205 2.99708 -9.8111 -0.833084 -10.2518 3.59029 6.14838 -4.48007 9
4.6375 -1.36883 -0.603199 0.881129 -7.38077 4.49196 -7.15259 7.62952 8.77462 -4.29641 9
1.58999 -1.91092 0.643333 4.54378 -4.68264 -2.18263 -6.69099 -1.49944 9.93691 -2.27003 9
4.79678 0.486406 -2.39029 0.853283 -8.81075 -2.82939 -6.30703 2.1171 10.0937 -0.290488 9
6.13262 0.483451 -1.62456 3.91516 -10.7039 2.65106 -10.6715 -2.36001 4.05764 -6.33295 9
7.42782 -1.83441 -1.49727 1.66817 -7.23365 0.535144 -8.75186 -0.648791 8.6034 -2.5875 9
2.60208 -2.16915 -2.03582 0.623485 -9.50368 3.29373 -3.91147 1.55998 3.56765 -3.37175 9
4.55106 -2.09046 -2.10769 1.01112 -8.43158 -3.0232 -8.52782 -0.369346 6.08724 -3.9889 9
9.05238 1.12353 1.72415 6.2461 -11.4608 -0.420385 -6.15078 2.92377 10.9306 -1.87898 9
5.67971 -1.54558 3.07229 2.76004 -13.0895 -1.0954 -9.86719 1.88732 1.74316 -4.54775 9
5.06912 -2.47951 0.474875 1.58837 -4.99505 -2.52926 -10.3443 3.00182 3.62428 -2.09648 9
4.73168 -2.87368 -0.682174 3.32253 -11.1193 -1.68064 -6.90573 5.61211 12.556 -6.97806 9
6.91965 -0.121056 3.04826 0.847151 -8.25288 0.923041 -9.30848 4.72535 6.20565 -4.54682 9
2.2539 -2.38991 2.4631 -1.29524 -9.62491 -3.48875 -10.4678 3.73233 7.23894 -0.554565 9
4.84773 -2.00729 5.58204 1.33334 -6.49584 0.503349 -10.9278 0.698657 10.3843 -3.99871 9
6.0484 -2.30094 2.69724 4.6384 -11.9819 -2.76018 -8.20298 5.43208 11.4201 -2.59536 9
5.17497 -2.92342 1.68365 2.13149 -11.8477 1.24003 -8.79187 7.7647 3.37734 -1.17091 9
8.42623 0.63821 -1.21674 0.581492 -8.51232 -3.06499 -6.99096 1.74732 9.75515 -7.56133 9
5.28085 -0.0879481 2.84101 0.511144 -11.3635 0.0307275 -8.8178 3.20047 5.76277 -2.57921 9
5.19106 -0.0401021 1.85101 5.28011 -4.26795 3.66238 -9.16208 5.09628 9.83285 -0.937934 9
7.93902 0.963764 5.1352 1.02919 -8.09453 2.34387 -9.65122 0.162083 9.19351 -1.86397 9
5.39028 -1.7529 1.06809 3.53367 -12.6753 -0.465987 -10.1982 6.78281 2.60203 -8.07666 9
8.51196 -2.83753 0.714146 4.40423 -10.8307 -0.119246 -6.51413 2.0772 9.8856 -3.65573 9
5.11216 -2.68617 -1.37153 4.47023 -8.98979 4.1346 -8.91511 2.47943 9.08173 -6.3834 9
8.30506 -1.97781 2.87209 4.94009 -11.7559 1.95281 -10.0827 3.62599 5.71623 -4.16735 9
5.95681 -0.189499 -0.81693 2.98891 -9.70097 -0.607745 -10.0288 3.83898 3.72529 -5.84857 9
3.20812 -1.2156 -0.443066 5.63449 -8.48673 1.24358 -6.2555 3.97966 5.5216 -4.09747 9
9.45314 0.286783 3.82933 1.3111 -9.23513 -6.45418 -9.28293 3.67592 16.2509 0.824752 9
7.32556 1.43055 -0.783278 0.602128 -11.7282 0.962031 -8.79908 -0.247109 3.13236 -4.92046 9
4.55591 -0.678107 -1.3917 1.78613 -5.4846 5.75134 -7.02141 -0.646664 3.9506 -4.76605 9
3.49172 -3.36297 1.01612 1.11676 -8.67062 -5.44461 -10.2572 1.28378 5.3914 -3.83252 9
3.78949 -3.26158 0.402129 3.67971 -9.2435 1.60104 -6.22292 0.383553 3.32031 -0.152368 9
4.90212 -1.649 -0.462557 4.4648 -6.51022 -2.52332 -9.35464 2.20641 5.95644 -0.820941 9
10.2719 -1.36301 0.198666 5.36765 -14.5545 -1.78213 -9.22615 4.24732 5.17655 -5.99612 9
6.76725 -0.611528 -3.22151 1.57535 -11.6563 0.206272 -9.93647 -0.871587 5.43658 -5.14231 9
7.72578 -0.195187 3.3287 5.76579 -9.43618 -1.08523 -8.96599 2.33219 8.91798 -5.55088 9
8.68791 1.49624 -2.19149 3.84335 -5.97395 -4.77932 -8.74206 0.916753 14.7525 -2.0608 9
4.59466 -1.75485 -0.132229 4.24067 -8.02861 -0.154503 -5.41505 -0.103369 5.18219 -0.705976 9
4.89718 -0.618902 1.11594 4.22423 -9.89223 -0.827637 -10.9351 3.06886 9.43851 -4.96532 9
9.22524 -4.58715 0.393501 3.69808 -7.82899 -6.26962 -10.3413 -0.065473 10.3362 -2.25812 9
4.42314 -2.91814 3.48516 -2.02961 -10.4045 -2.03654 -11.4725 -0.404662 9.02479 -4.03852 9
5.15977 -1.76196 -0.404075 0.0350993 -7.93339 -2.79907 -8.35919 2.04042 4.42308 -3.75424 9
4.41563 1.22415 0.183815 5.40492 -9.78217 1.0518 -7.97512 3.82971 6.13292 -4.10867 9
4.25311 -3.64813 -1.11373 0.883079 -6.939 -0.476219 -2.61607 0.430274 12.3155 -1.84791 9
4.26851 1.29333 -1.89635 3.17139 -8.37578 -2.04472 -6.53704 4.06209 4.04322 -3.29061 9
8.04242 -2.1902 1.5606 10.0705 -6.45372 -0.527251 -10.9346 5.21136 10.2279 -2.37919 9
7.53047 -2.58666 -0.578897 4.15723 -7.84257 -0.959476 -7.71111 2.07174 8.87127 -2.40243 9
8.04382 0.178286 0.590886 1.20785 -11.4159 -2.19183 -12.6381 3.65919 6.90001 -3.80422 9
5.73796 0.256899 2.28812 0.265929 -8.61604 6.7189 -9.73876 0.794259 6.87365 -3.4943 9
9.61202 2.42517 -1.94444 6.23968 -10.4811 4.88875 -9.90098 1.6932 9.39262 -4.69154 9
5.09179 1.41362 2.97258 4.47674 -5.69608 -0.141163 -5.17241 5.43635 2.24257 -3.34694 9
3.91826 2.39556 -7.65139 -9.39281 2.4515 9.65609 3.53475 -3.08003 0.337294 -9.36008 10
4.78668 4.39473 -10.0513 -8.79872 3.96351 8.58351 5.43136 -1.57013 -1.11986 -6.20469 10
3.63649 5.22846 -7.07626 -9.92376 1.81072 2.17968 5.4392 -4.69628 2.95289 -3.27594 10
5.44885 6.44042 -7.06293 -8.17437 7.20946 9.20702 6.57337 -3.20724 -1.4458 0.668963 10
6.09746 2.77874 -5.53629 -10.7539 0.882789 3.96875 7.65279 -3.26699 4.38037 -2.43035 10
5.72411 3.59712 -6.39874 -6.90088 1.73788 4.5119 3.1749 -2.22817 1.34126 -3.4591 10
7.13236 5.33941 -7.81804 -5.05973 2.49363 8.46101 3.36298 -3.47389 -3.6942 -6.93754 10
4.19235 4.48942 -3.90305 -9.96623 5.2505 5.09075 5.61417 -3.70861 2.38558 -3.2016 10
4.18851 1.29715 -6.22988 -8.98716 0.0345624 4.44635 6.45233 -5.16224 0.0248229 -1.83794 10
5.61938 3.77286 -5.44055 -11.1608 1.07923 8.45824 7.39767 -6.23559 -0.49802 -7.17912 10
3.73762 3.49692 -6.63361 -10.7932 0.428132 6.3969 4.38682 -4.49445 5.61278 -8.46676 10
3.78328 5.18848 -6.93659 -8.09853 5.46796 7.59954 3.078 -5.1462 0.770202 -2.65853 10
1.11007 5.67313 -7.29556 -8.33239 1.90188 7.83674 7.8687 -3.49015 5.04699 -8.18346 10
4.68199 3.46735 -9.62413 -6.29348 4.97436 7.2683 7.79905 -2.63815 5.95845 -2.66577 10
3.8916 7.67993 -6.44184 -11.2778 2.54601 8.829 4.01857 -4.81445 1.72903 -2.98615 10
3.4373 3.91616 -6.91662 -5.95315 3.1867 6.65236 2.98117 -4.31186 0.521617 -4.90016 10
5.89124 3.19852 -6.83789 -7.36392 3.29813 6.14493 3.0917 -2.5254 -0.627028 -9.43227 10
2.89666 4.70784 -6.86791 -11.4394 5.60478 8.81085 2.80753 -5.15969 -1.87569 -6.17838 10
3.88347 5.56708 -6.70114 -10.5342 5.4876 2.49161 7.45042 -6.15813 -0.928372 -1.29926 10
4.69905 1.37255 -8.58269 -8.94962 -0.0378649 6.95141 3.26926 -0.736356 3.68867 -8.2872 10
3.39281 5.64262 -6.96895 -9.41589 4.29214 8.2115 2.57767 -4.60897 5.06272 -10.8616 10
2.04593 3.9636 -6.87532 -14.1606 0.0491115 12.2918 6.85261 0.204088 1.67397 -8.44073 10
4.51492 3.34364 -5.22089 -11.6527 4.5206 9.96395 1.83231 -1.3662 1.81285 -5.30859 10
4.47659 5.27016 -6.83441 -10.5059 -0.323276 8.03534 3.91341 -5.21631 0.207822 -3.8974 10
2.24559 5.77524 -8.80096 -9.45283 1.21226 8.91978 5.12407 -4.73017 4.18772 -6.11653 10
5.61346 3.7197 -6.39158 -13.4584 1.92949 8.32573 4.24014 -6.29805 -3.93396 -4.93972 10
1.39877 5.0062 -7.42776 -12.8036 3.84598 9.91991 3.61906 -6.62881 -1.86866 -6.18862 10
5.1477 1.33396 -7.40058 -6.35186 2.79341 6.73777 2.92346 -2.95969 -0.745653 -3.87454 10
5.33824 3.64585 -6.74246 -10.3241 0.35968 5.63316 6.53315 -4.0207 4.41632 -2.02646 10
1.38201 3.0024 -6.37906 -13.2693 -0.350359 7.79369 5.09685 -4.16543 2.56414 -4.481 10
4.9384 2.08657 -8.94782 -9.04518 3.126 9.21656 4.1963 -1.93688 0.791773 -3.48426 10
3.00828 4.82522 -8.22364 -10.8189 4.12169 7.10017 4.13948 -4.13243 3.41393 -5.66342 10
6.27676 5.50892 -10.2152 -8.59275 0.778693 8.83365 6.18183 -6.55039 -5.55293 -4.33972 10
4.81519 4.33835 -6.062 -12.5999 2.45735 5.00504 4.17624 -1.73641 3.1214 -8.77287 10
5.12345 2.86251 -6.15643 -9.57588 3.15832 8.54482 6.90869 -4.2004 -3.82109 -5.91272 10
4.73108 5.00014 -6.99982 -9.21687 1.49511 8.21778 1.59143 -5.98806 0.0563918 -4.72156 10
4.79959 6.91292 -6.11321 -6.04897 3.10096 4.89309 5.07744 -4.77465 -0.431519 0.364947 10
5.23752 4.81551 -7.59568 -7.42978 3.49146 5.72297 4.5353 -2.96891 3.96674 -1.73975 10
3.42747 3.14015 -7.2959 -12.02 5.50596 7.93624 7.45006 -5.7632 2.61212 -6.32428 10
3.49967 5.90804 -6.23522 -8.91533 3.12288 7.15326 3.62833 -4.65605 3.48916 -3.16842 10
5.21202 3.52141 -6.87229 -10.5538 4.05244 4.64905 6.43555 -3.93134 -0.601349 -6.90032 10
4.11603 1.96552 -8.01938 -12.178 0.831062 5.54159 4.13698 -6.86898 -0.0747967 -5.54497 10
3.15836 4.47004 -5.35433 -13.2226 4.06862 8.27256 5.44189 -3.59733 -0.0831478 -6.53923 10
5.08133 5.67162 -6.48891 -13.1494 1.3692 10.4011 5.22098 -4.61107 -2.38896 -7.08753 10
3.08988 4.28327 -7.79825 -8.77826 3.32163 5.1598 3.02499 -2.55715 1.05792 -8.05941 10
3.79921 6.5556 -6.30909 -8.37477 -0.0847793 2.89648 2.30741 -4.81459 4.01408 -8.24188 10
3.92458 5.10181 -9.61596 -9.22436 4.04678 9.93667 5.24046 -1.81342 -3.92908 -4.16223 10
3.81899 7.6174 -6.37848 -7.85911 3.98296 8.22037 6.87259 -3.52999 1.5622 -2.7208 10
5.64903 2.33671 -5.57339 -10.866 4.91215 7.77752 5.2977 -4.15026 -2.47518 -6.98062 10
0.159681 6.31947 -6.68064 -7.83184 1.78179 9.36194 5.41574 -2.41602 -1.36313 -6.97806 10
1.96709 2.78041 -5.49155 -10.0412 6.64478 7.84828 3.82648 -5.0676 -1.72099 -5.34455 10
5.47543 2.21853 -7.91428 -6.47955 7.25908 5.76561 4.98749 -3.7373 -2.09371 -6.85574 10
4.5136 2.64196 -6.14569 -9.80884 2.92416 7.33767 3.51003 -4.76573 -1.01678 -7.38676 10
4.7191 1.43947 -9.83082 -11.8312 2.91748 8.28617 6.41696 -4.25647 1.47971 -4.94498 10
4.97147 4.78786 -9.5805 -8.81234 -1.50288 8.52467 4.85412 -2.89275 2.28819 -5.78097 10
4.68039 3.5975 -7.24467 -9.94774 4.01195 3.62206 5.4705 -4.16949 1.79064 -5.65466 10
3.47565 -0.276152 -7.46773 -13.7373 5.59451 7.61125 3.85597 -4.63344 1.49855 -7.81773 10
3.02827 4.05713 -8.35967 -12.5509 1.1046 4.75967 5.13718 -7.63593 1.63639 -6.47522 10
4.6741 3.06722 -5.82255 -7.12335 3.07173 8.00402 6.78087 -4.60975 0.596048 -3.78783 10
2.67419 4.58908 -8.0196 -6.12252 4.78674 5.36727 4.19996 -5.17169 -0.188284 -6.15287 10
1.86285 6.16506 -3.13142 -10.9995 2.80887 6.42014 6.68704 -4.88306 0.708535 -2.14112 10
3.74423 1.82927 -6.25425 -6.97832 5.55617 7.69979 5.9149 -1.13482 -0.0213208 -4.13627 10
2.20659 7.20805 -6.88622 -12.9259 6.45424 5.98066 5.32547 -3.28489 3.64969 -3.4148 10
4.63916 2.42558 -7.76091 -7.56329 0.179393 11.6971 4.99729 -1.50247 -1.22041 -5.92214 10
3.47376 5.02566 -5.99669 -10.0701 3.39794 9.16059 6.74539 -2.67116 -0.0898163 -4.98885 10
7.39304 4.15059 -6.73591 -6.05263 4.9583 7.89907 4.90744 -1.17758 -2.48315 -6.09289 10
1.8935 5.7952 -3.9741 -9.21709 6.02094 7.8738 4.37989 -7.15299 -0.709466 -8.68186 10
2.19872 4.42904 -7.62182 -12.6109 2.30334 8.29391 5.2644 -5.87301 1.84317 -6.06859 10
2.69718 6.37038 -5.44628 -10.9266 1.1824 5.09306 3.64657 -7.11606 7.54249 -6.85618 10
6.5584 4.36159 -5.37568 -11.9373 3.80518 3.27031 0.793909 -1.96019 -1.28436 -5.22322 10
4.35597 4.27206 -5.49824 -12.1014 0.0760321 6.95262 2.54335 -5.07644 5.99383 -4.83604 10
4.10593 6.45402 -8.59777 -7.35136 2.99073 8.85146 3.63908 -6.56515 -1.96094 -5.52839 10
1.43708 6.89507 -6.38949 -11.1067 7.05994 8.44666 3.64375 -5.24693 1.80237 -4.8942 10
3.61605 6.01907 -3.54678 -13.7224 1.74651 6.4949 1.14595 -4.86442 2.69622 -8.85826 10
5.41965 5.6406 -7.04572 -8.35153 5.79934 6.07925 1.98807 -4.65665 4.97831 -5.43108 10
3.88624 4.06151 -5.57371 -6.4801 5.1122 10.389 3.90503 -1.05036 -0.0241615 -4.3148 10
0.853431 -1.20355 -5.27953 -7.66644 4.99633 9.21984 3.15449 -0.223852 -1.65708 -5.83342 10
3.95461 2.93419 -7.28934 -9.1358 1.98252 7.91294 1.05637 -6.29926 1.46626 -5.11276 10
3.42329 5.37758 -3.97708 -7.70974 2.24952 4.47202 4.05134 -1.48571 -1.75863 -6.47291 10
2.73063 3.20413 -5.48384 -8.71797 6.1066 5.36906 1.67787 -3.0647 2.32843 -6.64706 10
4.38487 -3.47696 4.10355 1.81778 1.64791 -5.8791 2.63499 0.947995 -7.10265 8.29519 11
1.11905 -0.319515 7.15351 4.42489 -2.17734 -5.04564 1.53919 -1.47163 -1.92641 7.50348 11
-1.17697 -0.443232 6.64356 2.64954 4.43276 -2.49239 0.338113 -2.0216 -4.23392 9.85211 11
2.18598 -0.162632 6.38 2.43299 3.34202 0.253042 0.640448 3.14102 -4.6464 2.6778 11
1.61677 -0.958882 3.75045 2.22645 1.31886 0.131939 -2.83883 -0.46735 -2.48444 6.54722 11
0.0626289 -2.99838 5.7333 6.34253 -5.24721 -3.10819 -0.288525 -1.56906 -7.53778 8.64255 11
-0.75292 -1.91085 5.72094 5.24926 1.05192 -1.12417 -0.445332 -3.42324 -6.10972 7.2799 11
1.28775 -3.51762 4.16906 1.47954 7.60194 -2.89346 1.27742 -1.67784 -3.12011 8.6251 11
1.98869 0.587026 6.59529 2.33971 -2.18801 -2.63597 0.730733 -1.75639 -4.38885 7.5424 11
1.45225 -5.36345 8.11225 1.18622 3.07758 0.397264 2.23312 -2.79984 -2.10224 9.13014 11
5.98829 -0.422529 7.96623 2.54653 2.58738 -2.21006 3.80312 0.477373 -4.42385 7.67393 11
5.56483 4.69973 4.57314 1.28352 4.96407 -3.80759 -3.12219 -1.61912 -1.41513 7.02014 11
2.7517 -0.417855 5.84669 6.43154 3.12272 -3.52096 -0.0340617 -2.75149 -7.61145 7.19875 11
3.08719 0.00190207 8.81409 1.6607 0.26932 -0.720559 -0.191991 -0.742379 -5.99412 7.02119 11
0.356518 -1.85535 5.54623 3.96313 -2.45176 -4.10097 -0.145854 -1.96187 -3.79602 6.00522 11
2.40353 -0.68082 4.61949 2.50908 -0.0461619 -0.636512 3.50978 -3.5515 -6.57103 10.7621 11
2.71887 0.647553 7.44292 5.76448 -1.20529 -1.0629 3.42612 0.430173 -3.47349 8.15614 11
2.39684 1.5979 8.06111 3.55071 -0.0491879 -5.33012 1.79625 0.58533 -4.47165 7.31825 11
2.03556 -0.00662796 10.0764 3.12209 7.0515 0.684634 1.43297 -3.22599 -5.21303 5.84423 11
1.06392 -0.230029 7.18815 1.53014 1.53802 -4.57895 -0.732108 1.61591 -4.03031 11.3433 11
4.27411 -3.33288 8.29485 6.64922 2.15386 -3.2523 2.16928 -4.23884 -5.13995 9.78983 11
-9.54793 -9.03038 12.7966 -4.71252 -2.99744 10.3437 -2.29555 4.02569 3.52978 -6.82796 12
-8.15188 -7.80584 8.28783 -5.623 -1.11761 7.56381 -3.19914 3.19836 5.49965 -9.66506 12
-7.51157 -6.84798 8.89675 -4.55512 -0.888693 10.1467 -1.52144 0.510313 5.07769 -9.98677 12
-8.22448 -9.21789 9.9186 -5.6099 -2.92274 7.04484 -5.9987 -0.00694325 4.31118 -10.2226 12
-8.41964 -6.87261 9.87628 -5.52564 -3.42801 8.58672 -6.08513 2.74158 4.18504 -9.56168 12
-5.40155 -9.25736 9.40023 -8.0017 -2.94727 8.21313 -7.38789 1.82332 5.98826 -9.94135 12
-6.85713 -7.87127 6.97872 -3.37291 -1.16081 6.70354 -6.0214 5.69117 2.99448 -13.0793 12
-9.21036 -5.73097 9.85593 -9.69562 1.32036 9.1491 -1.98235 4.44535 4.83101 -3.85146 12
-7.76158 -9.40449 9.61585 -7.83283 -2.89363 9.2829 -3.86874 2.80101 5.59685 -4.99446 12
-4.4308 -7.59164 7.80063 -2.85977 -0.371452 9.52117 -3.30685 0.456067 7.95635 -8.46437 12
-9.23786 -2.55113 9.36011 -4.44351 -1.12454 6.70823 -4.06501 3.97631 3.67903 -8.30305 12
-7.05258 -5.74531 10.7654 -9.34458 -2.11174 8.00774 -9.29836 3.20328 5.76089 -7.27584 12
-7.22473 -9.10172 11.2325 -5.81787 -3.72432 6.83798 -5.16573 3.03308 6.98358 -8.41771 12
-7.88632 -9.44845 10.385 -9.32311 -2.84092 9.41292 -7.02464 1.87044 3.88273 -9.09994 12
-8.29051 -9.78253 7.42625 -6.27962 -3.4809 7.20854 -3.39237 1.68252 3.51875 -4.97761 12
-5.80264 -3.96245 10.3087 -5.88589 -3.20203 8.65228 -2.90286 1.76877 4.07587 -8.32977 12
-9.19427 -6.44352 10.0403 -6.7659 -2.42271 7.27838 -6.56588 0.864638 5.58472 -8.93943 12
-5.30764 -7.02895 9.81979 -4.74114 -3.94437 6.18945 -4.38662 2.18774 8.74926 -9.858 12
-7.17271 -9.24864 9.27521 -5.76368 -3.28267 10.3473 -7.24337 1.45907 5.56736 -12.2323 12
-8.42723 -7.77441 10.3255 -4.9713 -0.283208 7.57799 -3.99923 0.334447 4.17389 -11.6801 12
-8.09207 -7.13858 12.139 -4.89916 -1.58671 6.49503 -6.11447 -0.786549 10.1458 -5.66596 12
-6.46038 -9.61685 8.0306 -5.26395 -0.94687 7.06316 -3.08522 2.12713 7.53529 -6.88289 12
-8.29037 -9.69701 12.853 -5.41926 -4.39703 9.08408 -6.28027 2.36028 6.35904 -5.45284 12
-7.26843 -13.8663 9.69736 -2.43895 -1.07909 8.06114 -4.73313 -1.61525 6.83402 -10.7036 12
-7.51979 -9.09705 14.7654 -8.80596 -3.29889 9.181 -4.56533 1.21695 8.00832 -6.19488 12
-7.30309 -8.89851 9.52651 -4.66649 -4.28552 7.27012 -2.45025 0.746703 7.00818 -11.8568 12
-7.30454 -8.70452 8.92011 -7.43698 -2.07101 6.94766 -3.51863 3.19351 6.30779 -7.98478 12
-8.43071 -7.58724 9.41454 -0.259237 -1.35681 6.37539 -3.41949 -0.618171 9.3232 -6.97721 12
-6.03503 -5.73403 8.33785 -6.42282 -1.6428 8.17781 -8.31361 2.65996 2.18835 -7.9048 12
-6.97029 -7.47869 8.21108 -5.20331 -3.75318 6.48276 -5.81832 3.67959 4.3688 -8.26762 12
-7.49371 -7.80297 9.04588 -5.33669 -5.4054 8.36572 -7.50445 3.68003 -0.240949 -10.2746 12
-8.71747 -5.54031 8.76777 -5.16288 -3.68631 7.62351 -2.12241 0.908505 8.49192 -9.51202 12
-5.37804 4.26825 -0.117324 5.16402 1.14114 -1.22407 -4.10656 8.83701 6.39539 1.67277 13
-7.37522 8.03889 -1.7432 0.54878 3.78427 -0.649393 -7.7963 2.02784 5.58109 3.66846 13
-5.28838 3.29755 -2.19439 1.94345 1.28987 -0.901598 -5.09453 2.38813 3.05391 3.53859 13
-10.3695 8.58185 -1.47145 1.30213 3.66729 -0.665515 -3.84718 2.94056 7.9557 3.48029 13
-7.51404 8.71697 -2.44385 1.60696 1.40241 -0.14346 -0.0774509 3.69865 2.89042 3.39736 13
-4.52697 7.05632 -4.32513 4.36162 3.3715 -2.21489 -3.25441 7.13383 4.46866 1.01351 13
-10.7436 8.2631 -5.52453 4.33737 1.88159 1.26768 -3.50256 1.2504 3.20307 3.84145 13
-7.28451 8.18964 -2.3208 3.98221 3.0399 1.0014 -6.2729 1.62954 6.20602 1.14685 13
-4.16527 4.13281 -8.36417 3.36074 1.12056 1.05218 -6.13405 7.99834 4.74901 4.69346 13
-6.49474 8.55636 -4.72206 0.411276 0.135203 0.318868 -5.2385 1.19279 2.85311 2.30229 13
-8.85777 10.3456 -6.75065 4.72961 4.93515 0.846492 -3.31122 5.04536 4.08194 -0.0222675 13
-7.04553 8.8748 -1.43233 1.54031 2.05344 -0.733988 -5.25809 4.83427 7.59809 6.0865 13
-7.8084 8.44792 -5.56781 0.733768 -0.0095831 0.412789 -5.18051 2.08885 4.15614 4.84975 13
-5.34152 7.06496 -4.84141 4.86141 2.18821 0.850397 -5.55703 5.91526 5.37052 4.03863 13
-6.97256 6.54101 -1.37402 -0.835904 4.47942 0.918662 -0.444764 3.57817 3.26772 4.66451 13
-2.56037 8.19665 -4.69612 0.468173 2.53756 -2.75477 -4.62616 3.93164 4.51912 4.38274 13
-4.80961 7.1034 -6.37072 5.37222 2.05168 0.8994 -1.82241 3.916 3.21262 4.17919 13
-4.67108 7.40373 -5.38091 0.1343 -1.07779 -0.990066 -4.60967 5.94205 1.23039 3.96723 13
-10.197 9.08181 -4.16248 4.26776 0.587481 2.77281 -5.28815 6.05462 5.41599 3.92114 13
-5.50278 7.08015 -0.587043 -0.391642 1.62944 0.0730839 0.395721 2.58086 5.80461 4.22174 13
-7.35314 9.68492 -6.86989 3.2448 0.401378 1.05403 -6.81371 2.0761 2.49931 3.63597 13
-8.16945 9.32823 -5.36968 3.11183 1.1417 -1.25997 -4.28913 3.05813 6.66076 3.87289 13
-10.303 9.48166 1.15626 2.88051 4.75332 0.856962 -2.82359 5.24062 3.61223 4.11274 13
-7.32831 9.60869 0.886027 1.61468 3.56818 2.58104 -0.604376 4.01386 5.07565 1.81635 13
-9.65281 7.26915 -4.50124 3.67924 -0.89725 0.886498 -0.212101 2.28102 3.81854 3.72013 13
-6.76043 5.23488 -3.28528 2.34004 1.52653 1.48566 -2.73309 0.190338 2.5424 3.11248 13
-8.95322 7.11819 -3.32101 1.19356 4.07257 -0.144713 -1.44857 2.32594 -0.0360721 3.74233 13
-7.97622 7.22785 -1.52507 2.96801 4.90402 -1.88278 -4.73968 4.56291 6.79438 -0.486263 13
-5.26008 7.73349 -4.07144 5.47192 4.727 -2.28085 -5.73597 3.53078 4.85284 -0.688913 13
-4.07374 7.64061 -3.98605 -1.4785 2.30889 1.5991 -1.39848 2.85811 7.2157 3.04226 13
-9.56583 8.43853 -2.41095 -1.6711 0.504048 -0.846951 -3.02433 0.910969 1.66762 5.96965 13
-3.03818 6.48574 -3.6704 2.32657 2.5787 -1.00917 -3.2766 5.73517 5.28192 0.253779 13
-6.44164 9.25973 0.24258 5.07708 4.01844 1.29262 -6.19025 3.44135 7.00896 2.13253 13
-4.03153 10.6317 -0.598091 2.26575 0.519967 2.6393 -1.67946 4.27022 4.07904 1.80331 13
-5.60917 11.2687 1.80079 2.28331 -2.04859 -0.56457 -6.12663 1.53062 5.1888 5.35925 13
-5.64463 4.86296 -3.38912 1.2795 1.91899 -1.67564 -3.10243 1.77433 7.02611 4.19793 13
-7.35478 8.43338 -1.86608 1.36152 -0.25451 -0.825939 -2.54141 5.08301 5.46966 2.04789 13
-7.89432 8.12222 -6.09101 1.96319 4.52018 2.66646 -4.85393 3.08297 4.97234 2.10019 13
-3.42273 5.57286 -1.35987 4.06154 1.53957 -3.00651 -1.90632 4.1975 4.24466 0.731913 13
-6.84944 9.48365 -3.78556 1.10129 0.151641 -1.26962 -2.01702 3.21878 8.11449 4.61602 13
-7.70792 6.32455 -9.76065 1.08759 1.28366 -0.0148309 -2.3623 -0.510819 2.43011 2.81425 13
-5.49778 7.05704 -1.97473 1.82792 5.23692 -0.500945 -5.18956 5.04287 4.63865 3.79433 13
-7.54012 7.70807 -2.08437 2.03873 4.1608 -0.462094 -6.60962 1.3347 7.14169 2.29361 13
-10.199 9.59794 -5.57473 -0.00586951 2.22043 -0.446974 -1.58827 -0.936861 4.62149 4.44637 13
-6.42673 5.22879 -3.1891 1.51782 1.91921 -0.17234 -6.45388 3.65252 6.04389 3.11794 13
-8.75828 7.48099 -4.86016 5.62177 0.807223 0.678551 -6.93695 1.79856 5.25455 5.41179 13
-8.56974 5.45239 -3.891 1.96405 2.08428 0.782864 -7.98503 5.82717 4.64246 4.15186 13
-8.75817 7.7758 -2.65316 1.40492 2.96072 0.620808 -1.98331 5.04453 3.42489 2.70768 13
-8.49805 8.98834 -1.29625 0.0715269 4.30196 1.0898 -3.19452 1.14497 3.46104 4.10333 13
-6.99771 9.92284 -0.685686 -0.527756 3.32607 -1.48267 -3.21302 5.20029 7.09622 4.29105 13
-7.39731 6.77936 -6.33857 1.80295 2.81455 1.92068 -3.62831 -0.204242 3.85782 4.64356 13
-6.12103 5.8431 0.0243997 0.596777 2.72906 -0.512032 -5.70463 1.05622 6.41022 4.87353 13
-4.95611 8.81665 -3.26285 0.180449 2.53635 0.656008 -3.85694 2.08227 3.9265 3.43653 13
-6.9238 7.8203 -4.17695 4.07717 4.70508 -1.92644 -7.30026 5.57948 6.61715 -1.09375 13
-7.48477 8.56584 -2.38122 1.61531 2.85651 -0.785482 -3.26268 2.1056 3.76143 6.18407 13
-5.00162 7.52579 0.674167 -0.627818 1.65192 -1.92314 -6.36146 4.47735 5.21128 3.55746 13
-9.51472 6.89428 -4.68536 1.30151 2.90884 -0.124489 -6.48776 5.87724 3.51304 2.10286 13
-6.88647 7.83674 -4.35226 3.67279 2.8198 -2.14317 -4.96244 4.91523 7.56504 -1.92999 13
-6.12559 5.53363 -1.3096 2.04506 1.79995 -0.148265 -6.99214 2.89961 2.98377 3.49535 13
-1.86189 2.31992 -3.91462 3.16734 1.35687 -0.188213 -3.7166 4.09735 5.56818 3.40235 13
-4.53531 7.37474 -3.75114 0.922753 1.3963 -0.709331 -2.51951 3.67123 6.48049 0.950506 13
-7.6985 5.64634 -3.51154 -1.81644 2.99493 0.493002 -2.89084 1.68521 3.42672 4.33395 13
-3.16747 6.82581 -5.12695 3.69519 1.35145 0.612726 -6.98936 4.79152 6.48672 2.36448 13
-8.88432 7.33894 -5.79759 0.0385158 1.42983 -0.349809 -2.16181 1.27554 5.64142 4.4857 13
-7.06011 7.36457 -5.48014 1.71439 2.13709 -0.123756 -5.45919 4.61443 5.78885 1.62431 13
-8.84826 10.231 -0.978204 1.08433 3.86546 2.63111 -0.550281 5.98457 4.29667 4.53792 13
-7.07752 7.18986 -7.23263 -0.174738 -1.44765 0.593866 -2.75111 -2.49647 1.98887 5.26764 13
-1.57685 -9.38285 11.8304 5.2753 8.90099 5.86109 -8.52985 -8.60118 -3.38871 -4.34958 14
0.991169 -7.52487 7.10947 4.06841 10.82 9.75476 -8.195 -9.15801 -4.27041 -0.109154 14
-3.7452 0.428211 9.27135 5.36176 10.0888 8.25225 -10.2315 -9.83352 -5.65435 0.700455 14
3.16677 -8.0687 9.22392 3.33045 8.27557 7.76152 -11.2024 -8.60051 -2.02169 -0.408923 14
3.15614 -5.34573 9.49331 0.898615 12.2323 9.65496 -9.17873 -6.57319 -3.90106 2.70278 14
0.656709 -8.41317 9.41914 4.42211 10.2129 5.67748 -9.15653 -6.20946 -1.77956 -0.186937 14
0.556958 -5.49497 12.6307 3.13048 7.45341 7.71983 -11.8247 -5.6461 -2.88549 -5.40735 14
2.66729 -6.57506 10.9378 3.84537 10.601 9.47607 -5.65898 -8.75165 -4.26813 -0.602796 14
2.7352 -6.82414 8.63667 7.51312 6.10525 9.41065 -10.5803 -8.09829 -3.33474 1.36742 14
1.20774 -6.46667 9.3921 4.81717 9.1873 9.01096 -6.82605 -11.3274 -3.77322 -1.48827 14
0.308879 -9.64193 11.1944 4.48218 7.39695 8.88781 -13.9421 -9.328 -1.51154 0.562444 14
-0.964976 -5.70175 9.18901 5.73157 11.4314 7.04611 -11.7757 -7.39695 -3.66879 -1.52135 14
-1.08896 -6.83755 13.0105 4.57097 10.7938 7.73301 -8.54315 -3.8739 -4.41765 -1.11005 14
0.312215 -5.20244 9.75946 7.93485 7.90486 8.66375 -10.1674 -3.52266 -5.55654 -0.0740767 14
4.31589 -2.24281 10.1652 4.06199 8.72503 8.96058 -11.4119 -9.32217 -5.51442 -0.289537 14
4.66239 -3.87768 9.25067 7.87527 3.36564 6.26635 -13.6952 -6.87194 -8.31404 -3.81784 14
-0.0378049 -4.89811 10.5313 7.90419 8.62511 8.12642 -10.0257 -7.97291 -2.85182 1.29082 14
3.37924 -5.81063 5.14683 6.84559 7.37453 7.09304 -10.5923 -8.2002 -2.23968 -0.472057 14
2.67932 -4.43705 9.68692 2.50018 7.70017 9.31008 -9.47954 -9.62532 -2.02738 -2.55972 14
2.57462 -7.71056 9.23813 0.98562 10.0285 7.75489 -9.33382 -8.16033 -7.04374 -2.7424 14
-3.31491 -5.23581 8.90897 4.41814 9.10095 7.33345 -12.82 -3.62284 -4.01126 -2.86594 14
1.93319 -4.17577 10.4353 7.06731 5.26789 7.00185 -8.50478 -8.71521 -3.09637 -2.15427 14
-0.235435 -8.55426 7.89343 5.987 4.47864 6.36648 -9.85502 -11.4697 -4.15099 -1.12944 14
1.22759 8.65894 8.45637 -12.8723 2.6299 -1.73959 -7.56487 -5.1387 -2.83644 8.43444 15
4.51288 7.4474 4.44791 -8.44442 2.4123 -2.41053 -9.85116 -3.2339 -5.81166 5.6861 15
0.941711 9.33158 8.64039 -14.3378 3.56791 0.0654309 -9.70648 -1.7351 -4.48361 6.06695 15
1.42889 9.46769 4.72838 -9.99378 1.46166 2.8131 -7.91083 1.7606 0.278284 6.75268 15
1.57741 5.79317 6.97457 -9.92142 0.290342 0.697928 -11.8647 2.6797 -2.60512 4.95519 15
4.80993 6.08654 8.72022 -7.96528 2.49393 -1.93057 -5.61145 -3.89602 -4.09221 4.86693 15
3.24901 10.603 11.5536 -14.5612 1.00406 -2.79459 -7.96513 1.34327 -4.66284 5.72536 15
2.95608 8.55504 15.3296 -11.094 2.47132 -0.575242 -3.17499 1.63591 -5.51687 5.36733 15
3.95915 8.21474 9.23428 -9.91312 2.76899 -0.307746 -12.1271 1.15153 -3.07146 5.68441 15
2.45862 10.4267 7.39944 -6.96272 0.767497 -2.35331 -5.66585 -1.72283 -3.40318 7.46212 15
2.38318 6.96252 9.2999 -10.1724 4.29084 -0.0476366 -8.72897 -4.72687 -4.26971 9.56431 15
4.2912 6.22216 6.79502 -10.8442 2.51552 1.23781 -8.15118 1.52032 -5.202 8.37932 15
-0.293489 9.04009 7.0894 -6.46108 4.26194 0.152962 -7.62109 -2.59952 -4.71519 4.72586 15
1.70227 8.35251 6.25009 -7.10401 3.02088 0.474927 -5.25574 0.754423 -0.792657 7.37217 15
5.80069 7.20659 8.67046 -11.3804 2.64574 -0.954677 -8.21227 0.371012 -4.19452 10.2606 15
3.06465 10.6665 10.5784 -9.47706 5.29156 -0.233824 -6.87082 -0.883921 -2.23223 9.654 15
2.91511 7.96932 5.07009 -3.59184 0.381305 -0.285004 -7.70528 -0.499896 -1.28475 10.2043 15
5.37826 8.26419 5.47282 -6.07273 1.54906 -2.42439 -4.41231 -5.76771 -5.79438 6.43306 15
6.16093 7.97148 9.69395 -11.2029 4.95197 0.508042 -4.50603 2.20623 -4.7888 7.48357 15
1.21297 6.91183 9.05785 -11.5127 0.0325621 -1.43765 -8.59527 -3.23644 -4.90377 6.90364 15
4.44314 7.83308 8.84729 -14.958 3.2719 -1.29527 -10.2881 -6.60124 -3.14949 5.35848 15
-1.36323 6.99514 11.6732 -8.86548 1.46988 -0.0655727 -2.71356 -2.06434 2.89721 4.49253 15
0.71374 8.12732 2.16661 -9.85136 -1.7135 0.61386 -9.94481 1.13031 -2.07475 6.23621 15
3.39223 8.22433 12.8627 -15.1472 4.89112 -2.98263 -8.94474 -0.989105 -2.34514 7.74484 15
0.702256 7.91735 13.122 -9.46421 2.15694 -2.15975 -6.78121 1.15302 -2.28963 9.05794 15
1.46491 9.77884 8.07818 -9.26973 0.633097 1.77412 -10.1093 -0.412321 -0.865997 6.2887 15
3.83645 8.49452 11.551 -13.1065 4.31147 -1.44479 -11.3216 0.45462 -2.10044 5.54768 15
4.46838 7.50345 11.8377 -13.0875 1.48486 0.551148 -6.60027 -1.57433 -3.54772 1.98115 15
-1.66815 8.12855 4.73869 -14.4925 0.0963763 0.847349 -6.54193 -1.17794 -3.80996 8.72975 15
0.527402 10.4703 8.11676 -11.1206 3.89788 0.574835 -7.15732 -0.360959 -2.26017 6.71039 15
2.99586 7.41121 11.1004 -7.68926 4.00408 0.647515 -5.94563 -0.210343 -7.34413 9.91695 15
5.87 9.09593 6.70598 -12.2029 1.01915 0.752892 -7.0882 -3.29636 -3.58017 9.78485 15
2.73406 10.0655 7.87012 -13.196 7.13746 -4.6662 -11.9273 -3.22401 -4.99135 7.469 15
2.28431 8.26296 7.63628 -11.0556 5.17337 0.4584 -4.2876 -3.89851 -2.75393 7.21297 15
2.71047 9.18018 5.16637 -13.3185 5.68192 -0.79303 -11.0957 -2.23553 -1.51016 3.63019 15
4.22189 8.09844 6.06252 -6.4604 1.91505 -0.246544 -5.16177 -6.70532 -4.43776 10.6291 15
4.76225 7.53992 9.55469 -9.80167 5.15399 -0.0627491 -9.77619 -1.69351 -3.59823 7.54387 15
4.87371 8.14301 8.12877 -10.4974 2.45353 -0.418398 -5.96903 1.56638 -3.38395 8.35236 15
4.07411 11.604 6.60641 -10.7019 2.48217 -3.28635 -10.5089 -3.84097 -2.99499 6.74396 15
0.015474 7.77452 7.58398 -11.8755 5.77957 0.0114953 -7.97873 -3.64869 0.548063 9.92644 15
-0.185504 8.1243 10.0116 -13.4977 1.05989 -1.45724 -5.52098 -3.75632 1.02427 11.479 15
4.24555 7.88587 5.63186 -6.94321 3.21002 -3.62406 -11.6296 -3.71043 -3.37659 4.62129 15
1.03676 9.76254 14.5996 -10.4403 3.23079 -1.5077 -7.74794 -2.30881 -1.86352 5.06021 15
2.09211 7.34381 6.94183 -9.26995 6.28099 0.90705 -6.01806 0.113619 -5.24307 7.95595 15
5.44569 9.5404 8.03208 -12.4005 5.26193 0.255092 -8.75154 0.193593 -5.72926 8.41528 15
3.25217 9.62694 9.61069 -8.79119 2.51298 0.957406 -5.91012 -3.49649 -5.95709 10.0799 15
2.3653 5.70423 6.94952 -10.6122 2.74676 -1.69465 -4.73181 5.68472 -2.45469 8.55158 15
3.84544 10.7017 12.1787 -9.77968 1.65387 0.670599 -9.25641 -2.60425 -4.02004 4.75822 15
5.10676 9.11464 6.4296 -9.6978 4.24921 0.635971 -8.3985 -2.26318 -3.23978 7.44253 15
1.06998 8.81547 7.39423 -10.9158 1.21531 -1.02166 -8.58544 3.40339 -1.03904 0.832667 15
3.08948 3.11515 7.92387 -9.48073 2.24811 -2.57206 -7.47442 0.482129 -5.84657 8.75109 15
4.09733 7.91164 6.87702 -11.4665 2.70551 -0.733228 -10.1932 -0.15029 -5.20617 4.92308 15
2.47844 10.4385 8.55002 -10.4304 1.32477 1.45796 -6.58271 -2.87336 -6.55157 10.0175 15
0.154837 8.80965 1.92591 -7.19123 -1.22683 -1.66061 -6.71427 -3.54032 -2.91355 10.2147 15
2.54941 10.7707 9.23004 -12.0114 4.30854 -0.377158 -11.5883 -2.60608 -4.6181 2.94152 15
7.0319 8.68957 5.02748 -10.4085 -1.2596 2.38892 -7.10316 0.489242 -7.29482 5.43879 15
3.26438 7.44834 5.20649 -9.52758 4.46368 -2.42603 -10.2297 -2.89042 -9.55648 10.4901 15
3.93759 7.91587 8.18692 -9.82413 -0.425532 1.97892 -6.66245 -2.0504 0.95636 7.75317 15
2.36895 10.6366 12.963 -11.9084 2.33262 1.86408 -7.30244 -0.247427 1.22618 7.25318 15
1.96769 9.40759 9.77235 -8.75481 0.200846 2.01632 -6.57112 -3.59969 -3.448 8.35635 15
6.21087 9.4472 2.06628 -8.31562 1.95796 -3.10171 -7.68997 -4.25103 -3.7204 9.14154 15
0.861239 10.2851 10.8112 -6.27929 0.0891283 -0.872732 -7.17051 1.94308 -0.349793 6.29913 15
4.76102 10.2508 6.07567 -10.4226 4.611 0.873074 -10.6376 -0.702196 -2.98353 8.22783 15
4.6998 9.46489 9.35813 -12.5749 4.76318 0.377522 -9.43591 -3.4168 -2.09207 6.83849 15
1.77712 7.09095 8.40899 -13.8034 3.72394 -0.545861 0.430793 -2.57454 -1.12934 11.5107 15
5.52907 9.13755 6.14466 -5.65402 1.67749 -3.07416 -9.70964 -0.824054 -2.74658 4.31485 15
1.71003 10.5625 9.11291 -9.88904 3.915 3.50583 -7.34295 -0.135313 -2.44866 6.09632 15
0.854076 7.14889 4.37919 -10.0742 1.63178 1.56542 -9.50077 -3.79344 -5.12314 11.4173 15
-1.44817 6.91878 8.98561 -12.0766 6.29975 -0.695155 -7.35373 -6.59817 -2.46075 6.22813 15
1.16706 8.87652 9.21414 -10.7563 3.4403 1.56349 -9.14685 -1.86924 -4.68296 9.13905 15
4.3633 9.41636 5.98579 -7.94388 0.882606 -0.316755 -8.52862 0.0237317 -2.32726 7.33229 15
1.13603 6.84378 9.08312 -13.0302 2.16829 -0.583667 -7.36571 0.88183 -4.34647 8.13929 15
4.21556 9.79553 6.52787 -12.1745 4.21343 -1.67717 -7.21581 0.335609 -4.05368 3.8992 15
1.63121 6.55524 9.4913 -5.87037 2.04765 1.19156 -5.96358 -1.71048 -0.496166 7.14139 15
-0.181371 8.77539 9.62595 -7.58419 0.693254 -2.21275 -6.36683 -4.78878 -1.14064 2.63139 15
0.592947 7.06656 4.36698 -11.3063 -0.363582 -0.296334 -8.84111 -1.04628 -4.23798 4.08628 15
4.98537 6.45919 3.33872 -7.99203 4.48343 -2.08931 -10.529 -0.489165 -4.01965 11.5256 15
1.84542 7.78301 1.40213 -11.8474 -1.15559 4.23386 -10.0087 -2.01814 -1.62659 8.17463 15
6.44221 11.4855 9.44532 -6.76533 2.73931 1.13542 -9.98068 0.682923 -4.79699 6.8419 15
0.371843 10.3622 7.47563 -9.21557 -0.309156 2.85574 -7.5569 -0.532303 0.743104 5.95953 15
1.47462 7.20164 9.2184 -12.9866 2.55704 0.0749805 -9.57837 -1.14625 -4.66901 6.7541 15
5.51013 11.2719 7.02316 -11.1189 1.8648 0.257904 -8.84159 -3.86089 -2.34502 4.08351 15
2.97305 10.5729 9.45289 -13.2209 0.764205 2.38885 -10.2809 -1.35635 -6.57147 7.05615 15
3.8025 9.25708 6.18059 -5.4761 -0.792863 2.0125 -11.1182 -2.70869 -1.41004 5.53667 15
3.67387 10.7427 5.26983 -10.839 1.83837 -0.648173 -5.274 -4.86113 -4.71272 12.491 15
4.20663 12.4974 6.88684 -13.0331 1.9397 -0.816395 -10.8312 -4.01989 -0.811541 5.51583 15
2.25101 10.9668 8.78344 -12.5819 1.44141 0.164161 -9.55151 1.4912 0.979966 6.69327 15
4.967 8.33709 6.42262 -8.71578 3.86813 0.267338 -8.8723 3.7023 -6.23177 8.94121 15
-2.65337 8.10678 9.96294 -8.13439 3.60843 -0.822788 -4.14743 -6.57005 2.84645 5.07604 15
3.09981 5.75718 7.39728 -11.8186 1.71561 1.04268 -10.2304 -3.56876 -1.70271 6.60455 15
7.62868 3.36883 8.99322 3.86495 -2.27569 -6.1411 -1.28661 -10.6689 -7.74163 -8.53333 16
7.42549 0.0905842 8.25343 6.99154 -1.2107 -2.81809 -0.714861 -8.85535 -5.09037 -8.11923 16
7.66264 -0.591298 6.25098 9.28274 2.02888 -7.03181 -3.61838 -6.49209 -4.87459 -12.8048 16
4.84074 2.28559 6.66562 5.849 -1.89981 -3.81349 -1.81572 -6.51441 -6.05442 -7.8859 16
7.43559 -2.01721 10.788 7.93442 -7.21964 -3.00117 0.154293 -6.50294 -5.90099 -7.31439 16
11.2234 -0.120112 6.33138 6.66942 -4.94775 -8.34372 -4.32631 -12.8531 -4.49485 -9.20336 16
7.0835 2.36391 7.18406 10.6139 0.139198 -6.79156 1.75192 -6.87573 -4.69531 -10.4466 16
8.14659 3.14887 5.22189 6.39805 -0.417791 -6.74486 -5.65563 -6.68972 -5.52874 -9.08461 16
10.2312 2.12725 9.60495 4.18536 -3.26641 -8.13869 -0.532535 -9.57688 -4.59169 -9.68403 16
8.90941 2.53968 5.16477 6.56109 3.12401 -5.6508 -5.32395 -6.43146 -6.17815 -7.94594 16
4.29805 2.30891 9.48644 6.55678 -3.77739 -6.42484 -0.696483 -8.48182 -4.08864 -11.7061 16
9.00495 0.861026 9.83118 6.47486 0.568025 -8.21091 -2.70078 -9.42124 -6.60063 -6.58046 16
5.46824 2.38107 9.4853 7.2098 -1.72448 -8.59952 -4.14034 -10.7586 -7.01602 -6.60436 16
8.51305 1.41119 8.01467 6.57336 -4.27316 -9.71575 -0.221862 -8.34226 -5.71918 -8.14179 16
6.42413 4.61605 4.75507 4.66195 3.85558 -5.76664 -1.95323 -6.6718 -5.43896 -5.87301 16
8.11649 1.12157 8.38153 6.23576 -2.80365 -4.05021 -2.11 -5.25043 -3.61692 -8.04141 16
7.23615 3.13869 5.63035 9.14849 1.09151 -7.92608 -2.87184 -7.39458 -5.61864 -7.64492 16
6.26174 4.39098 10.3094 11.3491 1.46782 -3.0139 -1.91112 -7.28922 -3.15235 -11.8574 16
3.83499 -0.426774 5.20772 9.64431 2.91439 -1.88628 -3.65824 -10.631 -7.05826 -7.71274 16
9.62797 1.13272 3.74899 4.72032 -1.43265 -6.35772 -6.42994 -6.58802 -3.02065 -6.59206 16
8.79435 0.925274 4.58706 5.82813 -0.913822 -4.70666 -2.71961 -9.52132 -4.56806 -11.1051 16
7.34425 2.69262 5.2795 6.01013 1.36244 -5.32569 -4.30826 -7.29992 -2.58005 -10.1715 16
10.2813 2.5653 7.98497 4.49379 0.178423 -6.39642 -2.48462 -10.2299 -7.38622 -7.93679 16
7.41714 2.47526 8.291 9.47876 -2.21015 -3.30971 0.860107 -5.33737 -6.12041 -5.44733 16
8.90418 2.56595 8.41556 5.59343 -3.60941 -6.77956 -0.193648 -6.24129 -3.63203 -5.99616 16
7.85408 3.04142 8.09529 6.74038 0.00780039 -9.478 -1.2495 -7.68061 -6.99584 -8.54973 16
7.73883 0.600319 6.40031 4.93081 1.14139 -2.09846 -3.36704 -9.24247 -6.6587 -4.33984 16
7.99972 0.959115 5.71074 8.83822 -1.23811 -4.88019 0.12361 -8.91557 -1.81475 -9.88084 16
4.78919 5.46453 8.30656 8.68477 -1.8821 -4.38221 -1.04477 -9.4363 -5.75502 -9.04081 16
6.36212 1.27373 9.41618 9.4842 1.36431 -4.79936 -3.9251 -7.98606 -5.31862 -7.93387 16
5.02653 3.84858 8.82982 5.63757 0.609618 -5.26046 -4.66268 -5.93538 -6.85187 -3.43119 16
7.61841 1.58585 9.08237 8.132 -1.20115 -1.41629 -0.57468 -10.6547 -4.92693 -7.0745 16
9.19732 2.34724 6.93002 8.61005 -0.158386 -7.59729 -5.14657 -8.88064 -4.93208 -5.96011 16
9.01846 1.19387 6.97904 8.8637 -0.17044 -8.96137 -1.48641 -6.54792 -5.63323 -5.73686 16
8.12737 0.914003 5.91178 7.90471 -2.70061 -9.82479 1.74231 -8.04229 -4.76343 -9.395 16
-6.18937 5.93427 6.9454 -2.19613 -3.81509 -2.68806 -2.75044 4.96116 -2.52614 -2.36943 17
-9.96273 4.95926 7.23395 0.217113 -2.86886 -5.49135 -2.35656 3.92818 -5.0252 2.7873 17
-7.91375 3.39415 9.16121 -1.3575 -3.6816 -5.51993 -4.30243 5.50109 -1.74588 -0.159704 17
-7.96184 3.28865 8.23081 -2.2895 -5.78961 -5.10721 -3.48246 3.26955 -2.95377 -2.78501 17
-9.59508 2.80308 4.87025 -3.2358 -3.84351 -4.34235 -5.35901 4.74526 -3.75968 -2.13682 17
-9.23313 5.40128 6.31265 -5.51875 -3.62931 -5.73137 -5.30376 4.39179 -0.984267 1.33221 17
-5.10041 4.19401 6.3646 -0.523104 -3.19694 -7.59617 -2.78377 5.06652 -3.83464 -1.68546 17
-8.71947 3.93189 7.94112 -2.96202 -5.79985 -5.46676 -4.26491 5.17532 -2.5647 -1.31633 17
-8.15177 3.96201 5.69208 -1.57706 -3.05066 -2.1543 -2.84532 7.97324 -2.78225 -2.51647 17
-6.47825 2.50105 10.5985 1.12266 -1.97911 -6.86064 -4.24863 6.22285 -2.30159 -0.178517 17
-6.92552 6.46299 11.6483 1.3635 -0.672097 -2.82572 -5.70051 3.35298 -1.99133 -0.105534 17
-11.1642 8.75611 10.9923 -3.3108 -3.35959 -0.823769 -4.27113 4.125 -0.008878 -1.2943 17
-5.72967 6.69155 5.35794 -3.34693 -0.216897 -5.08607 -3.8877 2.53221 -0.627998 -1.21762 17
-7.73193 3.64829 8.47482 -0.950525 -1.9469 -4.23425 -4.9585 3.51082 2.59631 -2.71247 17
-9.82661 1.55493 4.63345 -2.76064 -2.59646 -4.1386 -3.47017 5.1351 -0.963486 -2.10497 17
-7.22952 5.97855 4.51389 -3.13128 -4.65792 -2.62646 -2.2864 6.54844 -1.76368 -7.32345 17
-4.03652 2.89485 11.2337 -3.28534 -0.135864 -7.50035 -3.32857 5.09724 -2.26676 -2.52812 17
-7.66243 5.18535 9.69952 2.88466 -2.14173 -4.31768 -3.61123 7.89875 -2.51522 -1.36771 17
-7.36654 7.28093 13.614 -3.52188 -0.267997 -3.6244 -0.733478 4.27049 -2.16061 -0.391442 17
-6.28603 4.7425 8.84177 -4.0495 -2.01589 -4.2455 -0.498713 5.36862 -4.52618 -1.71656 17
-8.02358 7.39626 9.03213 -1.37864 -2.94829 -2.11818 0.233295 6.96489 -3.48197 -2.51598 17
-7.64216 5.99047 7.48679 -1.28662 -1.83254 -3.9764 -4.70322 5.93889 2.23342 -1.57406 17
-2.72615 6.62993 8.95576 -4.30329 -0.9414 -7.47222 -2.99795 3.40738 -4.64331 -2.90379 17
-10.5564 -1.91845 2.97697 -1.28966 -2.74467 -3.22543 -4.16733 6.05832 -1.95392 -4.35539 17
-8.66941 7.0071 10.7544 0.628914 -1.57107 -3.80778 -2.65773 5.21709 -4.87417 3.21707 17
-9.62136 4.93621 5.47198 -0.354747 0.766156 -3.34394 -6.01215 3.72981 -2.61007 -2.46691 17
-9.58613 8.14988 8.95728 -1.96031 -3.48487 0.198584 -1.84307 5.0818 -0.759029 -2.19079 17
-8.31838 7.39154 9.41686 -3.8906 -1.87464 -7.23445 -2.64779 3.42932 -3.68608 -1.45959 17
-6.64962 2.32039 13.408 -0.665022 -3.32804 -3.7196 -5.43771 4.95104 -1.58109 0.142863 17
-5.69718 8.47282 11.9164 -2.78197 -1.81257 -4.5456 -1.35812 3.21068 -1.22662 -2.7014 17
-8.04669 6.27588 13.5088 -1.49898 -5.20707 -0.94573 1.70354 2.4286 -4.34032 -5.70729 17
-9.58747 7.13941 9.50128 -2.953 -1.22048 -3.09438 -0.761118 2.88349 -4.16413 -0.886745 17
-6.52494 3.26176 9.15887 -1.17119 -5.35454 -3.25077 -3.33382 5.7673 -0.154383 -1.07018 17
-6.30486 4.53098 6.50617 -3.32729 -3.63859 -3.90052 -4.33957 4.02631 -3.30792 -2.74709 17
-10.0838 9.06815 4.82443 -1.50897 -4.10511 -5.44807 -1.51683 6.25492 -4.99025 -3.20009 17
-5.78809 7.86472 6.13548 -1.63581 -1.96866 -6.88499 -0.316119 7.58166 -3.2785 -1.29906 17
-9.5075 5.21555 4.89512 -0.146445 -0.99898 -1.87252 -0.0808614 4.60056 -0.126622 -2.79537 17
-3.5251 7.89481 9.86853 -2.96778 -1.9808 -8.11624 -3.13036 5.6528 -4.27605 -4.43372 17
-8.27638 6.39585 15.0424 -1.02666 -0.864368 -4.30562 -6.76536 7.639 -2.24216 1.75569 17
-5.98974 6.30429 2.46765 -7.69138 0.107012 -2.82463 -3.17081 4.92945 -2.66692 2.28439 17
-4.19952 4.97501 6.63186 -2.56378 -2.87174 -2.40396 -1.62284 4.28112 1.4111 -4.96144 17
-6.58089 7.26562 8.3842 1.17981 1.83345 -3.45264 -6.13859 7.207 -1.20215 3.37981 17
-9.26833 4.93043 7.91868 0.00847832 -2.25956 -3.79174 -3.38458 5.51057 -1.26996 -0.237786 17
-6.30703 11.9779 9.9505 -2.70338 0.36123 -4.32174 -4.3812 2.79079 -3.42669 -0.00193529 17
-9.04403 1.87496 3.93817 -2.307 -2.22039 -6.03211 -3.35199 3.73063 -1.91459 -1.43624 17
-3.27716 9.15901 10.1126 -0.947137 -1.36718 -3.67319 0.715475 4.04029 -1.78065 -2.65699 17
-8.03233 6.60659 6.98935 -2.22864 0.733671 -2.96221 -2.60321 7.1849 -0.71026 -3.08178 17
-6.60451 6.41868 6.21841 -0.726185 0.869063 -5.78251 -2.52972 7.00781 -1.76662 2.2244 17
-10.872 4.27601 10.6142 -3.5782 -5.62706 -3.83236 -2.34565 5.28413 -2.88141 -1.74891 17
-4.70428 5.18625 7.96281 -2.38693 0.571953 -6.26437 -7.95879 4.5995 3.57965 -0.548876 17
-8.85615 6.44222 9.39278 -5.80064 -2.20968 -2.91566 -0.448947 3.56067 -2.50366 -0.414897 17
-4.84987 5.08007 7.10527 -1.43675 -1.04024 -5.25501 -6.64433 5.39573 -5.90143 1.13795 17
-9.98374 4.4054 7.88181 -3.26351 -4.30793 -2.52853 1.08749 2.85189 -1.88746 -2.78013 17
-9.16582 3.24237 3.19675 -2.62434 -0.145115 -3.55122 -5.21285 4.94343 -4.66143 -1.72591 17
-5.64531 8.36398 10.0472 -3.64195 -4.11376 -5.00737 -0.714002 6.54897 -4.41413 1.18728 17
-5.56313 5.76695 8.92002 -2.53232 -3.19279 -2.83063 -5.77185 3.14614 -4.77434 -0.508679 17
-7.91378 3.37745 5.27775 -1.62791 -3.03936 -4.99547 -2.14672 2.89274 0.768315 -5.0155 17
-5.90982 6.33449 11.7944 -0.856944 1.3045 -2.80005 -2.94514 5.00426 -2.81989 1.48568 17
-7.29648 5.33142 5.07142 -1.27977 -1.82739 -5.25892 -6.97705 6.04781 0.591429 -2.79443 17
-9.02838 2.11656 9.9052 -2.68023 -3.96883 -3.69933 -5.69562 3.06971 -1.37867 -0.653372 17
-5.51832 5.56311 5.32813 -1.91029 -1.51572 -4.42146 -4.32244 4.75908 -3.02802 -0.65375 17
-9.05463 4.67758 7.62719 -2.0996 -4.67381 -6.32481 -2.64374 7.43673 -3.87196 0.827816 17
-5.86992 10.7743 9.8617 -3.44932 -2.91445 -3.22675 -7.03317 4.29456 -0.721347 0.687669 17
-8.44519 4.63077 5.48023 -2.26007 -1.6526 -6.36942 -3.79152 4.96133 -3.69445 -2.60416 17
-8.03087 2.96027 2.61531 -0.309914 0.902071 -4.55846 -2.32382 4.72628 0.0345569 0.830075 17
-6.85409 4.92646 4.49439 -1.90045 -0.510117 -4.73674 -6.12734 3.71274 -3.19548 2.34539 17
-7.63918 6.10966 9.23627 -3.6712 -5.57836 -4.45081 -3.12513 3.75608 -6.26346 -3.75008 17
-5.93953 5.93938 7.59609 -1.3525 -1.91023 -5.14671 -4.07097 4.01248 -2.6903 -2.35836 17
-5.11587 10.6236 10.0753 -2.46612 -1.49633 -5.79836 -3.28427 4.82826 -3.26501 -1.2069 17
-6.32062 6.14429 12.741 0.672069 -3.44112 -3.89994 -3.95872 8.01137 -5.08688 -2.04173 17
-6.69728 2.96517 7.5817 -1.3685 -1.03883 -5.01124 0.0899108 5.37827 -4.78284 -1.84448 17
-8.53465 8.65029 6.96 -1.18029 -1.25752 -4.72354 0.0500943 6.83976 -2.121 -1.10047 17
-5.49672 6.74142 10.5804 -1.55188 1.12167 -3.99101 -6.63662 5.71396 -1.52988 1.10285 17
-3.96249 4.07173 10.6951 -0.14804 -4.034 -4.17335 -7.77995 7.46698 -3.38481 -2.49456 17
-11.7508 2.49051 11.3567 1.25231 -4.29122 -6.00227 -6.17256 5.2925 -2.82281 1.54616 17
-7.32178 6.7533 7.79356 -3.05118 -2.84191 -4.46908 0.188184 5.90138 -2.89292 -0.249138 17
-6.54477 6.87152 8.83697 -0.955978 -2.1889 -3.40454 -2.86687 4.49596 -0.660019 -2.0883 17
-5.31295 2.95458 8.48965 0.557821 1.59298 -4.09665 -4.28784 6.0919 1.62415 -1.10824 17
-7.17252 4.20591 8.89793 -0.391585 -4.19224 -4.14237 -5.72935 4.96602 -3.82018 -3.0521 17
-7.21712 3.40829 6.15089 -1.41255 -4.59872 -7.6101 -5.39044 4.47262 -3.56056 2.52548 17
-6.84767 10.2336 6.79027 -6.72755 -3.51765 -2.78433 -2.11654 5.26104 -3.40491 -3.80954 17
-5.18776 8.219 4.5505 -1.07279 -2.60132 -7.64223 -5.32895 2.46454 -2.222 1.50135 17
-6.72944 5.21052 5.8232 -3.869 0.444882 -3.91352 -5.58927 5.49757 -0.653993 0.425183 17
-7.92052 8.71273 7.0527 -4.57409 -3.27283 -2.81541 -1.68443 3.65327 -5.2516 -1.20647 17
-7.40187 6.26683 6.47379 0.585779 -2.02077 -6.58139 -2.94787 8.3288 -2.77788 -0.592049 17
-9.10888 4.94224 4.81572 -1.59563 -4.39326 -5.77172 -6.55953 5.18363 -1.91292 -1.28422 17
-10.0862 4.86115 8.29571 0.387557 -1.12798 -7.22809 0.126466 5.18552 -5.95511 0.142493 17
-8.92756 7.63848 4.12407 -4.00676 0.042064 -4.21394 -5.98726 5.04802 -1.20919 -0.101648 17
-8.06669 5.68607 11.3459 -0.129077 -4.23737 -2.98847 -6.13271 4.99434 -0.00568965 -3.07299 17
-8.18906 3.12231 9.07338 -1.4062 -4.30282 -0.809384 -3.26123 4.43223 -0.895075 -0.768694 17
-6.63267 5.13108 8.16027 -1.26767 0.486817 -4.12457 -7.48295 4.94681 -0.609105 -0.564558 17
-7.07433 5.52476 8.82938 0.264662 -1.16035 -3.95624 -7.74402 4.22636 -1.07742 -4.84825 17
-7.2559 7.79474 8.17787 -1.09695 -2.65149 -1.88968 -0.514878 4.55377 -2.02536 -1.70007 17
-4.9335 9.53774 6.40235 -0.243636 2.41244 -5.43621 -2.9096 6.61549 -2.65566 -2.86425 17
-8.41135 5.58665 6.66114 -1.72425 -2.01058 -4.46536 -2.13018 4.7823 -2.17347 -1.87214 17
-6.31897 6.784 5.99658 0.600758 -0.744838 -6.45794 -0.903341 5.26415 -3.21566 -0.0603949 17
-8.31587 3.58499 3.93153 -3.12074 -0.337076 -1.70828 -5.85434 5.497 -1.54199 0.153763 17
-4.23849 3.65897 5.43245 -1.5825 1.11701 -6.24199 -6.57847 6.10921 -2.77955 0.574839 17
0.288378 5.4952 -7.53396 3.90412 -3.29478 6.563 -3.66875 5.78666 -5.19997 -7.65551 18
0.148572 6.89927 -5.61823 2.70163 -7.85335 4.34793 -5.09609 7.09734 -7.0292 -7.46996 18
1.7913 9.22322 -5.30057 1.68904 -7.65492 6.60287 -3.42916 5.22098 -5.17496 -11.148 18
-2.98173 2.37513 -8.20828 -0.755461 -2.53219 5.83711 -7.70065 5.93613 -8.60993 -9.26569 18
1.62534 7.82727 -7.06676 4.01502 -4.83202 6.26085 -5.72798 3.94084 -5.72777 -9.28285 18
0.697391 6.09511 -7.22428 4.04972 -4.82582 6.88981 -5.94717 5.34409 -7.94315 -6.84929 18
1.28483 4.63622 -7.88284 7.30995 -7.82643 6.49327 -8.35795 4.31472 -5.72727 -7.61886 18
-0.480175 4.82035 -8.29926 1.34368 -6.21886 6.4939 -6.14118 4.19694 -10.786 -6.28544 18
-2.02453 7.37778 -5.86466 -0.0584035 -6.63513 9.89561 -3.7569 9.67914 -8.50129 -7.36131 18
0.126743 7.44584 -7.59935 3.76275 -5.0173 6.54446 -8.71053 5.51731 -6.15747 -10.6087 18
1.54813 4.41865 -5.24042 2.8843 -4.47881 3.20641 -8.0599 11.7058 -7.54897 -12.3148 18
-2.86507 8.07749 -7.8624 -0.708709 -8.58275 6.67403 -5.41147 4.59255 -9.23745 -7.86115 18
-3.62474 4.81236 -6.89409 1.08513 -3.04945 6.02474 -2.33124 5.06453 -12.1913 -5.54332 18
0.333108 8.61569 -5.44973 4.18252 -4.95373 10.6239 -7.80401 10.2335 -8.3677 -5.64247 18
-1.44703 2.17549 -6.23426 2.76467 -4.92303 7.60555 -7.7059 6.12509 -10.1835 -7.18093 18
-1.864 3.18133 -6.01888 1.15844 -4.66114 5.7754 -8.5294 7.43835 -5.63219 -3.79336 18
2.98247 4.5811 -8.76081 4.99586 -6.05253 4.86202 -6.25234 6.12239 -5.58004 -10.96 18
0.667868 5.24034 -6.1771 3.75035 -5.00708 4.26323 -2.31799 11.4556 -4.11957 -8.77974 18
-2.04894 9.17437 -8.40622 2.93367 -5.95697 7.96653 -4.77711 4.53099 -11.8284 -5.46554 18
-0.541996 8.71177 -8.94637 -0.232092 -7.2736 7.64257 -6.43868 6.25964 -9.74367 -10.4788 18
0.442734 7.90635 -5.11228 0.980142 -4.10111 4.41168 -3.47385 7.76391 -9.28522 -4.31662 18
-1.13194 6.34095 -7.245 5.95562 -5.87359 7.38803 -6.29217 7.41076 -8.60798 -7.09029 18
0.885447 8.22984 -4.41016 1.94036 -4.41846 4.70278 -6.07489 5.96261 -9.5465 -1.56486 18
1.32425 7.05552 -6.27782 0.00889544 -2.57108 5.84196 -3.6921 4.21583 -11.3355 -10.1348 18
-0.445232 4.97889 -5.59754 3.24633 -6.82355 9.32876 -3.28023 4.02357 -8.32954 -4.73119 18
-3.70387 -8.6687 -10.3448 6.4849 -4.03111 4.40027 -0.470137 8.4228 5.11465 8.10573 19
-7.21242 -6.23961 -8.26733 7.37077 -3.60862 3.84561 -4.74267 8.13775 3.98964 9.30064 19
-6.96849 -8.21116 -7.54107 6.92122 -2.85226 6.04935 -2.02979 7.08926 3.2379 9.27974 19
-4.92224 -9.72232 -5.6185 9.92241 -6.03884 4.11548 -2.01728 8.99793 4.65763 11.7774 19
-8.00035 -7.46114 -3.95201 5.54288 -4.38608 5.20988 -2.95631 8.18985 5.03068 10.6532 19
-3.61454 -5.796 -8.23514 9.38591 -1.66447 2.99704 -3.77439 5.85296 3.86953 10.9482 19
-4.66991 -8.65302 -9.16257 7.33175 -4.43809 3.24 -2.93958 10.0534 5.00104 8.45022 19
-6.92486 -7.5978 -8.19389 6.83487 -6.2356 5.78419 -2.7534 7.64632 5.30822 9.79592 19
-9.12979 -6.65891 -6.45078 8.09926 -2.22862 5.36254 -2.46819 6.14646 6.13384 9.91856 19
-5.41554 -6.26594 -8.43716 8.03988 -2.21951 4.09452 -3.41124 9.7191 3.06324 12.9221 19
-4.99729 -6.72495 -6.00991 7.63623 -3.56443 5.30175 -2.14258 7.75838 3.58227 10.6613 19
-6.41435 -10.0367 -6.30789 7.35921 -2.53706 7.59 -5.26097 5.77066 4.78063 11.6264 19
-6.71802 -7.65774 -3.67414 6.47583 -4.88366 6.59729 -1.38547 7.8806 0.339341 9.84053 19
-6.8831 -11.098 -7.54533 8.56758 -3.71052 4.65072 -1.9317 8.42568 3.46801 10.5961 19
-4.14775 -10.9404 -6.00252 9.75194 -5.96541 6.82401 -3.0396 9.32245 5.33293 10.3719 19
-7.70434 -9.58479 -7.61986 7.54313 -3.27174 5.0123 -3.62817 8.71665 5.35073 6.25848 19
-3.31154 -8.46129 -6.4826 11.8373 -3.22346 4.64945 -4.06497 7.61878 3.84634 10.5829 19
-3.79645 -7.22385 -3.48815 7.40707 -2.37388 6.07849 -1.3849 8.14488 4.11849 10.8207 19
-4.15484 -9.96185 -5.64959 7.21341 -2.17527 7.29754 -1.77331 11.3049 5.16793 9.01235 19
-7.74483 -7.16857 -3.08977 7.4588 -3.44439 5.48901 -1.64745 10.2385 6.74898 8.10292 19
-5.24342 -9.5323 -5.60191 6.86585 -6.80367 7.10895 -5.04811 11.9103 4.88612 10.6428 19
-5.74093 -6.85916 -6.5403 8.6007 -4.10591 8.72595 -6.21393 8.59637 4.00842 9.88213 19
-5.08354 -8.7203 -4.20155 8.80554 -7.07736 8.804 -2.9699 7.0078 7.73806 12.8302 19
-4.89512 -9.55513 -7.33692 12.1116 -7.00003 5.78279 -3.05009 8.8357 5.25619 8.94529 19
-5.57423 -8.83567 -6.10499 12.9158 -4.45926 3.9716 -2.63702 7.87421 3.33554 11.9752 19
-5.11431 -7.42247 -9.20541 7.77655 -3.07865 8.29707 -3.00287 10.0908 4.57941 8.23456 19
-6.62016 -8.16011 -6.23589 8.44245 -5.38525 6.70891 -6.07298 7.17263 5.48061 10.1161 19
-4.62742 -8.08034 -9.55912 11.4213 -5.23805 4.5575 -2.51199 8.23509 2.51321 9.27853 19
-4.40036 -6.55684 -7.36368 9.63999 -3.06791 8.32109 -1.44759 9.40156 4.461 12.3298 19
-6.25883 -8.19151 -7.60086 6.32312 -5.04557 3.28983 -3.57176 11.8079 2.21765 7.71966 19
-4.56618 -10.3282 -3.10316 8.07519 -5.88487 3.96706 -0.688211 9.39037 0.823235 8.77516 19
-5.63661 -8.55594 -2.13109 10.1349 -5.89312 5.30234 -4.42562 11.0334 0.842085 9.83627 19
-4.29769 -10.3888 -7.62984 9.13427 -4.26737 6.34508 -4.29021 10.3627 6.24637 10.9101 19
-6.9633 -10.7635 -6.37203 6.72285 -5.40629 8.83152 -2.95383 8.55499 5.1985 9.86253 19
-3.96071 -11.6554 -8.33134 11.1909 -2.48443 6.98761 -3.48127 9.40578 3.55233 9.44899 19
-6.77226 -7.08818 -5.90862 8.50692 -1.77382 7.01191 -4.23228 8.77914 2.582 12.6902 19
-6.8153 -8.93495 -9.6377 8.72289 -5.45262 4.63283 -2.80367 8.34499 5.85227 10.477 19
-6.98503 -4.98369 -5.61815 9.55195 -4.2929 1.77211 -0.441916 9.15613 2.79775 10.5315 19
-4.88175 -8.36575 -10.0906 6.52993 -4.67533 3.68302 -2.63263 7.66051 4.13308 7.88785 19
-6.02549 -7.54674 -8.49286 5.51947 -4.86601 7.31512 -3.80057 8.76535 4.33683 11.6173 19
-5.41902 -6.52875 -4.55961 7.28049 -4.00266 8.43677 -3.74751 7.47278 5.86967 9.60127 19
-3.86176 -8.2616 -5.09017 7.93774 -5.49484 5.60286 -1.32558 8.90252 2.99155 8.60212 19
-8.56276 -8.94272 -4.37438 4.36427 -6.60162 5.97665 -5.18664 8.96247 5.34947 9.65276 19
-6.58963 -6.1339 -6.2825 5.20787 -4.387 7.50386 -2.047 7.61804 5.63916 9.96102 19
-7.11189 -4.90398 -4.71582 7.84132 -3.30294 4.01848 -3.8751 7.71394 0.595683 11.5251 19
-5.90659 -12.1342 -8.09147 7.92062 -4.42674 6.03905 -1.96769 8.48815 6.92812 12.0953 19
-5.82188 -12.7596 -6.8884 10.6399 -6.14445 6.68329 -2.55123 9.79238 3.37234 10.8984 19
-5.00148 -10.0731 -4.74659 7.5396 -4.28451 7.14975 -3.64154 7.49575 5.80733 9.90854 19
-5.06414 -9.2754 -8.39922 8.22561 -3.14161 6.54336 -2.02792 11.3552 2.64935 6.95536 19
-5.52516 -10.141 -9.13149 5.77576 -4.21551 8.73361 -5.3069 9.65497 4.9519 6.67867 19
-5.13994 -9.00169 -0.0467754 6.64961 -7.19556 4.30308 -5.7023 8.35311 3.60086 11.6244 19
-5.6476 -7.87935 -7.81263 6.43313 -0.247668 8.871 -4.68124 10.6505 3.42811 9.76498 19
-5.81755 -9.61362 -7.23962 7.29886 -6.61492 6.67385 -2.26122 10.213 2.17184 10.0889 19
-3.00866 -8.30483 -6.42844 7.97294 -5.41518 4.12363 -2.71718 6.94674 4.88302 10.6908 19
-5.41211 -11.1678 -7.98202 7.31155 -2.17124 6.28872 -0.903424 8.48685 7.91376 10.885 19
-6.02785 -8.3401 -7.46278 6.64599 -4.03021 3.46146 -2.86894 8.11235 1.48225 10.4921 19
-4.99105 -10.7956 -5.68447 7.68068 -4.88208 4.73235 -2.04257 9.38469 2.34234 8.98956 19
-3.40326 -8.92517 -4.63552 6.78852 -4.09052 5.6429 -4.22257 8.96774 2.458 10.8912 19
-3.83972 -8.53666 -3.5158 9.94173 -4.0347 6.95003 -3.24008 10.8985 1.36671 8.34735 19
-7.6433 -8.8058 -6.71651 3.64972 -3.52201 3.1382 -2.95108 9.31765 1.27247 11.6537 19
-3.80813 -7.84847 -5.08276 10.2049 -1.93557 4.90255 -2.68878 9.00812 3.1579 9.73323 19
-5.31997 -8.22988 -7.26944 3.42973 -2.99429 3.20908 -2.07529 8.00667 1.76407 9.24373 19
-5.8422 -7.30207 -9.77395 9.84734 -3.13133 10.1973 -5.43236 6.64514 5.85021 13.3164 19
-5.97398 -9.03497 -6.95066 5.88148 -2.00821 6.50041 -1.73251 7.44224 3.80433 10.968 19
-6.93641 -11.2909 -6.81058 8.08525 -6.80432 3.74945 -2.31487 9.67652 2.12284 10.9185 19
-6.06143 -6.67078 -7.32989 6.62932 -2.39278 7.22013 -3.19131 9.16444 2.34444 11.1398 19
-6.58021 -8.42989 -3.62553 5.64056 -4.26405 4.4416 -2.47667 8.65802 2.36644 10.4033 19
-3.93643 -9.23262 -4.25562 7.43543 -5.36794 3.59981 -5.30591 7.66158 2.08103 14.6318 19
-4.04074 -9.33639 -5.63883 9.99098 -4.58366 5.31271 -4.23244 10.5342 3.01666 9.49327 19
-5.74026 -8.81059 -10.9163 7.13304 -2.91608 6.40463 -1.84482 9.93894 3.68704 7.03078 19
-7.34144 -5.80159 -6.89416 11.1984 -4.62067 4.95542 -2.52493 10.0462 4.31646 10.3758 19
-5.96322 -6.73971 -10.7555 10.7983 -4.77065 4.26218 -4.31626 7.71537 6.16684 8.0844 19
