5.73827 15.3549 7.88958 4.31626 -4.04329 5.80065 -5.19564 11.0992 -9.33012 -2.68459 0
13.654 7.28588 -0.571444 4.0217 -10.516 2.00942 -6.2615 10.9597 1.82028 -4.97308 0
11.3243 13.8762 6.77234 6.5803 -2.554 4.40401 -6.58967 13.6424 -11.328 1.43514 0
2.38261 15.0892 4.98051 8.08117 1.87448 1.85541 -3.23203 8.31613 -8.26108 3.55299 0
11.2423 9.10985 0.834281 1.83489 -1.61644 7.18807 -5.09865 8.35378 -2.12873 -4.15978 0
9.44783 -2.58024 2.28689 5.77956 1.56957 6.43965 -6.84818 7.38985 -2.98627 -5.10395 0
6.66435 -0.347954 6.88891 6.16613 -1.80436 7.22476 -4.86981 10.4255 -22.6016 2.33349 0
4.80407 4.40033 -0.667694 7.52845 -10.0917 5.71348 -5.57479 7.92539 -12.2179 -1.36248 0
7.4879 18.154 5.78844 4.95553 0.779938 6.91241 -7.99256 8.78551 -2.88434 3.77749 0
7.517 22.9707 5.13637 5.15835 -12.2853 3.10481 -5.50736 6.17379 6.27009 0.653012 0
10.1365 2.97641 6.23532 5.10394 0.425984 6.25528 -6.31753 8.1593 -12.615 -3.81744 0
9.64392 9.64887 -7.89405 2.56395 -5.23005 6.81348 -4.50647 11.3565 -15.3952 4.49331 0
-1.08888 29.3842 31.3539 4.77004 9.33439 7.67422 -5.4165 4.20824 -30.4259 2.29998 0
3.77082 0.933529 3.77034 4.20882 -7.81785 7.51871 -8.8204 11.7931 -6.11367 -2.63818 0
3.20467 11.6104 1.89479 1.7042 -0.686159 4.89704 -5.79015 9.2647 -12.9859 -3.80197 0
2.54885 11.3548 2.70735 5.34197 0.158852 7.38752 -5.79912 -2.20579 -14.802 -3.55787 0
11.1628 -4.46454 -4.33137 3.11335 1.95486 3.96863 -6.73035 11.7537 4.51306 -3.28756 0
3.47671 30.8455 -6.56668 6.61211 -4.13576 7.363 -5.0691 4.25225 1.00992 2.20651 0
6.27178 3.94969 -1.40957 10.1583 -12.005 6.53815 -3.36943 4.51475 -13.1655 -0.903749 0
3.11701 13.5123 4.56392 3.5856 -19.3857 8.76484 -5.39501 1.09584 -10.0787 3.51991 0
5.30029 15.9916 9.65952 -0.543044 -6.74099 4.97964 -5.33796 7.89923 -17.826 1.01534 0
3.14916 10.5352 4.63852 2.85829 -1.36757 9.1489 -4.05144 6.65847 -2.05504 -0.470039 0
14.3062 14.4547 5.2793 -4.18491 -0.987016 6.33359 -6.28634 0.19984 -15.4679 -2.55939 0
12.3244 1.00053 -10.1961 3.74484 -1.396 4.68784 -5.46683 7.56225 -9.1845 -4.21893 0
5.55985 11.4436 23.0427 3.4374 -0.817542 4.84243 -5.91435 1.09828 -22.0634 -4.83306 0
9.87973 -2.46491 -2.99745 2.76163 -2.26529 6.82952 -6.30437 8.26232 -15.0125 -3.31396 0
5.28811 17.6078 8.50645 1.03473 -4.85942 5.17021 -4.53968 9.09167 -13.9293 11.8373 0
5.84517 10.5081 8.00021 7.8002 -7.83086 6.25331 -6.80351 4.12592 -8.26714 3.30652 0
3.59379 8.36632 -1.54244 5.4256 -8.30498 6.46057 -7.29466 6.64841 -5.72287 1.68776 0
8.34959 -4.67881 4.91864 8.46345 -0.161142 6.63885 -6.81418 2.8752 -14.919 -0.993817 0
6.89995 3.05255 5.02991 7.87829 8.49945 5.26694 -3.06362 10.5297 -22.6871 0.329709 0
5.34114 19.4531 6.84009 9.46548 -13.3169 8.19929 -5.1352 12.6777 -4.49016 4.88902 0
-0.392813 1.38787 10.8239 8.30898 -0.0192162 5.90565 -6.5424 3.97764 2.25482 -6.39205 0
9.86179 5.27149 6.11514 3.62941 -1.05904 8.47391 -6.69137 7.69644 -15.4182 8.05599 0
4.22904 13.6032 3.16213 8.51952 -3.98886 4.19808 -4.04828 6.62361 -9.18632 2.43415 0
7.0296 7.46933 5.43824 7.05979 -2.2126 4.88786 -6.7505 7.62597 0.426289 4.4529 0
8.58617 14.5375 8.87937 2.27865 -2.47891 8.10008 -4.48619 12.5869 -15.2814 1.93374 0
2.42286 3.54503 21.081 7.99518 -10.5753 5.8839 -4.43237 9.25441 -21.369 9.2447 0
9.57973 10.9385 -0.841269 1.94168 -10.67 4.24124 -6.11142 -0.409329 10.8088 -0.962538 0
5.59652 14.0403 12.0584 4.07899 -1.56533 7.93522 -3.24559 14.0904 -10.3067 5.2605 0
-2.10542 17.6829 8.10774 13.8884 -11.9784 3.51068 -3.63521 6.26387 -11.908 0.680757 0
9.09629 4.60084 1.73835 1.53865 0.26217 5.93477 -8.69033 1.81347 -16.2822 -2.41076 0
7.73031 6.56236 0.268237 9.07601 3.66627 4.07876 -5.09738 5.18339 0.542063 -3.71364 0
5.7569 18.8042 0.758876 10.3921 9.46847 6.68344 -4.88402 8.25784 -20.8761 -1.8252 0
3.20194 7.45374 3.10659 8.65085 -12.5445 6.0519 -3.74392 7.42693 -12.6914 1.93601 0
4.64431 18.9053 -4.08611 3.28307 3.65355 6.77481 -3.72121 6.68161 -9.53968 -2.44926 0
8.94142 19.8802 13.0328 11.3033 -6.41066 4.80686 -4.9695 10.0674 -14.5124 -0.281267 0
-1.67789 -2.19075 4.71356 9.94774 6.97433 4.28365 -4.37646 3.51504 -23.1585 0.442604 0
11.6143 2.68763 9.49818 0.3986 -11.9033 4.3327 -5.17044 9.57138 6.31484 -11.7742 0
12.387 10.2491 2.51398 -2.16063 -7.86824 10.6102 -6.99033 7.01127 -9.11851 -2.49796 0
0.263771 15.0318 -4.63856 12.9373 -4.78015 3.56325 -4.2112 1.8398 1.82738 -1.25308 0
-2.69977 1.52898 1.52773 2.73289 -1.81787 2.36136 -4.23154 4.80888 -9.3932 3.63595 0
0.920382 10.8815 7.29924 7.68 13.3367 3.94354 -2.96574 6.59691 -7.01766 1.15157 0
4.41935 -12.6922 8.1848 8.0913 -5.89731 3.93674 -3.03677 2.94313 -8.90784 5.37933 0
4.13157 12.1121 11.7172 9.7032 -1.31111 5.66962 -6.14538 8.40416 -22.6254 -4.18411 0
6.61008 20.7942 10.6389 10.6569 -3.03428 8.54292 -4.21186 9.42972 -4.69293 -3.39054 0
6.41403 12.0933 14.9309 8.60322 -7.71118 7.0232 -5.04669 7.6024 -14.6998 -2.65221 0
11.7908 3.07016 5.13134 3.62925 -2.09724 3.3251 -6.91647 4.15953 2.29964 1.4148 0
1.18593 12.4934 2.21064 8.90451 -9.11754 9.16569 -3.94087 6.71853 -5.52138 -2.22037 0
6.87569 8.50326 3.75303 1.03663 9.07157 7.3117 -6.26054 5.79946 -14.5871 -5.39895 0
5.6658 7.10876 4.96486 3.15255 5.14599 3.65324 -4.21381 0.261608 -2.8924 0.695138 0
6.76639 15.3183 11.8627 8.90822 -5.22001 4.66682 -5.58452 14.0022 1.30328 3.07173 0
3.758 8.11677 5.7002 5.54339 -1.43558 9.07312 -2.11175 3.09633 1.59894 -4.2423 0
5.30543 13.9336 12.2536 2.8096 3.04696 7.37445 -4.33416 7.72783 -13.2661 -2.59935 0
3.71257 8.03569 -12.2848 12.3854 8.13652 7.59299 -5.85418 8.57796 -5.73219 1.20937 0
6.25046 15.4091 -3.45995 5.15007 -9.6744 3.83365 -5.06116 5.17573 -9.97397 -1.31321 0
5.99454 4.1408 12.7774 7.57574 4.33475 6.35046 -3.61325 8.98068 -6.48635 -1.83031 0
7.51366 22.9041 10.1521 5.51898 3.28966 5.52594 -7.15173 6.85815 -17.599 6.83967 0
5.78463 4.12315 13.0789 2.60689 -7.96082 7.12747 -5.99231 6.58755 4.20242 -1.78296 0
12.7207 20.0752 -2.56113 2.47299 0.485345 5.12625 -5.827 7.50066 -22.6606 3.28005 0
5.9282 30.8939 7.32825 11.3118 2.48945 3.8765 -4.44959 4.9326 -3.42314 -6.36149 0
11.1043 8.67719 12.0983 9.43285 -6.71174 5.30231 -3.21464 5.23975 -20.996 6.69501 0
10.8313 20.1752 7.86458 4.79928 -4.75591 4.43987 -4.27373 11.7426 -3.43636 4.52084 0
0.705003 9.02815 2.98964 11.6025 -2.3266 5.90274 -4.18571 3.64093 -7.27747 -5.48321 0
3.33618 17.8228 -0.364588 1.95578 -1.91434 5.499 -6.59344 11.7029 -15.0296 1.33508 0
0.376 17.5547 9.66854 3.49609 5.60018 7.45938 -4.99016 4.88876 -9.54782 1.05582 0
0.99559 8.60227 3.32282 1.89875 5.4132 6.50876 -5.59859 9.72257 -4.00994 -0.941111 0
3.89112 10.8932 8.64069 9.97299 3.32854 6.38081 -4.01582 6.36389 -6.36167 1.6846 0
5.19752 8.82855 19.7154 6.95058 -10.2355 6.09122 -3.41919 6.30164 -10.5897 -2.61549 0
9.45557 8.59957 -9.61926 3.6711 1.98631 6.57609 -3.32009 8.4497 -18.2264 9.19022 0
12.8803 4.63191 7.54843 3.5105 -1.64316 5.62919 -7.30134 8.02891 -18.6634 5.4488 0
3.28037 15.29 4.95547 8.62374 -10.6183 6.28843 -4.2599 5.94297 -0.129244 -3.83087 0
4.19485 4.3358 8.23873 2.23068 10.7548 5.06014 -4.10803 7.43971 -7.34514 -1.77557 0
5.37882 3.69451 3.66147 5.63689 -7.34034 3.95133 -5.15975 8.78056 0.0966749 1.52448 0
7.05444 15.8502 -0.622583 0.928397 9.74667 5.72342 -6.79307 10.0376 -1.22302 0.612005 0
13.4385 3.95861 2.2013 9.34148 -6.26277 4.47603 -3.89129 7.58694 0.125408 1.46339 0
2.51595 9.85106 -1.01449 4.67878 -15.0484 4.57589 -4.47695 -1.19791 -9.25391 2.02891 0
8.22764 1.14822 6.94219 10.4366 -7.63766 5.35595 -5.96258 4.61886 -22.1091 7.73601 0
-1.05985 15.226 7.76729 12.7311 -4.10755 5.27044 -4.73106 0.654232 1.14207 -3.84152 0
2.9679 7.62716 3.8664 3.54879 -12.1677 3.10921 -1.65978 6.77479 -6.07125 5.94727 0
3.94816 6.19164 8.94961 9.11387 2.74945 3.79304 -5.31063 2.40712 -9.18206 -2.27683 0
10.4191 4.70671 -1.1789 3.10904 -2.85706 5.13348 -5.88347 13.7924 -5.52477 10.7478 0
7.83575 17.7166 20.484 5.6373 -13.0704 7.75351 -8.21276 7.74899 -4.93966 0.00663965 0
2.60274 14.2154 -2.54097 2.23149 0.497078 4.70219 -4.952 9.1264 -10.9396 -2.08291 0
3.83573 5.44914 9.67306 10.1179 -0.529163 5.04352 -2.33608 10.9654 -20.4559 5.53585 0
0.359578 28.1675 6.11001 2.88729 -1.65842 4.0541 -7.1452 8.31594 3.21703 -2.44463 0
1.5897 8.78712 3.3203 6.54694 -2.50804 6.00121 -6.84371 5.29737 -8.91615 0.0521817 0
7.60796 8.86681 -4.66565 2.28764 -3.332 8.92025 -6.06822 9.10622 -9.23622 -0.831043 0
9.75643 26.7104 3.75235 -0.624494 -2.44393 10.2032 -4.01412 11.9362 -16.6739 -5.26331 0
5.91255 13.1428 -7.64991 8.69668 -10.9395 5.35607 -2.97139 10.2797 -22.5822 -5.87742 0
10.6924 6.67939 18.1233 5.23797 3.87908 5.29217 -7.04345 4.53931 -5.51164 -1.00843 0
1.54354 -4.30312 10.6255 10.0159 13.9995 8.92979 -3.37658 0.940903 -1.95084 0.976858 0
2.45626 17.046 13.2603 7.35171 -7.5293 6.83337 -4.2399 12.5623 -2.95402 -0.405068 0
7.42906 7.18782 5.08969 7.84458 0.684103 3.11953 -5.4195 9.23847 -8.91853 1.78601 0
4.04231 9.24639 7.2302 3.35543 -13.3307 3.27986 -5.23113 13.9479 -5.69567 0.370327 0
3.62674 11.9273 5.28053 4.71267 -0.494455 -0.0563326 -7.6989 5.62023 -15.8542 -5.47995 0
5.95547 4.36712 10.5187 3.94614 2.57223 6.18387 -7.02378 10.4629 -8.01553 0.617794 0
-2.17857 5.60297 -5.5626 8.84 -9.35906 3.59178 -5.08426 8.00759 3.26998 1.05229 0
6.20003 -3.07697 19.0303 9.5927 -12.909 5.07585 -6.55785 8.4983 -0.428969 0.0993811 0
4.2112 -1.76293 7.51872 5.69947 -6.0477 3.90963 -7.01088 8.82615 -0.909367 -2.95401 0
0.325721 22.1075 1.89636 -3.6491 -4.2966 11.5882 -10.0545 6.92915 -18.4025 -2.51975 0
8.78792 -2.12188 4.2405 6.75927 -6.71015 7.06529 -6.59741 6.27064 -13.8495 -0.781627 0
10.4516 16.706 11.762 8.09167 -5.43444 5.10688 -3.91796 2.84284 -17.8315 -1.16666 0
-0.0748757 12.2412 8.26162 3.35862 -4.31079 6.11441 -4.84249 6.38445 -11.5311 7.2882 0
-2.64825 4.72959 17.4154 9.3335 -2.7876 8.04369 -5.9826 0.853024 -9.09365 -0.576716 0
3.95845 5.5956 -3.52189 3.45662 -2.05707 7.08175 -4.3527 12.9796 -14.0071 1.60994 0
5.93727 4.03938 6.30809 7.61105 8.72953 6.97367 -0.812244 9.62692 -8.44617 4.28851 0
7.59195 14.5211 12.0914 -2.29753 -6.74181 5.91484 -6.14642 2.6057 -11.3439 -0.133541 0
2.78228 15.6753 -3.33164 7.40017 1.124 5.51231 -4.54518 5.26499 -6.8087 0.975047 0
5.42276 15.624 -7.42655 6.08432 -12.6393 8.63369 -3.75313 7.97819 -22.0808 -1.36368 0
7.39402 15.7473 3.87261 8.71221 -6.58996 4.64161 -6.81025 7.01985 -17.5198 -2.07928 0
13.5575 20.138 6.52218 2.51453 -1.83699 10.7011 -6.01533 0.00218887 -5.92953 0.716474 0
4.0158 -0.245736 9.97782 4.87408 -10.2858 11.2364 -6.47861 2.61767 2.4235 -2.89721 0
10.4506 0.961692 6.27976 2.18665 4.22046 2.27282 -2.90259 6.8857 -6.40538 4.5635 0
6.893 7.12061 3.33354 5.3314 1.08997 5.15759 -4.28485 6.5537 -8.67956 -5.70498 0
6.61986 15.759 15.7194 6.56498 -7.92261 2.42314 -8.23385 19.0978 -18.9431 -1.84108 0
6.45289 11.5209 1.87715 5.78476 4.9162 9.77751 -6.90101 9.56542 -23.8427 -0.540962 0
9.03053 9.50323 8.64102 6.81799 -11.6817 4.58824 -7.48991 7.27313 0.894718 2.53853 0
5.04302 13.9759 6.68114 3.77744 -3.08521 1.89669 -6.3172 12.0126 -13.7628 1.34663 0
2.21096 11.4052 6.45131 6.54641 -10.5643 9.51098 -4.88361 5.08403 -11.363 3.31839 0
12.7818 0.562641 1.10269 10.7429 3.28032 3.28405 -3.74863 0.536181 -26.9159 -0.123729 0
6.70241 20.2445 8.95231 7.94167 -3.18553 7.02211 -5.16607 10.5242 -16.1924 -6.27639 0
8.42203 14.4473 6.69615 8.31459 3.0374 7.41344 -5.72914 2.99435 -2.27815 2.39557 0
11.7871 9.37594 -5.6667 8.34053 14.7118 3.63042 -1.89199 4.24415 -16.6807 -3.14398 0
7.53215 18.4834 1.225 3.0078 -3.9684 4.57468 -5.34549 1.91447 -8.26132 4.30403 0
8.86156 2.5921 4.99378 12.981 -8.57549 3.26207 -4.70167 3.6602 -21.5586 3.85654 0
0.962764 3.71359 3.46667 4.15288 -10.3911 6.09533 -4.16056 9.95556 -13.2159 0.432576 0
8.66991 0.938291 0.856661 7.43857 -1.57898 5.91781 -4.31582 5.16907 -20.0101 2.31628 0
9.98887 15.2986 0.0176819 7.21938 -1.03231 4.83316 -3.096 5.90954 -12.7828 -1.33354 0
8.94193 3.51009 -2.37239 3.43156 -4.3102 4.66712 -5.13788 10.8117 -8.85606 -1.61332 0
9.69443 -3.15708 4.82757 1.90017 -10.3205 4.13946 -5.8217 9.81892 -10.3147 -3.84668 0
4.59557 14.0119 9.16254 4.12698 -9.5098 5.98081 -5.54805 0.733286 -5.71595 -4.6342 0
7.92458 19.4879 -1.68495 8.32891 0.812499 6.53754 -7.90334 15.6931 -0.330817 -0.162901 0
10.4455 13.2179 9.05281 -1.92668 3.79343 8.27292 -6.59978 8.8955 -2.76083 6.3343 0
6.41783 -5.8117 6.15957 4.52517 -10.9993 4.41539 -4.43709 4.51416 -4.79085 -4.97237 0
8.87388 -0.993847 5.70777 4.07412 -8.03773 3.61901 -6.69795 4.31142 -0.182492 0.911677 0
3.87536 8.63716 6.13743 2.33016 5.0791 4.73031 -3.11414 13.2052 -3.2326 7.90491 0
6.38068 -0.966526 -5.35749 5.3374 -9.79538 4.47396 -5.80836 11.3829 -1.21782 4.09643 0
11.1641 7.62092 11.891 5.54973 3.98172 4.00454 -9.83105 10.4009 -5.02269 1.68349 0
8.9541 4.94086 12.0096 9.33499 -4.39998 8.85919 -6.05975 10.1626 -12.9297 0.109752 0
6.73841 7.96721 6.72916 10.6906 -2.96368 6.3585 -7.52628 13.1311 -7.98624 2.28404 0
6.10429 15.636 -0.444761 2.21639 -0.329766 3.10961 -5.17672 12.4815 -3.16428 1.38153 0
3.44828 5.00259 5.6743 5.66644 -6.52572 5.33877 -7.15164 8.55821 -10.1053 1.92359 0
3.94305 12.6641 8.95944 5.33009 3.81121 2.83424 -6.01006 4.84486 -15.9573 9.76855 0
2.81316 8.29778 8.45256 5.90902 -2.74539 4.46418 -2.78938 8.90527 -10.2954 7.92879 0
8.06701 17.8563 -11.2168 9.3806 -1.19465 8.58711 -5.64157 4.97001 -23.8115 -3.27024 0
1.12196 17.2587 8.55432 3.35457 -3.51291 6.1046 -6.85973 2.79742 -18.1044 5.69091 0
1.35619 1.20933 0.185642 4.53507 5.40952 5.72213 -4.21581 5.30359 -3.57267 2.44481 0
8.0498 17.4547 -9.89001 5.57521 -1.30137 6.71307 -1.08535 7.61164 -11.7459 -3.669 0
1.84191 -1.40795 -1.82206 6.43658 -6.76586 4.98058 -5.1806 6.87177 -6.83888 -0.44687 0
12.5132 8.55588 0.209153 3.18168 -2.81157 6.38137 -3.12296 7.45118 2.86695 2.28018 0
8.95706 16.1782 8.7886 7.64557 -4.91523 5.79065 -5.32475 11.394 -13.2011 -0.363937 0
10.8393 3.87142 2.88356 4.5582 -3.76898 5.75072 -3.62104 4.27474 -4.79708 -4.17894 0
12.488 4.91891 5.80971 2.6804 -1.69276 7.0583 -5.08016 7.16222 -15.9393 0.812466 0
6.36584 20.2136 3.25889 4.76529 -6.23081 2.77196 -6.59227 11.4755 -4.30803 -2.20293 0
11.9851 17.7909 -8.0399 6.74957 0.968548 6.3865 -3.14908 7.92264 -5.42617 -2.77683 0
-0.00290727 13.6412 3.42576 7.13935 4.79312 8.30204 -3.26063 2.86789 -10.4225 -4.5661 0
4.49725 3.21044 8.89025 5.84581 5.52268 4.34866 -6.26764 13.546 -3.29174 3.74219 0
6.6013 5.91963 5.6926 8.9235 -1.33548 8.769 -5.08378 4.60799 -8.06398 5.63587 0
5.89261 -3.86815 7.08946 13.1569 15.3937 3.12387 -4.89021 1.44662 -20.7524 -1.76142 0
1.77811 0.602109 18.3723 1.58432 8.35771 5.53228 -4.50308 2.82242 -11.4488 -0.516475 0
8.80774 16.6819 7.56565 -5.21648 -4.76016 5.04886 -6.22189 6.60622 -1.26134 -2.0139 0
6.80757 13.8281 -3.19707 2.5423 -4.35356 6.46511 -3.23259 6.01175 -12.7679 0.453199 0
6.36959 10.1075 -2.43025 7.61325 -3.26251 3.40442 -4.61692 17.5779 -15.354 -2.53323 0
6.87215 20.5518 9.31197 9.52792 0.821693 4.60214 -7.68721 3.63239 -1.94121 -6.88699 0
11.4354 16.5561 7.36349 4.31315 -1.58997 4.36638 -5.04675 10.8022 -11.6168 -1.67679 0
15.0826 10.5994 1.47682 3.97508 1.47508 7.17777 -4.45293 6.77575 0.813986 9.32863 0
5.79394 2.63464 1.15485 1.89355 -4.20219 5.72539 -3.64657 7.99728 -5.59225 3.36879 0
4.42892 -9.59169 5.39017 10.8554 -5.23946 5.52457 -4.81256 6.09105 -5.88452 -1.9641 0
4.12046 13.2919 14.7019 1.34258 -4.42394 9.08682 -4.6615 2.73118 -5.22443 -2.23612 0
3.94282 11.7112 -5.45746 2.37334 4.56171 5.07388 -7.43195 5.19066 -7.04604 -2.04851 0
5.94373 23.347 15.3603 5.67454 0.423249 7.29688 -3.87462 6.65769 -9.05054 4.3269 0
6.63374 -1.6304 24.2939 4.07486 -9.34665 5.43069 -6.97381 6.90692 -13.6859 -5.81207 0
8.14121 6.03818 3.9544 6.3261 -5.18664 4.95927 -3.66579 5.63903 -12.2228 0.308004 0
6.34624 16.1811 -5.83209 4.86774 2.60191 7.2327 -5.54304 8.80118 -10.0663 -2.14528 0
2.50278 6.61413 8.56504 10.2971 -2.49273 3.18611 -5.13891 4.68216 -7.24745 -8.32788 0
2.62432 0.759848 1.53637 14.2422 -11.0411 2.29647 -6.76511 -4.94302 -12.4348 0.196614 0
7.47419 9.41564 4.46816 8.57634 -7.39363 5.97855 -3.31085 2.83034 -13.3521 0.20655 0
8.13143 16.5008 13.007 7.57504 9.64581 5.81325 -4.98999 6.81278 -8.99067 -5.12303 0
6.87191 11.7416 11.7956 6.5025 -3.22838 4.94903 -4.52075 7.56254 -16.745 4.86905 0
7.24469 13.8847 12.9363 2.78964 -2.13041 3.23789 -3.74136 8.96637 -16.2583 -2.29781 0
7.15291 14.9548 15.9577 6.3475 9.50395 4.04196 -5.92261 7.92942 -1.90219 2.04894 0
10.2025 1.13513 7.07654 11.1174 -6.43875 8.20047 -8.16483 12.0837 -8.58757 -5.92451 0
-2.76049 9.60529 7.01328 9.86144 10.8652 4.53677 -6.87393 13.0595 -9.23681 -0.024301 0
5.05872 -1.81123 5.30622 1.62652 -12.5772 6.64243 -5.06136 9.4441 -3.97768 1.17342 0
4.62807 10.2235 15.1922 4.6805 -2.82957 5.61716 -5.84063 7.04943 -5.04444 7.56146 0
5.97523 2.62347 -1.4985 8.51426 -5.93249 7.05087 -4.29738 10.1582 -1.25296 2.55033 0
6.82199 4.71664 17.233 3.22875 -7.71538 1.41434 -3.5242 6.44675 -9.21994 2.51795 0
3.66086 13.1102 0.0785542 8.18605 -7.12752 7.70085 -6.80064 12.5827 -12.0059 0.99023 0
3.97641 6.61653 -0.915078 7.53147 0.289504 6.85291 -6.81683 10.8303 -12.4926 9.37048 0
5.61633 1.56974 12.9794 -2.34848 1.3294 2.49318 -8.13492 4.29811 -18.6724 2.50565 0
8.8522 21.7102 17.7452 5.19325 1.94532 6.25996 -6.27065 6.49769 -4.44045 -3.51562 0
6.57824 -9.78278 6.83949 4.22181 1.77675 5.17775 -3.60372 5.46721 -11.9599 2.36201 0
9.33473 33.995 8.60329 6.6819 -7.47722 4.69721 -3.05789 9.48025 -2.48731 -1.2164 0
1.58861 7.58282 -9.12688 9.64366 8.19371 10.1041 -4.47629 2.15326 -4.80787 -6.02139 0
12.9968 11.3343 -4.84679 10.6949 4.53088 6.40946 -3.19034 5.45501 -9.16853 -4.45332 0
3.60061 0.4482 12.517 3.29801 -10.9954 5.59539 -2.92398 8.97026 -21.6969 -2.58019 0
4.07095 11.0889 9.39473 10.5531 -3.50507 4.30734 -1.02161 2.84205 -7.09909 6.73447 0
10.4249 -2.55235 0.49439 3.66064 -4.13532 10.5293 -4.63614 5.43987 -9.80024 -2.6206 0
1.39552 8.56128 6.23032 0.913087 -1.60528 10.7257 -5.85505 9.39591 -15.0146 -0.427756 0
0.974242 -2.72742 -4.86024 5.03841 -14.5221 5.97699 -5.52693 0.0690866 5.19604 -7.68675 0
9.11616 7.00852 14.9847 8.17578 -1.25596 3.56575 -6.80165 5.2356 -9.55851 -4.62004 0
3.45603 8.63496 10.9498 0.665052 -3.62448 2.20867 -7.35847 6.37434 -22.0297 -0.0617242 0
7.7064 16.0755 -4.24393 6.56808 -7.66279 4.79881 -4.59173 7.13395 -10.4961 0.988504 0
10.7428 16.4376 11.2803 5.13899 0.284614 5.38443 -7.3348 6.76548 -7.94753 6.751 0
5.96026 19.9569 3.13542 3.66714 8.20569 5.7313 -5.28855 5.51642 -14.102 -1.1095 0
1.61833 5.04634 3.98781 9.65622 8.98368 6.50898 -4.73489 6.45281 -21.7559 2.30484 0
4.09169 9.84015 -6.74307 4.37368 -13.6765 7.41149 -6.693 8.05188 1.83441 -0.368749 0
11.8476 16.4536 8.29284 5.7935 5.03388 7.46484 -6.16946 5.89444 -10.8992 0.109187 0
2.85791 3.07978 -3.30011 4.90929 0.511311 6.9027 -4.78468 3.10664 -9.04605 -0.0191817 0
6.12419 7.82347 10.2889 6.98668 -10.7674 6.02745 -6.09145 3.67007 -17.768 -5.01641 0
6.47883 16.128 8.29531 4.76895 -16.1895 7.20348 -6.00251 4.86407 -3.11217 -6.30629 0
5.98555 11.2873 9.17932 2.83377 -12.3008 5.65276 -3.72901 2.08051 -12.3277 -2.61435 0
0.877402 -2.23198 14.5735 2.4473 -10.8629 3.09792 -5.08739 5.41834 -6.43666 0.113821 0
9.48739 18.3117 -0.0520473 7.87417 -4.49661 5.21198 -4.91342 10.2091 -6.05688 -8.11886 0
8.78919 7.02137 8.38247 7.68938 -7.0811 4.36954 -6.83685 16.731 -15.9536 -4.3548 0
2.93837 18.8702 12.3537 3.10212 6.89591 7.41319 -3.01952 9.93158 -12.1724 -0.126957 0
5.08508 12.2221 -2.83077 8.54104 -2.34081 5.98405 -4.63775 8.15065 -12.5058 9.10291 0
5.79821 7.78735 9.81116 4.23906 -4.94054 4.63921 -4.92984 8.87491 -3.60088 1.25943 0
9.7859 2.38414 7.05396 8.76401 -1.62162 8.01638 -6.12458 7.05024 -8.33489 0.831084 0
7.44214 15.4354 7.12044 7.05447 -16.1204 5.55575 -5.97708 3.76574 -11.8938 0.449683 0
10.958 13.8552 4.86758 3.44874 0.271957 6.36051 -4.50457 6.76972 -15.6556 1.53357 0
5.22561 14.1842 0.0662644 1.56984 -9.64604 5.39201 -6.26057 6.66342 -30.4395 2.48354 0
5.82849 32.0235 1.42579 3.42213 8.40235 7.2099 -5.12833 9.75103 -7.07901 0.159494 0
-2.25582 25.9181 6.95327 7.90734 -10.5853 7.83304 -5.29998 -0.0862752 -11.8155 3.74386 0
4.00921 8.95966 0.531332 6.69697 9.92609 3.66877 -7.42258 6.39504 -10.7409 -0.564694 0
11.9764 19.6396 5.98993 9.24178 -5.62236 3.05036 -4.53791 10.8703 -4.11309 7.05896 0
11.2316 14.7333 -0.943831 7.25065 -9.53789 7.96599 -2.44528 4.29647 -2.1071 -1.33831 0
13.7745 7.27539 16.0042 8.35728 -7.83734 3.7431 -5.618 5.81367 -14.9852 -2.41185 0
5.42829 8.90017 -4.44206 6.55389 -8.96312 7.39598 -6.91196 7.46415 -3.74685 1.28746 0
6.82488 19.4243 8.92235 3.51592 -8.33901 7.01154 -4.71821 6.98852 -10.9101 -4.62252 0
2.94099 15.7495 10.0685 3.43183 -0.455053 9.01279 -4.74765 8.65288 -15.8548 -3.95599 0
6.16924 1.90713 2.5181 10.7172 -3.61735 8.48522 -6.17357 4.81543 -4.06548 -0.684086 0
9.61606 9.53951 1.12227 6.79445 -2.26645 6.28546 -4.52088 4.41899 -12.5728 6.18024 0
4.27257 11.4553 7.38353 1.94808 0.0896395 7.9782 -5.89615 10.3584 -15.6838 -0.587359 0
8.22758 16.1749 4.25912 8.54265 14.0319 9.30358 -5.60837 6.01196 -15.6297 3.8418 0
3.65255 20.0936 8.82859 8.87469 -6.01013 6.99462 -5.47993 10.6168 -14.1451 -3.97027 0
7.16529 -13.9096 10.765 8.34203 -14.0837 5.40487 -4.18506 11.4523 -6.23974 0.296476 0
10.8529 31.273 4.51673 3.74122 -3.13841 6.44516 -5.82161 10.9284 -14.8559 -1.82548 0
8.17957 5.23437 3.83037 1.66023 -2.40566 8.82257 -3.20008 10.2152 -16.9467 -3.75614 0
5.82663 5.95058 8.7979 7.21892 -4.69662 4.99767 -5.31227 10.0941 -5.44822 -4.54072 0
1.30932 10.389 5.30361 4.97465 -6.23338 3.88673 -3.90535 11.473 -15.8777 4.30062 0
3.99629 1.06111 6.15207 14.9866 -7.20907 3.8571 -3.1458 7.70244 -9.90468 -2.82598 0
5.5345 -2.75097 3.41259 0.108275 -0.348543 10.8715 -2.34034 11.683 -13.2144 -7.60175 0
8.02871 7.8717 -1.62114 2.70009 12.6745 6.45034 -5.86574 7.84666 -8.59588 4.37109 0
3.37402 15.609 -0.0166008 2.83085 6.34455 6.43516 -3.03313 10.9041 -9.18487 2.41711 0
14.5381 1.18364 -13.1553 9.55511 1.7563 6.28537 -4.91699 6.65046 -2.85639 -2.12914 0
8.32143 18.0158 14.5231 1.84072 -1.18113 7.87117 -4.60875 4.70037 -12.0022 -7.63668 0
14.8736 24.9025 -9.21415 7.27693 -3.99169 6.72817 -5.43761 4.90841 -10.4832 -2.19442 0
11.9944 12.2658 11.3469 6.80117 1.36912 5.53325 -3.22904 7.0835 -11.3294 -2.47915 0
10.134 2.71485 1.10706 9.14994 -1.66757 3.54741 -2.93411 -0.351247 -13.9175 6.1414 0
2.25093 4.6245 9.50922 8.08428 8.61188 4.26292 -6.01456 8.48188 -7.54013 0.707132 0
3.01051 15.799 12.7705 3.03856 -2.12087 4.99279 -6.79424 10.9535 -15.7364 -2.39301 0
15.2774 1.06406 1.77266 0.861201 -5.66439 7.77856 -3.62585 10.5977 -11.2399 0.0697695 0
5.14556 3.99379 13.3782 4.21567 -11.679 5.05267 -8.33808 6.41503 -5.46189 -7.39752 0
8.64536 4.86276 7.27765 1.1473 4.6328 4.34577 -3.7373 2.39529 -9.40552 -4.68792 0
7.02884 28.1964 18.6336 9.11761 -6.58316 8.08304 -4.6093 7.5152 -8.18388 -1.32892 0
7.15953 4.54238 14.1465 3.88807 -2.48728 3.4981 -3.45547 11.1566 -19.0867 0.955774 0
14.3025 20.9111 12.5462 7.26567 -1.3554 5.7606 -7.04787 8.07966 -18.2042 -2.0247 0
4.19977 0.394256 0.929295 7.00183 -3.66799 10.3284 -4.5339 3.75575 -12.3504 4.90484 0
14.8692 5.27496 11.4665 3.00163 5.46373 6.06726 -5.66175 4.01214 -1.09396 2.01752 0
3.19261 15.1251 10.798 3.17302 -0.274803 6.733 -2.71572 10.8612 -17.7734 8.98479 0
5.36845 -3.58147 6.41286 5.13119 -3.99479 3.16172 -5.77267 3.51968 -17.337 -0.0429946 0
5.85286 10.984 15.0796 7.31542 -7.88341 4.47242 -5.29048 5.09754 -8.62922 -5.77417 0
8.35441 2.82912 -7.18892 3.34151 -5.69028 5.17647 -5.69433 10.1854 -17.7264 -6.97144 0
3.58058 8.03482 10.8906 5.7949 1.19138 6.58276 -8.24906 6.82907 -11.5037 -2.53941 0
4.33685 9.23949 9.10275 10.3111 1.45563 2.5165 -5.35865 8.07026 2.73549 -1.25262 0
3.69177 36.2832 7.86494 4.82282 4.12363 5.40324 -6.1107 7.04582 -21.4049 -4.71625 0
4.42408 2.63827 4.05223 3.55122 -8.68167 4.8538 -4.90455 4.17911 -7.15988 -1.70601 0
11.1424 14.3567 9.83787 3.25789 9.19558 5.27665 -2.56397 7.97399 -9.33846 6.94389 0
6.00793 20.5981 10.4178 11.2026 10.0091 6.99327 -4.59196 8.76975 -17.5669 -0.180988 0
4.62042 22.9493 14.6274 2.4281 -3.36791 5.96907 -5.97676 11.7097 -14.698 0.824951 0
4.64245 7.3055 4.36099 1.34403 -7.69603 6.23572 -6.63247 12.1786 10.9571 -6.0466 0
9.6455 18.6637 17.5591 7.65276 -0.520112 5.53559 -2.3551 10.0646 -13.3937 4.89534 0
7.20056 18.9978 -3.0854 6.17701 -11.6394 9.0956 -5.38179 7.5562 -18.3614 -1.79889 0
7.92156 5.23693 2.32591 1.72935 -13.6489 7.48922 -3.60153 11.391 -12.51 -2.38274 0
5.32218 8.22112 3.81082 12.5389 8.86134 8.81496 -5.10059 15.5902 -14.9721 -2.82943 0
4.66555 17.7972 9.95828 0.661814 -4.46405 3.54261 -4.65905 6.11462 -24.8754 0.832649 0
10.9901 10.8823 -8.30209 11.4882 -6.49575 6.88143 -7.67006 10.128 -12.9816 -1.80816 0
-1.08382 3.67452 8.94765 5.99561 0.155042 -1.6514 -3.69396 9.43139 8.97219 3.56046 1
4.61956 -6.12883 7.9309 6.64595 4.6578 -11.5765 8.80213 15.1603 9.11033 11.4157 1
7.04742 -13.6883 8.79754 1.72793 0.226393 -1.80864 11.983 -3.53777 5.09682 6.95981 1
0.701993 -7.08337 8.96569 4.74655 2.43041 -16.5045 8.94002 6.80029 1.48105 9.47758 1
8.86626 -11.8908 14.6103 17.2791 -3.25002 -21.4213 6.47728 -2.94032 9.45277 6.12658 1
18.9298 -1.60015 3.66489 25.9898 3.64402 -7.98151 1.89284 -3.79785 8.3262 7.41876 1
10.3651 -3.57732 8.39059 8.38192 4.14202 -5.66477 -2.23865 2.91693 5.01949 7.64698 1
6.74447 -9.91922 8.45939 6.60745 3.84162 -5.76217 -1.03151 13.719 9.02078 4.15871 1
8.1045 -11.7549 15.065 16.4464 -3.33758 -13.3351 -0.54274 -3.26781 2.6894 13.1467 1
-6.2132 0.837535 -0.893146 7.93739 0.26678 -2.98815 5.13467 11.0501 4.96321 10.5721 1
2.7403 -1.83014 12.0197 15.7063 -1.46205 -9.98289 15.658 11.0504 5.63526 10.489 1
8.24219 -9.59769 10.1545 0.441349 4.25598 -10.9432 7.22036 11.1232 10.9265 9.38811 1
4.96328 -13.5737 6.74471 10.3691 4.3077 -10.4366 4.43407 8.7875 6.28381 11.3302 1
5.73775 -7.82316 9.06543 11.1943 3.00953 -1.95524 9.25233 -8.10374 5.68491 5.71962 1
4.08597 -3.49821 7.71015 0.238519 0.707014 -18.6406 -3.12133 -0.628392 3.47854 16.5017 1
-1.97801 -8.17076 -1.36158 9.12906 -0.401164 -9.67644 15.6991 4.40492 7.78166 11.2434 1
14.5978 -1.95364 -9.92657 5.03797 -2.2422 -17.9343 2.15191 0.968818 7.13557 5.86421 1
1.64825 4.41407 2.11288 -2.93279 3.4844 -13.019 3.77153 3.28397 7.41419 9.94934 1
7.35897 -21.3984 13.3057 7.07363 -0.731975 -12.3972 9.25239 3.29823 7.8136 10.7213 1
10.7502 -1.38137 0.0939251 5.02716 -0.880356 -5.43678 2.37661 12.7369 9.39127 16.5323 1
4.25904 -13.4028 18.2973 7.25146 0.241782 -4.90367 11.4479 -1.04883 3.91636 14.796 1
-3.63558 -0.228215 16.5702 3.78216 3.63984 -8.01586 5.64589 6.8173 7.13945 11.918 1
1.07196 -18.6025 14.1578 -2.59649 4.80015 -6.72519 6.4821 5.49261 6.40983 9.58231 1
10.4374 -4.4023 13.831 9.64672 2.70112 -13.6671 11.1074 3.00212 7.13016 11.1042 1
0.797858 -17.2999 9.59621 3.22758 2.97189 -3.0734 13.9145 10.8762 6.87472 10.2312 1
16.2614 2.64622 7.33289 6.05379 -2.5199 -2.6276 7.68611 13.5858 7.98713 12.7619 1
-0.924138 1.32104 8.72805 5.65977 5.16034 -2.30701 0.6026 -0.726508 5.7173 1.52875 1
2.32867 -10.1728 11.0779 11.243 0.103477 -8.28626 9.12542 -1.89416 7.10204 5.35564 1
-2.84164 -10.7268 11.5127 12.5465 2.96497 -2.67084 0.633373 13.1503 10.8394 5.13512 1
8.60814 -2.44823 0.29546 16.8915 -1.22047 -8.21858 4.86758 12.4587 4.90373 7.87835 1
9.32361 2.58542 10.9144 6.38676 0.256366 -2.52312 3.14107 -3.23196 7.5361 11.6704 1
1.64129 -15.9383 11.63 2.94991 3.38692 -6.17738 6.79768 -0.722079 4.15996 7.02592 1
10.5709 -19.9046 4.34717 19.3993 5.27469 -9.74956 4.87766 5.6867 9.91287 9.02827 1
0.36365 -23.4643 7.68528 6.58729 0.792037 -2.60723 5.98563 13.258 8.65656 10.777 1
6.25783 -1.355 4.60168 11.9922 2.57102 -3.47896 2.88699 0.481574 10.1406 11.2756 1
6.89577 0.0809933 9.12771 8.40915 4.27895 -12.8253 7.19628 -0.735381 4.7569 6.82519 1
9.81776 -11.789 14.1263 3.17529 1.29457 1.43319 10.6084 1.33945 5.16433 10.1907 1
5.99008 -8.29125 1.25682 15.8716 -0.482713 -4.25546 10.7292 3.98403 6.90417 9.6189 1
5.2123 -16.2367 5.45834 -4.64051 4.21955 -15.8854 16.0798 0.666914 3.96662 12.3285 1
-0.758936 -6.24318 6.07903 13.1835 3.25279 -4.52864 14.0749 11.6127 5.59349 9.37939 1
9.79225 2.97562 14.3281 23.2424 3.43076 -5.05256 9.17448 -4.89541 3.71949 2.83478 1
7.93314 0.422626 18.6836 18.6159 2.04596 -11.6573 12.1394 9.09426 5.85994 6.43743 1
12.8968 -2.94392 13.9239 2.78868 -1.50009 -2.38802 8.54926 -1.03277 3.63456 13.0972 1
7.72698 -6.43897 5.71115 18.5817 2.54821 -0.576354 5.94134 5.35754 4.71933 5.7847 1
-0.150184 -12.3961 1.66005 1.12237 2.11124 -6.22186 1.01116 2.02884 8.45402 9.68335 1
2.20293 -10.2654 16.2606 -0.493781 1.03121 6.10798 12.0075 9.84005 5.12621 13.0434 1
10.249 -13.9152 5.33115 12.2503 1.38691 -7.62507 9.06531 18.083 7.54516 15.7827 1
7.59413 4.88858 14.65 5.46679 2.60971 -12.8487 11.0967 12.1186 7.21449 9.71365 1
2.78021 2.53792 13.7175 12.6684 -0.324519 7.24417 3.11921 7.36669 4.25176 9.31345 1
8.70078 -19.5908 16.5153 0.771912 2.75434 3.89198 -0.476362 7.41712 9.70902 8.83368 1
7.25176 -2.62479 12.5108 7.60641 0.63796 -5.9906 7.56702 9.83123 1.89945 10.5391 1
2.96123 -19.4467 11.2993 10.6443 2.47114 3.52255 15.7818 3.64951 10.4452 5.45946 1
10.0488 0.594373 18.1187 7.45016 3.53305 -4.25838 10.3496 4.50296 7.12245 12.3069 1
10.5125 1.76101 16.9721 -4.86343 5.20334 -13.5509 5.32969 7.70802 4.64578 11.1236 1
9.67299 -11.7946 8.06587 13.4707 -1.80957 -3.42606 -0.218216 14.2824 10.5349 7.78918 1
3.20794 -15.0556 2.65016 -6.28125 0.0896425 -15.8128 7.70907 6.92381 5.4942 7.5895 1
2.04877 -7.50298 2.31661 9.23774 5.26147 -4.17229 6.64621 2.98409 4.81545 13.6515 1
17.4488 -3.06 6.79525 13.2791 3.71629 -13.762 9.49236 12.2623 5.91382 12.0923 1
7.18915 -19.7094 13.6859 19.7686 -0.96465 14.1288 3.90138 -0.0552443 7.45605 5.31681 1
17.2407 -3.54657 5.704 14.2176 -3.51382 -12.5781 1.98185 9.07166 8.06955 7.91355 1
2.18114 -5.67391 5.55368 2.2261 0.530077 -12.063 -9.11808 -1.48545 11.3166 9.19216 1
8.094 -1.99605 13.2046 6.40577 2.36021 1.40838 12.6426 6.14101 3.23695 8.45202 1
11.5733 -3.41728 0.742473 1.61495 3.34186 -9.72594 9.61236 8.32229 9.02438 7.69399 1
10.2788 -4.95248 9.11683 7.25765 -1.19696 -11.1539 6.53131 0.367355 9.23193 13.9938 1
15.0686 -16.0381 6.71303 10.6822 1.48377 -6.82742 6.52758 5.51631 8.32563 12.323 1
5.60231 0.0230317 16.9941 7.95399 3.4889 -0.815975 13.4098 11.0423 5.73347 12.7168 1
13.9088 -16.8354 10.5356 17.3521 6.94031 4.79987 6.35029 5.4703 6.83824 6.29474 1
12.6717 5.34475 8.01203 17.269 2.53745 -5.17959 -7.74116 1.16365 5.35775 8.29261 1
9.01141 -14.9148 6.33432 7.18068 3.00949 -0.282771 11.2896 6.61562 3.50799 12.3019 1
5.26366 -3.79325 2.08323 13.3439 2.06154 -9.25896 6.14499 16.5737 10.1167 8.00191 1
4.91785 -1.02814 16.56 0.353986 1.81076 -2.74811 -2.24815 1.67592 4.01187 14.4536 1
9.4642 -2.33476 11.3566 4.6372 1.82112 -12.7647 0.698882 -0.24763 5.33635 10.0676 1
0.548401 -5.00213 0.721033 4.30331 1.55992 -15.3479 -3.01753 -2.3989 3.92193 10.4906 1
7.00289 1.38944 7.21496 8.12512 1.05735 -6.5383 2.3006 12.5608 7.26658 13.5106 1
4.5112 -6.99442 -0.679282 5.69054 4.46068 -13.0646 -1.0728 7.57223 9.79382 7.57157 1
10.5513 3.77896 5.69969 12.46 2.59187 0.791077 6.54171 12.1238 7.16359 14.38 1
8.92401 -3.18207 -3.67009 4.97422 -2.80425 -8.69753 10.6258 13.3875 6.07506 7.96191 1
7.43986 -14.9292 3.50848 5.97708 6.20933 -8.04987 4.32032 6.84025 6.753 12.1878 1
0.931927 -13.2464 12.1959 4.10668 3.9176 -17.1245 20.8969 20.7462 3.72417 8.24679 1
5.69179 -11.2336 12.2633 -5.6665 -0.228925 -14.0729 10.2239 15.8401 9.92126 9.19851 1
6.10406 -2.04029 16.9225 10.6614 6.09734 -14.4745 2.13684 -3.43701 8.68789 13.0103 1
4.86774 -12.0433 8.06948 0.56674 6.76561 -0.730909 -3.81141 2.18568 7.63954 10.6598 1
-0.610831 4.65148 16.8704 6.96165 4.10961 -3.99384 11.6407 14.9047 8.0601 11.4132 1
12.3307 -6.70367 12.3207 10.0134 1.31288 -8.06337 12.7435 11.4362 2.66773 13.4579 1
-2.03689 4.28147 13.0015 14.2397 -2.35217 -0.0788929 0.467056 13.9408 4.07022 13.5929 1
9.91514 6.81784 3.59718 14.4428 1.62639 -3.64731 -0.33387 2.31018 9.62718 7.98815 1
8.3566 -2.83346 11.4087 12.755 3.01325 -17.9824 4.17342 5.79902 5.97216 9.85791 1
13.1962 -5.75017 12.526 8.99684 -0.0245116 13.6918 7.64697 0.179727 9.07191 12.8831 1
1.76119 -8.00816 16.6747 20.1884 3.07613 -1.80586 17.0053 3.63555 8.62161 10.9008 1
2.34657 -3.88308 -2.81314 0.946099 3.7286 -6.08541 4.70716 12.1448 2.75878 9.04459 1
2.83138 -1.17243 0.917003 14.3622 1.3828 -12.8857 -3.35866 14.7002 5.8031 2.24676 1
15.3284 -4.42566 -3.14119 13.5007 1.41782 -7.00812 -1.21714 -9.67523 7.89816 10.6199 1
9.01317 9.82296 15.9502 26.9413 3.84626 -1.60399 7.25022 14.3993 5.60487 17.2192 1
8.78554 4.22944 14.9234 18.9557 1.17797 -9.00476 2.78 13.6216 4.79858 7.64743 1
6.96321 3.02711 11.6937 13.1493 3.11126 -16.1049 1.96702 10.5294 8.62858 9.17333 1
-2.33917 -0.591373 11.435 15.359 0.598119 -3.00995 6.04737 12.6762 7.97237 16.9111 1
16.2407 -5.39232 6.58626 13.0901 7.24834 -11.4781 16.0873 7.52939 6.0405 11.1767 1
8.91286 -9.56865 13.609 8.27467 -0.969005 4.17033 10.7661 14.3179 6.03874 9.16087 1
5.71846 -5.52558 16.1189 9.86083 0.27116 -8.02398 17.7149 7.10613 4.9687 7.31026 1
12.5425 10.3987 10.6898 0.841347 1.09497 -21.3205 10.8331 7.62727 3.40611 10.2944 1
6.43824 -9.80114 12.6237 9.77651 -0.0218803 -14.1321 10.128 8.78937 6.59661 9.16411 1
9.71397 -6.62423 9.03383 -0.304869 3.40128 -7.59227 0.972725 -3.27932 8.61298 9.78243 1
4.0714 -15.2042 4.62786 13.3665 -3.07119 -17.3405 15.488 -4.92979 4.18883 17.6348 1
10.3655 -3.31036 -0.043785 2.95889 4.70502 2.22397 2.87236 -3.82571 5.04814 10.6033 1
9.64872 -15.381 7.36899 2.38039 2.46454 2.79491 8.56706 -2.04509 7.99695 3.72118 1
18.4583 -17.6123 -2.3857 14.0687 2.98329 -3.88592 13.2266 18.8372 5.34585 19.2002 1
1.91227 -18.0809 21.0496 16.9038 2.23876 -8.7879 9.60869 -5.30101 8.96309 4.81744 1
5.4694 -2.83594 21.3366 10.7723 1.51971 -7.96984 9.17191 7.38266 7.88852 6.98176 1
1.29675 -1.8105 9.24245 16.1542 3.91611 -20.7157 9.71811 15.9986 5.76738 14.3852 1
7.58753 -1.95723 20.4294 14.9091 1.71664 -19.8697 7.52201 7.90636 4.32111 10.9973 1
15.3645 -2.86625 4.64911 12.7341 -1.96036 -9.20981 10.5523 2.21998 8.2802 11.3014 1
0.613261 -11.5809 5.9701 -0.0846592 1.97544 -9.44832 2.05687 -4.68577 5.99631 4.24265 1
2.84961 0.750717 12.9337 11.2279 1.77604 -0.852771 3.00354 -0.840427 7.54511 8.63287 1
0.801056 -8.39016 22.1313 13.074 1.76427 -5.52087 3.83288 -8.28304 6.1272 10.1828 1
14.2518 -6.2268 9.77528 -3.74698 -2.55162 -3.59058 13.6274 1.57495 6.459 10.0821 1
4.76501 -14.6658 8.73721 16.6925 7.53636 -4.77748 0.918511 6.61748 5.6132 7.64129 1
7.84514 3.2718 7.04689 8.62345 5.05847 -9.59378 9.21764 13.9362 8.85198 10.4487 1
4.26996 3.70685 8.20643 12.2935 7.74131 -5.46563 13.8003 11.886 9.236 4.90354 1
10.7848 -0.491033 6.60093 11.9046 3.66467 -8.36391 5.6104 2.88272 9.22073 8.71043 1
3.33324 -13.9775 7.97945 13.9861 5.49664 -5.03021 13.7446 8.0032 4.67525 10.0758 1
9.88275 -6.21283 7.63227 13.2117 0.17511 -1.19179 14.2123 6.38358 2.74886 10.5266 1
-4.33769 0.0534391 4.71695 12.1116 -0.917588 -1.74276 8.98315 7.97843 8.85613 14.7955 1
11.3977 -11.7206 8.21291 -0.951465 0.14742 0.157461 11.828 0.291166 4.78555 7.45825 1
2.93031 -5.57902 13.7525 1.1798 -0.434457 -7.11252 7.86237 6.55148 5.43312 13.7805 1
7.75145 -12.8147 0.464616 11.7812 -0.528809 -5.59014 -1.44885 -9.4031 3.22716 9.9879 1
-0.513577 -4.17902 0.697031 4.2616 0.337167 1.79661 10.0752 -6.43559 5.82849 10.5359 1
-2.50268 15.4929 10.6016 5.53503 4.17458 -21.2625 0.749983 6.40401 6.64433 16.3721 1
12.3284 -18.4673 8.15032 12.3448 3.02213 -6.93566 -3.30014 2.47359 5.07552 10.4401 1
11.6554 0.017814 11.4861 20.1329 0.181929 8.94194 1.2966 -0.954956 6.09856 11.3665 1
13.4494 1.98895 1.63562 11.2484 -0.388283 -6.16239 8.21883 -8.05166 6.99319 6.60157 1
3.5822 -2.95452 11.0386 10.5279 1.04773 -10.4177 16.6674 2.2205 6.59891 11.3689 1
13.2595 -3.16326 5.42386 20.4108 3.13548 -2.01235 -1.17417 -7.3097 3.22242 14.1046 1
15.3024 -3.75477 10.2024 6.61423 0.409889 2.09814 4.20951 1.79164 6.74664 6.6905 1
6.27929 -1.88801 13.8333 10.5265 1.92254 3.58468 2.99217 4.52746 5.012 12.5855 1
14.7266 -8.06012 8.76743 14.5296 -0.169755 -5.13527 7.42921 -8.92142 6.84945 11.0895 1
7.91846 -0.124551 9.2029 15.2342 5.54061 -1.73478 15.4735 -11.7695 7.41586 11.3677 1
8.44385 -5.87622 18.7253 -2.44718 2.65981 -10.8408 16.6333 10.4915 3.32229 12.1393 1
4.37823 -17.2413 11.3565 13.1553 -1.82443 -2.80937 1.98123 -2.37463 7.53068 11.2267 1
-2.55298 -13.9546 10.9268 19.6258 0.360252 -13.386 1.77579 -4.93692 5.52344 13.4357 1
3.34553 -9.25191 7.68779 7.07372 1.44116 -9.70818 13.8002 4.93741 6.11712 3.14611 1
8.67164 -5.72694 11.8681 5.9045 4.39735 -19.7171 8.66697 7.06454 4.10305 9.46223 1
1.1562 -5.77862 15.474 8.90025 1.43659 -17.9615 17.4646 21.0817 6.21586 9.18274 1
3.52161 2.15374 4.08709 13.4836 -0.285585 10.4457 -1.53727 -3.76059 7.85112 14.0649 1
8.16351 1.04161 7.02665 23.7284 2.79038 -1.51135 6.92979 10.4998 9.79557 13.7232 1
2.38569 -10.859 13.6006 10.4983 -0.816936 -5.4846 7.20239 3.10634 5.9003 9.50577 1
13.1342 -23.2115 10.0655 12.7758 1.14521 -12.8702 11.3376 6.45386 5.68791 11.4611 1
6.69988 -9.82562 8.44014 -1.14339 3.53285 -13.0791 9.87736 -1.55452 3.44471 9.61381 1
7.11594 3.11595 3.41745 18.1328 3.89843 -3.17816 -2.10637 5.6186 5.64338 12.8907 1
10.8564 -8.93299 21.4808 9.11088 2.13504 -20.581 0.631165 9.70277 4.40968 13.3239 1
-3.29305 -8.79151 15.1516 3.32686 3.2476 -11.7527 11.8216 1.42283 7.46923 3.76432 1
12.194 -32.9969 10.0438 6.98504 0.643618 -2.56672 -0.525964 -5.88331 8.53408 11.9734 1
5.93728 -17.3441 11.4026 3.41224 1.37775 4.44294 3.22466 -10.1966 6.13649 15.0231 1
-13.1951 -2.15555 10.6476 18.797 2.41947 -8.89158 4.2854 9.18717 9.15383 11.7082 1
-1.07146 -1.3771 18.8648 5.58276 4.86025 -4.03536 3.47539 8.26141 9.2131 8.43279 1
3.85147 -11.1083 9.19403 6.76001 4.65224 1.70783 -4.32756 -13.1894 6.54863 12.8265 1
7.44193 -4.97964 10.1538 15.9438 0.682356 -0.759203 3.96389 14.8498 9.12893 6.65052 1
-3.00661 -10.6722 3.94309 3.62602 2.37601 -5.32598 15.7695 -1.3939 5.93315 9.65329 1
0.759837 -10.8691 8.54565 -9.35091 0.578058 -6.24694 5.38483 3.39864 5.99546 8.62503 1
7.62251 -5.15591 19.1595 14.0994 2.74867 -16.0268 14.7848 5.55429 2.18558 10.9688 1
-0.0763284 7.46593 5.54785 8.80583 0.689578 -9.52749 3.78851 0.135701 2.93421 7.869 1
8.3411 -21.2862 10.8937 5.54731 -0.642373 -15.709 -1.53727 8.59851 5.71191 10.5889 1
3.49448 -15.5966 10.7129 8.49932 1.93675 -0.49069 1.61883 17.3441 6.6443 15.2244 1
5.97577 -10.6775 19.422 12.0755 2.93024 -14.2124 9.15667 1.63818 4.25035 11.8112 1
9.27695 -5.86817 5.84462 3.01364 2.99268 -14.1629 11.8198 15.0886 6.44839 13.8539 1
-1.16654 -13.405 11.9821 13.2187 4.00669 -16.1514 6.21755 -1.73467 10.5748 14.2687 1
-0.802024 -7.0376 1.19381 -1.66332 -1.77303 -7.40584 6.54997 10.8215 6.65168 5.48711 1
2.00691 -11.6631 23.0295 16.0831 2.83457 -6.87635 8.76728 6.73477 2.15383 8.70439 1
7.92381 -12.4165 10.764 -11.849 -0.249844 -14.9131 2.8789 -3.30301 4.90761 9.12075 1
9.6696 -3.9571 15.2832 11.8 -3.20085 -8.07131 1.38029 -5.86938 1.38841 6.32065 1
11.8069 2.86759 8.43437 2.43396 3.03802 -22.1751 0.819418 9.0191 8.9907 11.2162 1
-1.2018 -17.7879 4.40783 11.5327 3.65294 9.61213 -0.107505 -3.0856 6.17905 8.4679 1
6.77223 -7.44748 11.7459 15.1099 1.06202 -0.360943 4.84733 -2.24463 8.06594 5.93718 1
5.89729 -14.4807 -0.681243 8.56045 -4.19236 -15.9999 5.75809 8.66993 5.63739 7.43357 1
14.6612 0.425864 4.528 16.2169 4.77865 -3.7452 11.3367 -2.43921 4.5351 16.4561 1
10.5077 -7.47762 -0.163438 22.2806 4.60171 2.58587 1.94496 2.51017 9.41763 11.0786 1
0.744829 1.885 3.42422 9.24401 4.43294 -9.74032 0.875265 12.1117 9.86054 11.9011 1
11.1529 -16.7291 16.1341 16.3129 2.03747 -6.54732 2.8552 6.89153 6.07048 9.80164 1
7.39419 -9.26167 16.7417 17.1463 2.77705 -0.0625672 5.86647 2.878 2.8931 14.392 1
6.51607 11.0552 7.03011 12.2601 2.11102 -9.76444 -1.76584 9.69276 8.40915 13.2738 1
12.9643 0.535611 -4.3422 15.9865 -1.73832 -18.2812 4.22703 -3.09039 4.25911 8.82503 1
7.93126 -5.96893 4.66759 14.8723 2.21853 -26.0754 8.86576 -7.31218 6.21605 10.8279 1
-2.60433 -19.5764 10.8084 16.4428 -0.374916 10.4468 20.3853 -1.79847 4.85501 16.7314 1
6.53336 -4.3357 7.82688 1.27796 0.76461 -17.5112 0.784769 -1.74011 6.91039 8.52337 1
13.6019 -1.70894 13.6776 13.2457 0.990776 -23.3545 16.1263 18.929 9.34222 6.63589 1
5.49226 -2.87328 13.0233 -2.27682 1.66404 -17.5754 10.5031 3.78163 8.58764 11.6914 1
0.822566 -6.80443 8.39471 -0.280498 -3.25862 -17.9239 10.8983 -4.61277 5.35114 7.37211 1
8.49082 -13.3346 11.7283 17.2955 0.868963 -5.7927 3.03387 6.54355 5.15447 12.3287 1
3.1516 -16.2429 12.3445 11.9484 1.0281 -11.5506 -4.74162 4.83054 10.0265 8.14982 1
2.08797 -12.2847 1.7865 -6.39267 0.382576 -2.37627 -1.33476 3.95553 8.97023 16.471 1
12.4796 5.83556 8.71463 -0.260012 4.52061 -9.613 6.51892 6.63878 4.35567 11.1293 1
-2.18158 -1.00496 3.23479 14.0022 2.41759 -4.87823 2.76437 0.902752 3.15655 9.78786 1
6.67183 -4.72605 6.70191 19.0634 5.06719 -23.3307 20.5483 24.3049 5.86978 12.7862 1
15.6055 -5.98411 20.2076 17.7251 1.81443 -1.1147 10.7707 -8.99494 6.70889 8.25675 1
2.76172 -11.4088 -6.15324 -0.685507 -1.22688 -11.553 -0.791359 13.5032 3.86314 5.728 1
5.94182 4.58095 1.43714 16.8782 1.30723 -13.6554 -7.5218 12.9393 6.15905 17.9414 1
12.0546 -8.94924 12.2698 6.81954 2.73969 -7.63944 8.54053 -2.2823 9.12291 14.053 1
-1.284 -20.9811 16.3602 -0.736132 3.38505 -7.74615 -4.80557 -2.2337 7.44326 8.65001 1
5.11747 3.49346 12.9906 7.30041 1.39914 -3.83628 -1.26488 10.1944 2.23706 10.2903 1
0.559037 -3.12847 15.2483 15.6367 2.15769 -1.45684 20.852 -0.262302 3.77566 11.2391 1
9.27056 -17.3572 15.7301 23.4642 0.309156 -11.6046 1.16292 -4.80533 6.80601 12.1306 1
2.43043 -2.7529 23.1909 1.02129 1.06558 -7.22996 5.95765 -13.5213 7.99786 6.35456 1
4.47414 2.32018 9.93053 11.7832 2.90696 -9.55068 12.7229 -12.2545 6.44261 14.7638 1
5.03927 7.11012 20.4865 19.1054 0.904087 -10.6634 -10.5311 6.15314 8.19774 15.5342 1
-0.169773 -2.38441 10.3245 9.85429 -0.506606 -7.98931 8.82892 7.17628 6.00881 4.4265 1
11.1848 -9.02016 8.31818 14.446 2.5303 -11.6406 0.843821 12.1144 9.38858 8.10224 1
1.98545 -7.36096 6.58677 12.1718 6.14779 -1.58238 19.8449 -9.89005 4.11776 8.0024 1
5.48115 -11.2725 0.944601 6.28538 1.92546 2.48488 14.6425 1.38118 1.55636 9.9873 1
6.62589 -1.84744 8.54038 2.6701 3.65059 -9.75875 0.344105 18.863 8.30302 12.4234 1
5.60724 -12.3528 6.99134 -2.99962 4.4843 -1.67808 11.8224 22.2821 5.07173 9.97885 1
9.56055 8.32951 6.4275 3.24218 4.96951 -7.99403 7.26064 3.417 4.97205 8.5811 1
-3.47257 -10.6406 9.32965 14.9427 -1.8837 -4.66173 15.8163 13.4768 8.78346 6.88123 1
4.87155 -14.5128 14.0776 13.1096 -1.99302 0.0659733 10.8577 -0.685944 5.248 7.61427 1
-1.97741 -21.7231 13.6615 17.1771 6.92279 -17.2056 0.153162 -11.0404 7.05689 12.4468 1
1.48842 -11.1592 11.3492 14.5489 -0.0827239 4.25416 16.2315 6.131 4.25159 4.27058 1
3.20305 -14.3305 -0.354362 7.0734 5.32765 -6.99652 5.21155 9.1093 8.57379 11.361 1
16.3212 -4.62944 11.6998 2.18538 -1.00773 -7.859 6.48486 10.1656 4.88332 10.9232 1
-1.17028 -12.3101 10.497 -0.130571 6.14055 2.8365 16.4517 1.3686 2.32229 5.13373 1
1.68019 6.72665 6.34677 7.35066 3.79579 -15.3823 0.592937 11.6163 6.60404 7.28295 1
3.04248 -2.91695 2.38623 11.4121 -1.13896 5.99094 12.6591 1.87959 8.42534 15.1317 1
10.746 -6.03161 1.78704 4.97875 2.44044 -15.2988 -4.76503 -6.43063 6.75655 11.8793 1
-6.58003 -17.575 6.09708 16.8305 0.0603258 -0.860986 14.618 7.01072 3.97856 9.90964 1
3.78097 -5.77792 9.60727 10.0411 -1.1637 -15.7022 3.94659 3.91211 7.12782 10.7029 1
9.70406 1.17252 21.3306 22.212 2.23265 -5.76698 -5.39768 3.38646 6.4786 8.76678 1
4.80193 -0.865828 11.9454 11.4252 0.710633 -4.57596 9.47202 6.81659 5.89626 11.3237 1
12.759 -6.61246 12.6902 13.2559 -1.62033 -2.34554 9.65653 -2.00171 8.00612 13.4322 1
4.5319 -6.16752 8.33091 9.27298 1.36325 -1.88196 11.2398 10.9859 7.12009 15.7663 1
15.1867 -2.17711 21.4948 16.8795 -1.43291 -9.85674 19.8279 20.5705 6.8473 12.2278 1
8.15537 -6.57814 7.57058 16.875 1.93085 0.532106 2.27625 -0.0290756 7.71029 10.5246 1
14.2153 -0.649882 1.33799 3.61557 0.322941 -5.36011 6.30311 -6.4787 7.46012 12.6395 1
6.81167 -4.04276 2.01109 8.78845 -0.632368 -4.78282 6.9444 -10.1258 4.56922 10.2344 1
11.146 -8.73292 -0.612979 4.55734 0.926137 -1.28072 7.83707 -0.229178 8.23042 7.63785 1
10.7599 -5.5459 16.6544 2.03134 -2.06506 -2.49609 7.86182 -1.63274 6.9785 9.25091 1
2.99513 -3.99517 2.22966 19.1531 -0.343761 -6.60387 7.79457 18.8857 5.26503 9.4553 1
-2.30372 -10.3488 -3.7697 -0.456287 5.38655 -1.81686 -3.07686 -10.6669 7.80863 11.3496 1
14.2311 -23.4685 -0.577445 16.7499 1.69416 -3.56965 6.126 11.6976 7.81214 13.0469 1
22.2367 -5.44588 -5.55045 5.13574 3.35632 -10.089 8.14448 9.61389 10.3668 14.0955 1
-4.08392 -3.16063 11.2186 17.6599 -1.8821 -11.9355 24.5485 -0.775771 9.25924 15.4398 1
4.98837 -17.2019 -4.13987 8.68803 4.55461 -9.83435 0.259571 13.0992 5.8152 7.39289 1
18.1744 -13.2986 11.3205 14.7975 2.79888 10.2202 14.9992 -9.35817 5.79715 9.04112 1
3.32996 -2.40967 15.2687 -4.35819 0.267376 -24.9499 1.49385 16.6792 5.13483 11.265 1
7.62521 -0.952762 7.01392 9.61936 -1.41203 -11.4233 7.86882 -8.39233 7.74031 11.3059 1
4.06746 6.32638 10.1472 11.2831 3.313 -20.3255 1.26862 6.11881 4.30933 14.0469 1
1.96585 -11.558 13.0239 10.2629 1.27953 4.39161 2.7921 -7.52259 7.30775 10.0898 1
-1.91316 -4.85812 14.566 11.7754 5.78256 -23.0765 12.0489 6.89855 3.32531 16.7624 1
5.45305 -8.33544 0.241389 5.4006 4.5684 -10.6149 11.2013 -2.07648 7.01758 8.13116 1
2.01242 -6.72929 11.1999 1.44251 -0.865036 -5.72353 6.66738 9.61157 10.5601 16.23 1
5.6433 -16.7244 -0.333495 10.7169 -0.43115 -1.69814 -2.7807 13.4706 8.08641 6.35349 1
4.99943 -15.1645 20.4327 15.9304 4.57616 3.53585 5.15761 -1.1749 8.52575 9.14224 1
12.7169 -7.01902 14.1597 -1.15337 -1.0114 6.66418 5.84301 11.165 4.85485 12.6085 1
1.16995 10.0077 15.0001 8.56923 0.77361 -7.98131 7.35058 6.21038 5.01357 8.83274 1
8.77504 -1.71476 2.06089 26.8617 2.04773 -27.546 13.5397 -9.56049 5.32986 7.64482 1
-1.00316 -8.52861 12.4777 8.15044 0.300342 -12.1789 7.99516 10.8635 8.69287 8.66859 1
-3.70448 -15.3457 2.78691 19.452 7.64974 5.68256 2.79418 14.2524 7.86383 9.04609 1
7.36541 5.02508 9.92297 12.0447 0.363536 0.428047 -1.49778 5.40826 6.31352 10.5769 1
3.51563 -0.506532 14.7677 6.54517 4.8244 7.71002 6.89929 3.20045 5.69952 5.87015 1
5.11692 0.0918746 15.1687 8.16029 -0.84937 -20.8802 0.138031 7.84854 7.60749 7.41287 1
-4.12962 -4.69738 7.6625 9.21245 2.01975 -0.368851 10.0335 3.98544 6.8093 9.33019 1
-1.43392 -10.2648 20.3334 9.37002 6.4132 -1.04094 11.9977 7.03081 9.88968 10.1219 1
6.66971 -1.12832 -2.90803 2.40109 3.23581 -15.3548 -7.00562 14.7614 7.67894 11.4866 1
13.7958 -5.14513 15.6037 15.6681 0.412559 -11.2394 2.64855 15.6225 4.67127 4.25462 1
5.36595 -8.80304 6.43548 0.352723 0.998374 -1.19795 -3.0335 6.83065 3.89848 15.0896 1
-5.59952 5.86788 9.64136 9.19619 1.09466 0.303467 6.49366 11.3052 4.64589 10.0615 1
3.17995 6.77999 -4.10949 6.53828 2.97677 -4.57191 11.6909 14.1075 2.2873 4.17067 1
3.93547 -10.544 -4.0178 9.99906 0.395292 -6.9559 13.0228 0.130503 2.59376 11.5845 1
7.99092 -3.01323 16.1807 10.6137 2.46086 -5.98841 8.03804 13.7096 8.49502 9.50253 1
5.26755 -7.07265 18.3784 5.65385 4.9102 -7.65985 6.02837 -6.4268 5.71263 8.49657 1
9.97003 -8.77074 12.945 7.42267 6.32738 7.64365 -7.84082 -4.16093 7.16961 8.28244 1
4.89503 0.346887 8.23927 17.4695 0.678515 -9.0005 6.38145 10.1797 5.83883 4.66566 1
1.87982 -17.1156 14.3764 15.7646 -4.65128 -21.6915 3.4104 -1.71344 6.64566 8.8184 1
-1.02588 -2.94812 15.3235 6.84206 7.99118 -3.8999 13.3023 1.42188 6.76004 12.1001 1
11.2958 -6.76019 11.3484 13.4094 -1.36336 -4.71288 3.23341 -0.0673822 6.57119 6.62649 1
4.99731 -8.07098 5.00089 -5.20546 -2.02945 -1.45742 2.58316 6.466 9.87846 11.4355 1
2.50364 -4.95693 17.4596 12.8162 1.40993 -21.8219 14.3429 2.89474 7.29938 6.93248 1
-2.4849 -17.1677 6.14413 15.634 1.01368 -11.3086 2.36284 12.4423 4.06919 6.99913 1
4.77682 15.072 16.449 12.8865 1.74746 3.69375 12.5001 3.71986 6.9924 7.972 1
1.66762 -7.04982 2.46397 13.873 2.20174 -13.0733 5.97973 2.57294 6.74025 10.5536 1
8.8815 -1.72661 9.5597 7.2683 2.48004 -13.3936 -0.871993 14.6532 9.9637 5.5323 1
11.7584 -14.9974 16.6676 10.1513 1.06182 -8.61717 8.69043 9.1709 6.25607 15.5721 1
-4.4018 -3.22891 -6.95251 -8.41478 2.66065 -4.89695 1.91942 -0.0709232 -5.08651 -0.163477 2
-6.83118 -7.09286 6.95732 -15.3795 5.7204 -3.18242 0.927396 -1.44575 -5.03921 2.77191 2
-8.2811 -7.57411 0.246554 -1.40037 10.3495 0.229806 1.81178 0.826664 -4.73455 3.3257 2
-1.40204 -3.50099 13.1367 -13.3608 5.56198 1.78972 5.98708 -6.77667 -7.18564 5.5067 2
-4.21996 -5.33063 7.07914 -15.2417 8.85113 -4.21175 1.92858 -1.89032 -6.44434 0.307569 2
-4.70822 -4.81853 3.67812 -6.16483 8.59656 -1.93775 0.0107397 2.73379 -4.2099 2.38536 2
-8.34662 -6.9326 -1.84576 -4.0085 13.8923 -1.49874 4.49666 5.07006 -2.63711 1.8739 2
-7.23504 -6.14938 -5.4495 -2.95937 9.99122 0.865925 -1.52026 -1.03516 3.16157 0.218449 2
-2.03433 -5.32044 -3.81383 5.67288 13.2788 -2.21228 6.52474 1.93779 0.00179356 3.54975 2
-4.57585 -5.73552 -2.13937 -8.14896 4.04365 1.30587 3.61165 3.34461 -2.40633 2.87896 2
-5.70414 -7.79547 6.3769 -16.0104 7.48208 -0.752316 2.65357 1.682 -5.04351 3.52259 2
-2.71434 -6.79696 17.1281 -6.89334 10.5638 0.3504 4.45606 1.37069 -6.36342 5.57091 2
-5.29313 -7.86162 2.3379 -7.10321 4.66018 -7.02235 -0.406819 4.74135 0.269367 2.95638 2
-3.49731 -5.7426 -8.97772 5.25662 12.6675 -0.247603 0.568173 -5.41951 -7.86234 2.33516 2
-4.5741 -6.16834 -2.43259 2.26967 10.9756 -1.77882 2.51946 2.59543 -6.92793 2.26472 2
-1.8331 -5.87798 -2.44434 -14.0709 5.17619 -3.51057 0.59952 1.9688 -8.68882 7.02437 2
-3.37887 -2.9189 10.9334 -14.6666 8.85206 -4.02766 0.983266 6.93247 -2.90181 1.81701 2
-3.13773 -5.76454 1.76022 -1.53637 8.46982 -1.40639 3.90412 -3.41273 -2.53962 6.68933 2
-6.2201 -5.28208 3.59025 -20.7492 2.77101 -1.68201 4.51008 0.0270197 -2.79841 3.21676 2
-1.7157 -2.89394 -6.09648 -18.2445 9.63179 -4.62635 4.28425 3.46393 -5.30352 1.37274 2
-3.59494 -7.69676 1.21009 -5.97623 10.4504 -3.81172 4.16804 -3.6565 -5.52075 4.06258 2
-0.953173 -5.3198 -7.56048 -2.54299 7.30832 1.23643 2.68189 -8.38223 -4.15837 2.58359 2
-8.03392 -5.003 10.6032 -3.58014 6.76872 -3.21392 2.97556 7.63854 -8.94515 2.83076 2
-2.14537 -4.6358 7.82383 -6.91224 7.97565 -0.594343 1.03885 3.42768 -3.49907 4.0192 2
-4.40551 -6.65552 -5.86488 -11.7306 6.34893 1.49891 5.40401 13.3432 -0.634266 6.71143 2
-3.98723 -8.00042 -6.44749 -8.11025 11.0291 0.244424 2.0949 1.12439 0.858613 5.20673 2
-6.80175 -6.9265 -8.96977 10.8917 11.4137 -3.486 3.28238 -4.73786 -5.52205 1.8985 2
-5.75017 -5.69791 9.43443 -12.809 6.2394 -5.85845 2.5622 15.1915 -3.30559 0.338495 2
-0.305343 -6.69457 0.837795 -5.44652 16.0593 -5.99256 0.691939 0.772662 -1.84229 5.19421 2
-3.91283 -6.4136 18.0808 -9.29663 7.58276 -2.51223 4.11822 -5.37575 -7.92274 2.34854 2
-5.14445 -4.62229 0.749857 -7.50537 3.21168 -0.198874 2.83514 -4.1216 -3.76447 1.85976 2
-2.75607 -4.61247 9.54629 -4.48364 8.765 -1.66215 4.78164 -0.678243 -3.99885 3.14315 2
-4.64726 -10.5152 18.284 -9.35493 5.24335 -2.78148 1.95256 -2.23827 -6.28852 -2.71452 2
-6.33472 -4.50978 7.11587 -13.083 4.20474 -4.79301 1.34407 6.32502 -1.72561 3.84722 2
-3.71989 -7.60798 1.60116 -6.94729 2.8383 0.685662 2.047 -4.68351 -4.2951 3.2686 2
-3.20935 -2.8788 2.51751 -11.446 7.25133 -6.37129 1.59586 9.40845 -5.75029 0.759698 2
-5.58842 -4.94838 -11.5764 -7.81677 10.4727 -3.24331 2.97434 -8.03847 -3.86026 -0.178406 2
-3.54826 -7.95226 2.04382 -15.6157 5.18031 -0.484431 3.1519 4.44718 2.35032 3.45739 2
-6.95863 -7.02093 3.63368 -17.5978 5.3537 -1.63817 0.145083 -0.00708688 -9.57333 1.70296 2
-1.6878 -8.23146 4.33265 -8.40596 11.5526 -2.6558 2.20446 4.0162 -7.34548 -0.44025 2
-0.915094 -9.41576 2.31584 -2.23129 7.15282 -6.10446 -0.695556 -3.09439 -4.30745 3.50468 2
-4.14161 -10.1011 -13.2349 -5.89911 8.81105 -2.40766 5.42585 1.26393 -1.88449 4.1831 2
-3.51835 -5.22008 -8.4463 -17.274 8.55916 -6.43265 2.98061 -4.20322 -4.03621 5.14867 2
-4.82395 -8.02686 -0.95245 1.00262 5.84841 -4.36486 2.48131 5.8661 -6.37403 2.74538 2
-1.99572 -3.3629 3.42196 -18.5279 12.6603 3.83963 4.71371 10.2447 -0.649152 3.75805 2
-4.1459 -6.08649 -2.88883 -2.75754 5.81322 -6.02071 0.962248 4.47989 -0.0698313 2.30159 2
-5.24086 -5.38052 0.108686 -19.1484 7.03625 -2.70432 3.41576 -2.81688 -2.67895 4.87443 2
-0.29619 -5.61091 21.613 -1.91887 7.57988 -5.22248 -3.73031 1.76647 -7.87932 1.72677 2
-6.72878 -5.69914 3.91916 -8.31237 10.0693 -6.24966 5.32939 -1.46515 -3.34396 1.93016 2
-4.01952 -9.85729 4.44529 -0.999221 9.56899 -8.57111 0.395653 -6.80675 -2.22305 3.12717 2
-3.54619 -4.40605 5.07926 -8.45919 12.1265 -1.42297 0.75892 -3.18911 1.52153 1.93221 2
-2.51596 -4.6994 7.94557 5.25057 8.36956 -7.43959 -1.21438 0.824325 -4.78212 -0.60798 2
-5.2547 -7.01157 2.10634 -18.9837 9.63781 -1.76562 0.73519 5.10387 -3.61343 2.73082 2
-5.36108 -8.02399 2.57092 -12.1682 11.7781 -6.56818 0.627542 -1.35603 -4.05847 -0.322195 2
-4.62393 -4.88863 -0.972779 -5.24389 10.4849 -0.544001 5.83307 23.0912 -3.94565 1.87465 2
-1.08303 -5.01156 4.6628 -15.4739 12.2341 -1.21511 0.500722 -5.46763 -5.32433 2.6511 2
-3.81511 -9.98131 -7.36951 -14.2707 2.72489 -0.431488 1.05683 -4.1564 -2.49436 3.3143 2
-3.23358 -3.87792 -0.158879 -19.4939 7.70634 1.13462 4.73194 6.19805 -2.71361 4.80415 2
-2.27439 -5.98593 2.34987 -17.0377 11.6358 -1.18456 2.39721 -6.15502 -2.89587 2.08097 2
-8.99874 -10.674 1.73803 -21.0004 -1.62386 1.91179 -1.45599 7.74548 -3.01316 2.452 2
-3.3628 -5.19978 -4.6791 -18.9129 6.57108 0.730116 3.43893 -10.07 3.1592 4.19369 2
-3.1706 -6.62164 -0.233637 -5.03279 7.51492 -5.56965 3.90992 3.21483 0.741883 3.83429 2
-6.38081 -6.08689 5.81794 -3.68147 12.4098 -3.84588 -0.0247955 7.29723 -0.0444377 5.09322 2
-3.26782 -6.42353 1.69834 -23.0244 10.1276 0.565918 3.80757 10.9482 -5.89785 1.93399 2
-5.31769 -6.35209 12.6431 -6.44694 9.15622 -1.3082 4.17473 -12.2534 -5.82336 4.42995 2
-2.0719 -3.90905 -7.65757 -14.3144 10.4796 -0.572803 0.532668 -9.98858 -1.20736 3.98345 2
-2.92778 -4.85081 -2.76808 -8.43181 5.59841 -0.441322 -1.03196 -2.37871 0.311747 2.90999 2
-3.85028 -4.66957 10.6655 -8.92823 14.6145 -3.8323 3.34091 -9.18274 0.509774 2.18448 2
-2.47965 -5.57906 -4.42495 -22.6985 7.58568 -3.02858 -0.355408 2.97356 0.0255047 2.68568 2
-4.75157 -7.28717 7.47563 -7.48748 7.36807 1.00705 2.22276 2.56205 4.00285 1.22048 2
-6.14831 -6.07681 -0.519637 -3.97881 6.56211 -1.82387 -1.61891 -1.94624 -0.663301 3.69249 2
0.134679 -9.63052 -7.75047 3.37138 5.31089 -2.24809 2.07306 -0.68316 -1.8905 3.39651 2
-5.76153 -4.31265 -1.18143 -6.95917 7.76082 3.85799 4.28437 1.01792 -1.67206 4.11429 2
-5.20604 -6.10174 1.6918 -3.12859 -0.119971 -8.52031 2.15946 -0.142588 -7.59711 3.17823 2
-1.72292 -8.01465 6.47623 -10.197 7.35338 -0.141719 -1.16112 -5.29043 -3.62098 4.58345 2
-4.69538 -7.55771 -4.48169 -2.82384 7.32736 -4.02107 3.60904 17.3757 -5.88287 2.36681 2
-4.73772 -6.92178 6.20291 -8.65424 6.11358 -1.38396 0.372613 5.75064 -8.32321 1.11594 2
-4.50411 -5.84383 5.40996 -3.25219 9.34712 -0.912971 3.48568 2.17582 -1.82731 3.26108 2
-2.42225 -4.69633 1.63505 -24.9944 12.8917 -1.71085 1.94487 0.602692 1.10474 2.32775 2
-0.896453 -7.2922 0.430016 -7.17501 13.1117 -1.21697 0.836371 11.3763 -1.25249 0.720439 2
-5.54611 -5.61812 3.39459 -15.5744 6.60118 -2.54215 0.415674 -4.62164 -1.95062 0.554823 2
-5.94213 -6.10725 2.95529 6.57072 3.81832 -1.49197 4.56519 -0.625162 -5.15636 2.3242 2
-6.40994 -3.16369 9.71246 -1.84396 9.81244 -0.70719 0.181067 -3.86967 -0.0113009 2.02316 2
-7.74724 -4.67916 -2.27537 7.88326 4.834 3.20972 3.25203 -0.0600198 -4.19532 -0.237446 2
-4.96137 -9.19263 -6.98143 1.26347 8.92614 -2.69482 3.35988 -3.54968 0.055732 1.04595 2
-3.8689 -6.44078 10.299 -18.2734 1.46628 -1.87699 1.84486 2.86946 1.07484 1.06643 2
-3.1586 -6.01285 5.26142 -5.59997 13.1474 -1.69813 1.34438 5.84136 -2.75295 6.26958 2
-4.62532 -6.05193 -3.07334 -13.1397 13.6479 -2.33647 0.474692 -2.78346 -1.56629 3.06579 2
-5.02789 -8.75058 -9.18187 -14.8044 11.0326 -3.12506 0.429659 12.5654 -1.06947 5.07983 2
-3.90271 -5.02423 -0.60657 -6.63716 10.7816 -4.23151 4.71939 7.91911 -2.309 3.49722 2
-2.24632 -3.29057 0.687756 -6.61375 14.6623 -3.71374 4.75158 5.33735 -0.291365 1.70524 2
-6.66961 -8.59593 13.5557 -3.21837 4.17443 -3.67056 2.54173 4.56612 -5.3974 1.55265 2
-3.82873 -6.58598 2.37469 -15.5375 10.8998 1.18107 2.0118 5.65821 1.78964 2.68803 2
-5.42456 -8.14214 9.55873 -6.23145 8.343 3.44938 1.1705 -0.317965 -4.5264 6.42521 2
-4.95056 -6.68025 -0.882162 -8.59043 3.96663 -5.0077 -1.86919 -3.66333 2.9239 1.56923 2
-4.22925 -8.53464 11.7284 -0.748813 9.67822 -5.57701 0.696236 -7.12685 -2.35785 3.65096 2
-5.00664 -6.0658 -9.9428 -3.6423 9.74016 -4.57314 0.785596 0.175434 -3.61524 3.91642 2
-5.85559 -6.51365 -5.88177 -5.81701 12.3229 -1.33265 6.3713 8.48112 -1.02873 3.78669 2
-3.05759 -7.38409 1.17316 -6.82735 11.9895 0.156252 5.69831 -3.98883 -1.57922 1.62027 2
-1.32866 -7.76316 -2.66315 0.26655 6.781 -7.10501 1.71269 13.6986 -7.18301 5.06395 2
-5.78533 -7.43581 6.56914 -1.79223 5.39151 -2.48751 3.22902 -4.72834 -2.23643 2.36706 2
-4.552 -5.39132 13.4787 -8.3491 4.25163 0.157406 2.97445 -1.94221 -4.92501 2.53547 2
-6.81544 -5.29502 -7.09504 -2.77842 15.944 -6.24035 1.8595 3.54805 -1.11929 -0.207995 2
-5.22623 -5.7105 8.66874 4.38688 9.13909 -0.422884 3.11534 2.60838 -3.67061 0.729037 2
-2.75131 -4.53106 1.6206 -2.05704 6.37882 -5.00897 0.862089 1.98677 -3.81111 1.24344 2
-1.46131 -7.52095 3.06174 -5.48576 10.5063 -0.201574 2.56308 -5.68836 0.779237 1.94672 2
-2.69323 -9.34332 -3.86101 -3.08248 6.32265 -3.70664 1.33423 15.2616 -9.00907 0.500917 2
-4.67342 -5.0453 11.1458 -4.66537 5.90755 -3.1879 0.644022 10.0341 -3.85783 -0.504789 2
-6.27517 -4.35463 4.88411 -11.5151 7.26818 -7.11756 3.07449 4.18147 -0.68368 -0.237025 2
-3.8559 -4.60231 4.66343 -5.88501 8.14365 1.35062 0.327519 2.56403 -3.81027 2.50548 2
-1.79743 -3.04754 -0.170735 -19.495 9.00068 1.72276 3.02081 8.07839 -0.499377 4.74462 2
-6.90501 -9.72544 5.64156 -13.9757 7.94312 -2.60042 3.91649 -5.52464 -1.82082 3.50811 2
-4.00046 -7.18147 1.71876 -9.83629 8.45462 0.0638019 4.41147 13.4782 -2.72957 3.95267 2
-6.18146 -7.7851 -3.15661 -16.5013 10.2261 -3.1404 3.22901 -3.03059 1.36274 1.94552 2
-2.04783 -4.88751 -0.41641 -6.12435 12.8828 -1.20701 3.08045 7.93497 0.705408 3.86216 2
-5.9397 -12.3199 3.8821 -0.605599 8.42901 -3.48462 2.85264 1.89163 -6.23395 2.74133 2
-1.18535 -9.04424 6.33069 -11.3862 7.98865 -3.08303 4.21244 1.61077 -4.93903 1.5953 2
-2.34088 -6.333 4.81738 -4.8838 6.26598 -5.86344 1.34892 -1.63707 -2.62201 3.21248 2
-7.22214 -7.39599 0.0613875 -3.31757 3.18567 -4.16818 1.97216 6.37237 -6.74932 0.742886 2
-7.28826 -8.97131 8.34542 -2.25823 9.24388 -0.411654 0.832863 4.28367 -4.74111 0.149028 2
-3.91901 -6.12569 17.9708 -0.139855 8.14467 -6.1488 1.48083 -1.77801 -3.30824 1.94986 2
-0.22516 -5.92758 -3.51782 -5.93027 9.23649 -5.49508 3.8122 -4.89837 -1.44765 4.37308 2
-6.65871 -6.38042 9.83893 -13.1988 2.65544 -2.46879 2.63823 14.2962 -8.46615 4.33793 2
-0.308126 -7.4899 0.617692 -11.992 4.6679 -3.71583 3.78482 6.45409 -5.12888 0.881163 2
-5.47092 -4.95707 8.69803 -25.4769 7.59077 -2.34413 0.909546 13.1482 -4.79694 1.28073 2
-0.509679 -10.0654 6.96886 -1.31161 11.0862 -2.67415 5.37581 -1.74428 -4.7266 0.919252 2
-5.25761 -7.08167 -4.57956 -15.6547 6.8779 -3.5563 3.12793 16.3412 -1.35458 3.80319 2
-2.68912 -6.51057 -0.0812385 -7.69277 4.49055 -9.98292 3.54572 -3.14646 -2.45385 4.52271 2
-3.53972 -4.25406 8.40357 -11.9509 5.64637 -0.654601 3.7785 2.05226 -11.4437 4.85668 2
-0.439075 -4.13118 -2.59257 -16.8963 10.0268 -5.64759 2.02311 3.90225 -3.35532 0.529813 2
-5.77331 -6.78577 2.61093 0.652116 3.38535 -4.52217 -0.549611 11.8374 -2.39403 2.26317 2
-6.77663 -7.51545 3.98697 0.0693479 -0.833617 -4.60283 1.63212 5.95991 -2.63701 3.70924 2
-3.20261 -5.813 4.43137 -1.74849 11.545 -5.55205 2.04175 5.69457 0.0625234 3.58873 2
-3.06579 -5.97355 2.05148 0.00676765 8.45948 -1.77551 0.924059 -6.14086 0.559679 2.81813 2
0.00924726 -2.7912 -1.85209 -4.70513 7.75269 -2.89208 1.20964 -4.4221 -1.60974 3.28375 2
-4.2928 -7.99528 7.97503 -25.3775 11.0135 -4.56175 -0.197438 -4.56481 1.70864 1.47364 2
-3.05949 -4.95819 2.49026 -12.7779 12.9399 -4.4375 7.98874 -3.05241 -0.356827 3.43303 2
-4.65913 -9.30352 -3.20756 -6.63019 1.9968 0.892654 2.64603 -0.932145 -1.41894 4.73756 2
-5.63527 -7.28327 0.491641 -3.95613 9.34218 -4.16757 2.66451 5.97543 -5.81217 2.35226 2
-3.85378 -8.43505 -2.37306 -12.0095 7.80667 -0.0333571 3.97727 1.88316 -6.87254 1.523 2
-3.83771 -7.87443 12.7236 -10.6274 16.782 4.39994 3.01935 2.60469 -5.21603 4.04024 2
-3.02678 -3.60687 -4.14277 -3.20531 10.5483 -1.98373 1.28157 -2.64525 -4.2457 3.14511 2
-2.32744 -2.40335 2.30927 -19.0573 7.74718 -0.565976 -0.235416 5.25215 0.474702 5.62703 2
-6.3488 -5.90249 5.17057 -3.31369 5.24461 -5.19673 2.00549 -1.80825 -3.40315 3.11508 2
-3.41321 -7.34905 6.19247 -7.66708 5.72184 1.61629 6.54549 -6.00158 -6.30605 3.91319 2
-2.49996 -5.19162 -7.7214 -16.3098 7.1136 -4.18878 -0.823233 10.1944 -2.2334 1.59988 2
-3.83657 -8.43994 -6.14072 -2.12185 11.593 -7.02091 -1.28934 -2.24711 -5.16729 0.698105 2
-0.653053 -6.00844 -0.847237 -5.64329 14.24 -2.8708 5.21313 -19.5581 -6.7292 3.01812 2
-6.7925 -8.2615 10.019 3.97304 8.78052 -8.31193 4.08767 -0.746228 -8.21309 3.86086 2
-4.38139 -6.68336 4.31 -18.4927 9.93744 3.05409 4.00662 2.3405 -1.33451 4.34433 2
-6.63414 -3.63195 8.8602 -7.58457 2.48722 -9.2 1.87476 6.08693 -3.1527 4.27732 2
-1.72159 -5.81199 -0.0544661 -1.59393 7.0926 -3.4389 0.814603 6.3212 -1.04719 -0.793462 2
-3.451 -3.83895 -7.75921 4.68939 11.5249 -2.95839 -1.09773 1.91787 -2.03974 2.40736 2
-4.06874 -4.24914 7.96806 -17.7016 4.00822 -2.77538 0.496712 -4.05721 -0.193636 2.59003 2
-5.90033 -8.2391 -2.06191 -8.85149 10.3364 -3.6495 1.07257 -2.44677 -5.60741 1.40949 2
-4.20299 -6.61979 -5.73674 -8.64114 8.79698 -3.8639 0.669375 3.80595 -1.60569 3.36226 2
-8.82104 -10.9603 7.29611 -12.4704 9.06688 -3.67231 -3.01409 -0.846006 -3.20873 1.85581 2
-4.36243 -6.4318 -0.377897 -8.88219 13.7076 -4.80582 -1.67071 -4.38087 -1.5061 1.81216 2
-5.16715 -9.27064 -1.14977 -12.3629 11.9921 -0.519015 1.43142 -3.12496 -0.344324 6.37619 2
-4.24005 -4.60544 5.39789 -1.09883 7.04933 -0.714889 -3.05391 4.60786 0.695595 3.44891 2
-5.99674 -6.77371 2.14682 -18.2674 4.62171 -2.49746 0.573602 3.10525 -5.17651 3.44546 2
-4.00955 -7.17405 -6.22925 -8.91301 1.09909 -2.57708 4.39578 6.11478 -9.14588 3.34549 2
-5.22372 -6.14379 6.03794 0.600793 8.127 -1.44053 3.11252 8.95419 -2.93917 4.71063 2
-7.06253 -5.43165 13.6943 -6.1653 7.05535 -4.6778 2.01521 8.73768 -8.04687 2.19258 2
-5.47618 -5.80193 6.32631 -14.4642 8.82718 -2.34893 3.74047 -3.77689 -2.8311 2.20415 2
-6.25191 -6.28902 11.5636 -8.33363 7.33964 1.72057 3.57646 13.0472 -2.21044 2.72718 2
-5.46424 -7.37408 6.12855 0.211024 10.7258 -4.39198 2.01376 6.20332 -7.56916 3.16322 2
-2.42398 -4.97573 13.2775 -12.9699 6.09847 5.52944 -0.831739 6.57696 -5.75542 -0.337995 2
-0.669858 -8.59257 2.2949 3.01476 10.8156 -1.22643 2.9485 -8.72886 2.98025 1.19649 2
-4.28548 -4.00463 -4.41094 -5.41513 3.35573 -2.40554 4.36514 1.61785 -0.337441 0.679704 2
-4.06454 -4.05335 6.10757 -2.35396 8.11328 -5.64851 2.51389 4.58205 -3.77527 2.00798 2
-0.359749 -2.08197 4.47292 -2.30601 12.3156 -2.06126 2.32423 1.929 0.651774 5.00037 2
-6.88648 -5.28208 -1.08033 -22.533 3.65114 -7.47083 0.729919 10.8481 -2.46233 2.68293 2
-2.19921 -2.68687 -2.50801 -3.02854 10.1817 -2.19371 0.572364 2.82183 2.63783 1.87732 2
-6.099 -6.02524 -1.16539 -6.85602 9.88834 -5.17249 2.94544 9.95172 3.23707 3.73301 2
-6.61671 -7.48858 -10.595 8.11686 6.65877 -4.05802 -0.92662 -6.5688 -0.200979 1.58342 2
-3.9766 -5.402 2.39331 -15.539 8.50865 -2.40901 2.50554 10.7047 -1.01964 4.36346 2
-6.72476 -4.32306 -0.0948558 -3.64036 7.98894 -6.119 3.89208 -6.60218 -2.22591 1.32484 2
-6.61681 -5.24433 -6.53724 -4.77704 11.7469 -0.56961 2.79589 13.6358 -2.48425 -0.271447 2
-3.792 -5.93386 7.75106 -12.3708 9.86455 -0.881559 2.90289 -5.4977 0.216987 5.50316 2
-3.14334 -5.93085 11.0662 -7.33558 7.23504 -2.81846 1.45563 4.62356 -4.16881 2.82805 2
-4.30291 -8.07398 1.70751 -10.6789 11.3236 -6.21089 1.7743 1.76145 -1.48265 0.849852 2
-4.98448 -6.83038 6.21077 2.6633 14.8886 -2.50161 3.11901 7.43068 -2.21182 -1.28095 2
-8.31846 -5.77084 -1.49364 -7.9532 6.91414 -6.47481 2.52577 4.04752 -0.234522 1.1344 2
-7.25717 -7.25071 -3.85263 -3.97653 3.20978 -1.43792 0.994137 -3.90444 -8.15086 2.59913 2
-3.15449 -4.58591 9.06624 -4.63456 7.19629 -3.71624 3.92417 -0.390726 -3.72148 3.08796 2
-4.0714 -7.24353 -5.41094 -18.9043 12.8654 -4.56252 5.66276 -7.33463 -5.08883 3.54303 2
-1.93735 -6.30823 4.32528 -15.9108 5.08289 -0.669157 3.48278 0.782398 -6.23714 3.17934 2
-1.57335 -3.0565 8.19231 -1.65795 3.90408 -2.51843 -0.528512 -9.35755 -2.92165 0.953877 2
-2.55805 -7.61884 8.90374 -5.99309 11.4123 -5.49853 -2.14385 5.85217 2.01627 2.84334 2
-7.88045 2.23472 4.89109 7.3366 6.41348 4.08658 -6.92919 -0.459236 4.57703 3.85127 3
-7.1812 2.76779 3.0326 9.24142 5.73272 2.18668 -23.9679 -9.07057 4.11926 2.7609 3
-11.107 4.30852 2.31059 7.15495 4.85605 19.6142 -6.10546 -1.32484 2.98645 2.38893 3
-10.2413 1.39052 3.66301 -3.1668 4.99575 9.76517 -0.473708 -8.63169 0.284598 3.06791 3
-8.79176 3.6321 3.88897 7.09224 5.53476 9.51321 -7.60048 -5.67147 -2.30338 -0.729184 3
-8.42412 2.23212 1.4532 8.18119 8.27107 -2.88071 4.21307 -10.2713 2.53766 3.94777 3
-5.63678 4.89392 0.882417 9.82326 2.56864 10.9625 -26.0917 -6.75804 2.36818 0.453125 3
-8.86153 3.48818 5.0924 0.300172 1.30375 -1.20208 -14.2265 -10.944 1.69489 0.99838 3
-8.05849 4.57489 5.01964 8.56904 0.814398 11.3224 -12.5745 -1.89316 2.56766 -0.923053 3
-9.1474 0.77923 2.45758 15.7959 10.7191 1.89788 0.0962978 0.877162 3.53048 1.77504 3
-7.98036 8.04288 2.46767 -4.06146 2.38724 5.45567 -5.10036 -5.82338 4.24655 -1.23066 3
-9.61225 7.86665 2.67797 -2.55686 7.85514 5.43275 -16.8878 -10.8904 2.93571 -0.653971 3
-8.4324 4.94542 3.96318 2.42776 12.7663 18.9531 0.587633 -6.58533 1.87362 -3.21318 3
-9.96005 5.61808 5.55437 3.4657 9.24199 5.10117 -21.5035 -5.18016 0.159931 0.960702 3
-6.74995 5.21841 1.83087 6.96754 14.1805 -4.10868 1.1649 -6.46362 4.18212 -0.210607 3
-9.82408 4.2643 1.59262 6.92748 1.12214 16.8911 -8.94749 0.217883 2.81298 -1.31034 3
-8.29708 9.18079 1.23642 10.9564 13.007 17.2285 -7.39505 -7.02489 2.23393 -0.9728 3
-12.9988 4.69004 2.94629 5.11238 3.01086 8.34681 0.952711 -5.27472 0.810253 -1.24036 3
-11.5452 7.23307 1.46298 12.8454 8.3445 4.10747 -7.7866 -2.48472 2.52634 2.57773 3
-8.37887 1.3819 2.35872 7.72234 10.9308 10.208 -3.90881 -11.7813 2.99207 0.999067 3
-7.18604 3.38078 3.86408 13.8472 15.6601 11.8126 -9.0168 -4.36205 -0.0182499 -1.51087 3
-11.8757 6.25733 3.9967 1.16696 9.018 2.51835 -9.27651 0.0340981 3.94353 -4.55944 3
-5.62837 6.30083 2.95547 11.6071 3.41325 -3.09931 -17.9354 -7.34379 2.63795 4.95598 3
-6.4351 2.53311 3.44854 -1.09805 4.23187 18.6752 7.36453 -6.58055 4.47213 1.73607 3
-8.22512 3.31208 2.15722 -3.59288 13.9545 -5.73989 -0.655202 -2.91252 -0.655557 -2.28262 3
-8.07804 6.09179 1.74729 12.1545 2.88808 1.09572 -19.9253 -5.19251 4.24526 -4.07608 3
-10.1744 6.55912 3.94323 3.80241 8.1084 4.3344 8.18005 -2.55981 4.82098 -4.08474 3
-10.506 1.98649 5.33976 20.164 2.50014 8.00973 -8.91328 -5.7671 2.32308 1.79019 3
-9.063 5.65079 -1.21512 18.3872 3.9813 6.82511 -12.3849 -5.91032 4.27949 -2.582 3
-7.71105 6.89095 4.43419 -3.32126 4.78197 7.53745 -12.177 -4.74669 2.31911 -0.943018 3
-8.83339 3.05953 3.4863 12.2794 5.59387 0.995851 -3.98644 -11.9309 -1.78772 0.48234 3
-9.72544 3.7097 3.54624 -1.20101 1.90594 8.85246 -7.86106 -11.9916 0.653871 1.56004 3
-5.21159 3.77897 1.99342 8.36002 -6.64837 6.98946 -2.78176 -7.51114 2.0278 2.17079 3
-6.77965 4.35282 2.01756 11.1615 -1.98598 15.7935 -13.7376 -4.33876 5.25309 -3.28502 3
-7.72286 3.83155 3.19758 3.17146 -1.2855 7.42093 -15.4102 -6.21552 1.13035 -0.438943 3
-9.73726 5.88386 3.95803 14.6488 15.8336 7.20385 1.33755 -8.75205 1.68336 -0.603813 3
-9.22503 4.80932 3.08444 7.57126 1.77569 -1.56213 -3.70911 -8.20634 2.56897 2.73568 3
-4.29532 6.29861 1.69871 1.60207 1.24696 -4.84029 -19.9599 -8.17557 2.6002 3.29149 3
-12.9289 1.93355 0.825196 -1.14491 10.1566 6.42649 2.43336 -9.24345 3.59911 4.72479 3
-9.58111 3.66689 1.14955 12.4886 4.81971 8.82916 -9.74718 -8.09564 3.83984 2.2881 3
-10.0558 3.88528 4.57068 3.26984 -1.54319 3.61627 -9.44722 -5.06996 2.16489 0.610584 3
-5.47776 3.70772 3.0039 0.623849 6.10161 1.01126 -1.64146 -6.5436 2.81963 4.68291 3
-9.12213 6.86361 1.60033 -7.08599 -2.21499 3.60734 -14.68 -5.54084 2.83545 -0.237946 3
-6.20394 8.63565 3.35133 9.9241 6.11508 6.36778 -7.6307 -9.68661 0.77459 0.246701 3
-12.0127 3.90508 2.59856 5.48296 10.605 -4.23366 -13.7893 -0.111068 2.85139 0.109628 3
-5.24938 4.94131 3.55486 5.20153 1.01757 8.05728 -14.6008 -8.44328 -0.193865 3.73829 3
-7.80223 4.06373 2.054 21.7242 9.39536 -3.22404 0.505613 -4.22727 -0.334942 1.28395 3
-8.48792 4.06378 3.6142 2.8123 1.13772 -0.297784 10.6342 -9.12692 3.69741 4.95558 3
-7.95584 3.53894 3.58204 11.6203 0.82482 -2.21325 -6.42984 -3.04592 2.85781 -0.152064 3
-7.43787 5.60989 4.38257 6.04647 7.44706 5.71347 -15.5119 -3.21675 5.41244 -0.997224 3
-9.75493 2.53706 2.39796 18.6441 -0.985834 13.639 3.60778 -7.59809 3.64105 2.05534 3
-10.9922 3.97559 1.11935 6.77521 9.45786 3.46542 3.47289 -6.38042 4.51598 0.279052 3
-5.26492 4.1725 1.40087 12.0606 7.44069 4.23811 0.451856 -8.95808 2.98337 2.00787 3
-10.569 6.02144 3.81227 9.38871 13.8191 10.4433 -12.3026 -3.31885 1.81918 -1.17007 3
-9.24244 4.47509 2.15673 -6.56036 4.14614 14.4909 -0.936958 -5.30724 5.94513 0.154944 3
-7.83269 5.89048 4.54361 12.8943 6.30154 4.4401 -1.3891 -9.38701 0.48497 -1.99653 3
-7.03693 5.59086 3.5959 7.68006 3.97424 0.832004 -6.09932 -6.20279 2.78981 4.47708 3
-12.6851 0.503736 3.96161 18.5272 11.4163 12.8406 -5.41165 -11.8674 2.33456 2.04241 3
-10.4685 7.1382 3.02822 5.47842 -3.01946 18.8619 -18.1234 -2.44002 4.07062 3.05881 3
-9.1175 5.35579 1.15004 3.66067 2.56644 1.8287 8.17378 -5.97678 1.17034 0.949525 3
-5.96635 6.13898 -0.0579596 5.57881 1.47975 -4.65723 2.43675 -0.0142226 2.03402 1.76048 3
-8.85741 3.79812 1.81662 11.4484 4.83913 21.5557 0.928863 -0.915777 3.31695 3.19716 3
-7.85491 8.17124 1.5118 5.58799 4.30237 6.58545 12.9539 -3.17443 2.62071 -1.81093 3
-7.50198 7.36675 3.58214 -2.92563 1.01339 6.56994 -1.1828 -2.26906 1.95075 2.95053 3
-8.92834 6.00237 3.49698 -1.71669 12.1263 0.81429 0.913688 -6.5859 2.66277 1.08172 3
-7.99094 4.8839 1.66506 4.35061 19.0915 9.12924 -17.627 -3.82388 4.55628 -0.844158 3
-6.30257 7.27615 0.862487 3.93157 1.11703 16.9174 -14.2748 -7.63657 -0.145593 0.499277 3
-6.18995 3.76032 -0.124425 2.32469 9.52086 3.55855 -10.5734 -6.94739 3.97345 3.04978 3
-7.94787 7.31508 3.12983 16.841 4.38964 15.3183 -2.90188 -2.34884 1.29666 1.55237 3
-8.65788 2.97702 2.3283 26.7016 13.5573 2.89706 -19.3512 -5.33508 2.6765 -0.410984 3
-5.29891 5.63721 3.61507 6.10544 10.8522 14.7107 -11.8924 -8.55336 1.13336 2.98816 3
-4.21155 8.14209 0.234508 7.20635 2.54309 3.10657 -3.30665 -0.772587 2.04325 -0.458533 3
-8.8056 6.9041 2.15328 13.4084 2.32138 -1.85231 -5.25233 -4.54957 3.51754 1.89361 3
-9.65957 1.70578 3.39469 3.94384 7.76247 1.08979 -2.85097 -12.8284 2.89864 1.51006 3
-9.23601 0.452355 3.25004 11.7218 5.38977 9.52714 -7.29166 -9.8774 2.07845 4.85293 3
-7.8275 3.83526 1.38406 9.56675 6.04793 0.682399 -17.5829 -6.21136 2.87603 -3.38006 3
-6.07938 8.53537 -0.635649 4.83496 4.61599 2.57052 -13.4533 -10.0914 0.462151 1.56016 3
-11.6901 0.17058 1.90996 5.14431 6.29572 -8.39751 -13.8457 -0.801106 6.21299 3.08881 3
-9.18507 2.86022 3.6008 9.70264 8.16033 14.878 -9.83567 -3.49889 3.93538 1.40063 3
-8.64275 4.13946 3.39318 10.3907 9.83436 2.69399 -7.11668 -6.77541 2.92976 -2.63959 3
-7.06751 5.91816 2.66146 4.65923 5.48578 3.05061 -11.0041 -4.68532 4.41149 2.1502 3
