10.0819 -9.83401 0
8.08114 -3.74199 0
17.236 0.299901 0
2.03134 -3.09248 0
10.5492 -3.64752 0
12.5987 -6.49639 0
20.0692 -6.33024 0
2.67499 -2.72358 0
-2.82563 -11.4013 0
12.9082 -8.83743 0
8.29882 -3.849 0
7.66097 -11.5302 0
8.25403 -10.3829 0
13.0044 -9.37129 0
8.26055 -8.58749 0
14.4492 -8.44835 0
1.14979 -15.5396 0
16.6034 -11.192 0
1.66939 -17.6436 0
5.45536 -3.23526 0
7.44281 -17.2145 0
11.9204 -12.3952 0
7.71126 2.90334 0
19.8231 -4.59683 0
15.304 -10.1473 0
10.2557 -5.43966 0
17.1916 -18.5403 0
2.91177 -14.0409 0
8.53304 -8.23607 0
7.3768 -5.23748 0
1.43988 -8.55324 0
7.03422 1.49818 0
2.72666 -4.76746 0
9.66877 -10.3892 0
15.1215 -11.0422 0
9.97082 -13.4467 0
13.6317 -9.27085 0
-2.40327 -13.433 0
12.1498 -8.028 0
-6.48654 -0.866272 0
5.66895 2.02239 0
14.0689 -3.80733 0
2.4269 -5.95319 0
6.4283 -7.42396 0
14.107 -8.37768 0
11.2594 -12.1081 0
14.3613 -2.12936 0
11.2547 -18.43 0
13.1882 -8.81204 0
11.8594 -6.20511 0
6.07644 -13.7512 0
5.05885 -2.7195 0
0.321662 -5.72087 0
13.7859 -6.96484 0
6.28025 -13.1921 0
18.8949 -7.66195 0
14.2772 -4.63945 0
7.70666 -5.21676 0
6.96114 -7.46106 0
7.00654 -11.6922 0
5.77348 -6.79846 0
17.5627 -7.25158 0
13.5288 -12.0224 0
5.66937 -11.7492 0
7.57309 -11.2862 0
6.36617 2.19448 0
1.64683 -3.80944 0
11.1885 -6.73133 0
12.2824 -6.70457 0
6.18469 -7.04988 0
6.10569 -11.6124 0
11.3066 -12.7994 0
10.5702 -3.50317 0
7.349 -2.79677 0
5.01113 -9.02039 0
10.9284 -6.6166 0
13.4122 -15.0965 0
6.35059 -1.83803 0
11.329 -5.28725 0
4.34347 -9.36245 0
4.71704 -8.26761 0
1.80668 -6.49261 0
8.4015 -8.07438 0
-4.31439 -9.00778 0
7.98346 -2.94979 0
12.2372 -2.27498 0
5.07115 -16.2993 0
6.96944 -6.70867 0
11.7829 -6.46897 0
17.8147 -5.83348 0
7.61755 -10.6458 0
13.8657 -11.3223 0
17.2592 -12.8205 0
9.54691 -7.25757 0
4.8234 -7.18521 0
4.63513 -7.27719 0
8.60774 -8.27692 0
16.3972 -12.1523 0
8.16201 -6.55067 0
5.86849 -8.44549 0
0.210385 -7.55591 0
11.1976 -5.15919 0
6.26143 -6.57965 0
-9.46466 -0.05094 1
-8.82012 0.950605 1
-7.44609 -0.516472 1
-8.05277 1.72828 1
-8.38676 -5.04431 1
-10.1001 0.778465 1
-8.86675 8.68367 1
-8.13116 -1.59885 1
-6.94777 2.08421 1
-7.03152 -3.43764 1
-8.62219 -2.85051 1
-5.97366 0.132601 1
-5.35127 -0.942386 1
-5.48545 1.0591 1
-5.27931 -2.78523 1
-6.8063 -1.22035 1
-6.46763 1.32301 1
-9.20296 -3.19778 1
-9.56902 -2.57896 1
-7.42798 -0.733664 1
-6.05942 1.96337 1
-8.30055 4.14539 1
-8.9582 -0.381504 1
-8.40908 -3.9129 1
-8.1695 2.27605 1
-6.00632 1.79659 1
-6.72117 0.0533339 1
-5.60648 2.08803 1
-8.70361 -2.68633 1
-7.78037 -1.03508 1
-7.91695 4.81808 1
-6.94108 -0.860827 1
-7.70653 -2.18238 1
-7.54554 5.29858 1
-5.72035 -0.205076 1
-7.03118 0.882487 1
-6.3748 -3.74545 1
-7.14297 1.96073 1
-6.67155 1.74101 1
-7.64442 -2.48588 1
-7.49103 -0.929245 1
-7.22539 -4.00524 1
-8.89726 -0.990871 1
-7.81793 5.61913 1
-8.17985 1.3179 1
-7.07606 -4.7015 1
-6.80455 1.38786 1
-6.37036 1.86514 1
-7.24262 -3.62606 1
-9.04239 -1.71254 1
-5.37388 -3.13743 1
-7.58478 -3.18288 1
-8.55668 1.51368 1
-8.18285 -0.391635 1
-7.97435 -0.803578 1
-5.71436 5.02974 1
-7.56471 -3.07449 1
-4.99884 4.96184 1
-6.87933 -0.427736 1
-10.3636 0.522348 1
-8.35523 0.289846 1
-5.10626 -0.115439 1
-9.03848 0.302021 1
-6.86179 2.66406 1
-7.35745 5.51667 1
-6.49879 -1.46267 1
-8.70831 1.81118 1
-8.69367 -0.17373 1
-7.60209 1.33313 1
-7.1636 -0.151028 1
-7.292 -3.02822 1
-7.53638 0.0263401 1
-6.97355 -1.21845 1
-8.74351 -0.000480614 1
-8.24902 4.05082 1
-7.25361 -6.3954 1
-7.11949 -6.79488 1
-8.33206 0.108795 1
-5.46824 -1.23481 1
-8.03118 -3.66962 1
-7.75161 -0.0542821 1
-6.11872 2.087 1
-6.66776 1.77142 1
-6.89457 0.633379 1
-6.95894 -6.52135 1
-5.23666 1.23269 1
-7.5849 -0.00654222 1
-7.81053 -2.80899 1
-7.89833 -1.02205 1
-6.13014 -2.04577 1
-5.87203 0.620514 1
-5.13086 1.73402 1
-5.8695 -0.808633 1
-8.56621 0.316748 1
-7.16439 1.61206 1
-8.28465 -1.35887 1
-7.23412 0.496573 1
-7.53839 1.39594 1
-7.7678 -0.949633 1
-7.46981 0.456419 1
-8.51347 4.3934 1
-6.30688 3.61951 1
-7.62704 -1.72543 1
-6.50088 1.8176 1
-8.75766 -2.48425 1
-7.87422 2.722 1
-7.91877 3.59162 1
-6.9183 -0.920202 1
-8.44329 -0.309421 1
-5.52079 -4.39068 1
-8.33025 -1.29137 1
-7.78268 -2.01802 1
-7.20121 -1.92215 1
-10.5088 3.89402 1
-5.48762 2.30643 1
-6.64357 -1.73774 1
-6.52248 3.90831 1
-10.224 -2.44168 1
-8.0751 3.00451 1
-7.04555 6.7873 1
-7.99095 -1.88648 1
-6.60565 1.41087 1
-8.75276 -1.83472 1
-10.1122 -2.12149 1
-7.0284 -3.04084 1
-7.74003 -1.9337 1
-7.57701 2.15666 1
-5.96063 -0.424128 1
-7.72379 -1.56324 1
-7.99167 -1.14127 1
-7.23698 2.13824 1
-6.35157 2.47225 1
-8.05367 -0.00914452 1
-8.52893 0.168047 1
-10.514 -1.06251 1
-6.99137 0.28067 1
-4.96958 2.94779 1
-11.5724 -0.451341 1
-6.34735 2.46724 1
-10.251 -7.13627 1
-9.3427 3.97746 1
-9.49952 0.864183 1
-6.13064 6.28368 1
-7.59657 0.0603596 1
-7.38949 0.164777 1
-5.64087 5.24066 1
-5.8347 1.69588 1
-6.87963 -0.269247 1
-8.75681 2.31244 1
-9.62186 3.76229 1
-5.81211 2.92504 1
-6.53778 -4.33089 1
-5.26679 -5.09534 1
-5.27513 0.203702 1
-9.10706 -0.72322 1
-6.26177 2.69386 1
-5.19749 0.757168 1
-7.5265 -5.92028 1
-8.41316 2.7046 1
-6.76435 -1.77604 1
-9.34846 4.04968 1
-6.49723 -4.15109 1
-8.28894 -3.73262 1
-7.37095 6.58111 1
-8.00182 2.18427 1
-7.40399 2.46315 1
-8.2493 0.228066 1
-7.89737 0.353659 1
-7.02219 2.32841 1
-5.80773 4.2481 1
-7.55606 -1.84284 1
-9.3876 -2.93471 1
-7.90305 1.30646 1
-6.59047 -2.87154 1
-6.13858 1.53426 1
-8.30491 1.1393 1
-7.41959 -0.585696 1
-9.06434 -0.236753 1
-5.31142 -3.12627 1
-9.12891 -2.46416 1
-8.52855 -2.49296 1
-9.74998 0.16182 1
-4.44323 1.74455 1
-8.85157 0.273311 1
-8.2264 0.240526 1
-7.71838 -2.26472 1
-8.68861 -5.47027 1
-8.97796 4.40352 1
-6.16216 1.09887 1
-9.07815 -2.80486 1
-8.0812 -0.326344 1
-7.08743 -2.46613 1
-9.07546 -1.22724 1
-8.07464 -0.460669 1
-8.04549 0.159815 1
-7.63196 -6.85431 1
-5.52571 0.130487 1
-6.21752 1.87317 1
-9.38833 -2.87933 1
-7.41328 -0.75306 1
-8.65454 -0.374558 1
-7.94979 -0.412188 1
-6.25565 0.364575 1
-5.83735 4.56942 1
-8.07262 1.32837 1
-6.84077 -1.77677 1
-6.73688 -3.75559 1
-5.78031 2.99753 1
-7.05424 -0.992965 1
-8.05531 1.88214 1
-6.20614 2.2201 1
-7.67315 1.85407 1
-7.09535 -3.23493 1
-6.45613 0.798038 1
-8.69782 1.16715 1
-9.51505 1.028 1
-7.46125 2.41946 1
-6.7792 -0.675101 1
-7.53811 3.09997 1
-6.31306 -0.0717437 1
-7.09104 -1.13308 1
-7.81839 3.47992 1
-7.59055 1.21128 1
-5.32794 5.01091 1
-10.0389 -0.284206 1
-4.51022 -4.47781 1
-6.82932 2.18137 1
-6.44946 1.21508 1
-8.41582 0.210828 1
-7.61387 1.68613 1
-7.2922 -4.78171 1
-7.8228 -3.55254 1
-6.50955 -2.50735 1
-6.55609 -4.12209 1
-7.10687 -1.67249 1
-4.97596 -0.260198 1
-6.13138 -6.71092 1
-9.2578 -4.77074 1
-7.51157 -2.08217 1
-8.81269 2.27433 1
-6.94695 3.93049 1
-5.60634 0.766384 1
-7.83902 2.29802 1
-7.49056 -1.87421 1
-10.7124 2.30753 1
-7.06661 0.43044 1
-5.11646 -2.89227 1
-8.95715 2.93209 1
-5.98747 -3.47531 1
-7.12281 3.93461 1
-8.416 -0.92005 1
-8.23398 -0.906655 1
-8.08679 -2.6654 1
-8.21236 -0.497875 1
-7.4191 -1.72178 1
-6.16279 -1.19802 1
-4.72485 2.60407 1
-5.45272 -6.9 1
-7.40643 1.08314 1
-9.16314 -0.700525 1
-6.88052 5.06116 1
-5.78192 0.223774 1
-6.77484 4.73522 1
-7.00982 -1.22511 1
-9.62672 -4.19338 1
-6.94463 0.689078 1
-5.17569 -4.39219 1
-7.16962 0.525082 1
-8.02926 4.7398 1
-7.55708 -2.72314 1
-6.5503 1.13985 1
-7.57214 0.215726 1
-6.77193 -1.42821 1
-6.25609 0.13482 1
-6.83752 -5.67698 1
-5.88931 0.446175 1
-9.65703 0.215771 1
-10.2395 -3.12366 1
-8.04041 -3.81662 1
-7.59014 -2.6303 1
-6.79415 -1.52213 1
-6.98052 -0.592507 1
-6.23448 4.77887 1
-7.39596 -4.64555 1
-7.52823 2.0565 1
-9.05883 1.36638 1
-6.76646 -3.65853 1
-7.32513 -3.0517 1
-7.43844 2.13575 1
-8.54032 2.26649 1
-7.3853 -5.21442 1
-8.03866 -2.42736 1
-6.4381 0.808515 1
-8.5589 -1.75023 1
-9.33098 0.149959 1
-8.97129 3.56131 1
-8.00685 -4.87269 1
-9.12692 1.55459 1
-8.3107 -3.06521 1
-5.74887 2.57435 1
-10.4345 -1.10041 1
-7.61449 0.86148 1
-7.16591 1.32948 1
-7.25139 2.50686 1
-7.04166 4.36201 1
-8.38199 -0.190109 1
-8.76314 1.72318 1
-7.76907 -2.03992 1
-7.12603 0.203924 1
-7.85558 -2.31408 1
-7.5708 3.96041 1
-5.09747 1.0056 1
-7.77764 -2.5187 1
-9.9679 -4.21033 1
-6.50119 -4.94224 1
-8.70157 0.508839 1
-6.74233 -0.87922 1
-8.19855 -1.53474 1
-10.5597 -2.12385 1
-9.6604 4.24034 1
-7.25373 1.74558 1
-8.87307 -3.78712 1
-9.63887 2.89013 1
-7.91749 -1.82365 1
-6.50032 -2.93196 1
-8.98965 -0.500337 1
-8.63323 -3.97058 1
-8.91426 -0.773453 1
-7.4645 1.44452 1
-6.15308 0.445323 1
-7.02954 -0.335567 1
-7.07796 -0.13397 1
-9.31294 1.48611 1
-10.0737 0.81459 1
-8.9678 2.03309 1
-8.59658 -0.0842091 1
-8.20044 1.30954 1
-7.68817 4.1365 1
-5.87137 -1.03336 1
-5.75936 -2.32479 1
-9.05701 2.28779 1
-4.77904 0.911968 1
-6.8443 0.376636 1
-8.35908 -2.5936 1
-8.56952 -8.2134 1
-6.82003 -1.40309 1
-6.9281 5.33507 1
-9.06022 0.471416 1
-6.15664 1.12445 1
-8.30889 -0.0263044 1
-8.13038 -0.439593 1
-5.43457 -0.949655 1
-8.44548 2.02862 1
-6.8211 0.886664 1
-7.39337 0.753901 1
-7.04391 -3.7826 1
-10.476 1.16213 1
-4.16297 0.704339 1
-7.52437 -1.71585 1
-6.20468 0.806375 1
-6.25467 0.722053 1
-10.5848 2.33914 1
-5.97116 0.989835 1
-8.22959 1.81602 1
-6.60739 2.72261 1
-8.12414 -5.27151 1
-7.39392 -1.10542 1
-6.54241 1.11425 1
-8.85781 4.24543 1
-6.05092 0.716285 1
-9.19023 -4.37777 1
-7.14119 -2.76794 1
-6.75705 -3.9813 1
-7.50136 -2.2732 1
-6.28109 0.627971 1
-7.03492 1.16297 1
-7.79442 0.765328 1
-6.76739 -5.43671 1
-6.9463 0.998534 1
-8.40353 0.435854 1
-5.34705 -4.0635 1
-7.06773 -1.74617 1
-5.39389 -4.84674 1
-7.04793 0.538298 1
-6.32252 0.967987 1
-6.81276 3.39076 1
-7.23892 2.00629 1
-7.65445 0.0334531 1
-6.96388 4.47561 1
-6.18931 0.11704 1
-7.3536 -1.35284 1
-5.45089 2.92562 1
-7.72807 -4.11351 1
-7.12607 0.251539 1
-7.04343 -5.28832 1
-6.25843 4.56966 1
-6.62979 2.11321 1
-6.71322 -2.19228 1
-6.96534 -1.92438 1
-6.02223 -1.68591 1
-6.57255 3.24049 1
-4.50556 -2.33541 1
-6.53004 4.66603 1
-6.31607 4.18464 1
-8.25599 3.89516 1
-8.63045 3.86586 1
-6.62459 -0.246591 1
-8.64846 0.202853 1
9.76807 4.46073 2
10.7936 6.46132 2
11.0367 3.06373 2
10.2664 8.24351 2
9.56644 9.01206 2
9.74665 6.07734 2
9.59857 5.13086 2
9.48801 6.96163 2
9.11716 6.43142 2
10.1715 9.77762 2
10.3117 6.60187 2
8.84918 8.39015 2
9.64877 5.59773 2
9.95792 5.71241 2
10.0285 6.26709 2
10.2264 12.0677 2
9.74418 7.87205 2
10.0682 9.35331 2
10.3335 5.40489 2
10.3316 4.5747 2
10.0342 8.0198 2
9.51708 5.197 2
10.3228 7.65425 2
10.031 12.1408 2
9.70391 10.676 2
10.5077 3.01523 2
9.85681 6.94697 2
8.89172 12.3084 2
10.0276 8.45119 2
9.42715 7.42172 2
9.61481 3.12352 2
9.2165 5.15851 2
9.002 15.0868 2
9.24839 4.49423 2
9.8516 9.17721 2
9.10708 5.4764 2
9.5889 4.25844 2
9.03723 5.75408 2
8.83217 6.52029 2
10.5218 0.0885678 2
10.1873 10.7641 2
9.7962 3.92336 2
9.46649 8.22709 2
9.21138 9.45156 2
9.54389 7.81806 2
8.57973 9.18815 2
9.0874 7.88943 2
8.60915 9.13509 2
9.89822 7.46198 2
10.0113 3.23298 2
10.5509 11.7046 2
9.98123 8.62377 2
9.89467 10.4884 2
9.67719 9.77708 2
10.1476 6.80626 2
10.2283 9.52368 2
10.1961 5.8832 2
9.63828 5.92827 2
9.71373 7.29962 2
8.30861 8.1052 2
9.98877 6.16704 2
9.38924 7.0296 2
9.53394 6.02613 2
9.89164 4.88498 2
9.77503 5.04088 2
9.86802 1.59351 2
9.96015 10.4743 2
11.2528 1.40537 2
9.64012 8.97303 2
8.95374 9.49506 2
9.54246 12.255 2
9.22286 11.72 2
8.15843 5.79003 2
9.94619 6.65877 2
7.91471 8.50585 2
8.94169 11.4063 2
9.57988 8.86756 2
7.79977 8.95967 2
8.07426 9.89933 2
9.59777 3.32773 2
9.27372 6.88294 2
9.46716 9.43761 2
10.4831 10.3736 2
9.9895 6.94578 2
10.3573 7.31302 2
8.38675 11.5428 2
10.5242 4.58146 2
10.1361 10.1708 2
10.8062 4.73065 2
10.6289 7.05422 2
9.10384 6.42006 2
10.145 6.19852 2
10.2079 5.1645 2
10.4163 5.39571 2
9.47757 9.86394 2
8.50378 4.38631 2
9.52352 5.52158 2
9.96846 5.09595 2
9.49826 6.99636 2
9.64234 4.63978 2
9.57625 7.40452 2
9.00769 11.364 2
9.5869 6.13726 2
9.97777 8.82737 2
9.87733 10.7236 2
9.58699 8.74992 2
9.82705 3.92182 2
10.5437 5.94387 2
10.4782 2.81327 2
9.21773 6.45898 2
8.1668 10.0104 2
10.0236 6.57063 2
9.90784 10.6155 2
9.10441 11.9447 2
8.64572 8.27272 2
8.89194 5.83952 2
9.0856 6.48021 2
9.9863 6.91572 2
9.05082 10.9033 2
9.56389 9.39642 2
8.92574 10.3243 2
8.47402 13.1286 2
9.2452 3.29306 2
9.78041 8.14955 2
9.95291 8.68494 2
10.108 11.2427 2
10.4024 10.2996 2
7.98435 14.3532 2
9.5119 6.65922 2
10.3558 5.03091 2
10.3142 7.85034 2
10.1341 2.93019 2
10.8142 8.60316 2
10.6638 2.4612 2
9.58634 5.28184 2
11.5535 6.29436 2
8.86609 6.79499 2
9.03188 8.45432 2
8.24831 10.9895 2
9.62331 7.25352 2
9.47873 7.88403 2
8.94996 8.40766 2
8.55249 6.66774 2
8.77505 8.26196 2
9.21914 8.74788 2
9.54733 1.18869 2
10.3158 2.94098 2
10.2817 5.00827 2
10.0474 5.28203 2
10.6645 7.71359 2
9.57068 11.3032 2
9.52936 5.94782 2
9.24723 7.38585 2
9.14309 10.7184 2
9.84648 6.80192 2
9.71259 1.53122 2
9.57368 9.21067 2
8.80279 12.2714 2
9.90472 10.0716 2
10.1723 10.0752 2
8.59787 10.6302 2
10.0901 6.72445 2
9.58811 7.21781 2
8.9075 8.04383 2
9.97077 6.62492 2
10.5124 2.71759 2
9.22396 8.95459 2
9.70692 4.88505 2
9.86424 4.66779 2
9.35139 8.65578 2
10.0061 8.51796 2
9.96361 10.8677 2
10.0995 8.66407 2
9.34706 6.37739 2
9.24299 7.74658 2
8.3905 5.41642 2
11.38 5.20657 2
8.90643 7.36341 2
9.16935 6.17244 2
10.7095 9.48225 2
10.9772 7.5069 2
9.8323 3.15141 2
9.8046 5.89912 2
10.1235 6.92567 2
8.72298 6.27176 2
9.34565 6.42781 2
10.8539 5.37355 2
10.5009 6.89779 2
9.11736 8.25822 2
10.2779 9.20805 2
8.53814 9.10845 2
10.2368 5.72714 2
9.81627 8.1381 2
8.82651 9.24036 2
10.0567 8.60579 2
10.5202 7.5527 2
8.69377 6.69557 2
8.24353 8.73758 2
8.96837 7.46055 2
9.94109 8.56803 2
8.40917 6.31749 2
9.40495 10.278 2
9.60854 11.7724 2
9.98962 1.91183 2
9.80331 7.37724 2
9.33825 6.99027 2
8.6941 7.73374 2
10.196 8.4847 2
9.22414 7.23966 2
9.43295 16.7917 2
9.27594 8.34112 2
9.43417 5.70518 2
9.87853 7.93345 2
8.95547 4.61346 2
10.7084 5.46263 2
9.84378 6.09566 2
11.1222 5.24205 2
8.95542 5.60689 2
9.51672 9.83723 2
8.84305 11.463 2
10.2848 5.00644 2
8.85388 9.20615 2
9.73506 6.52517 2
10.0448 9.91557 2
10.1457 10.2674 2
9.74676 3.30741 2
9.65466 7.49078 2
9.75396 7.60744 2
9.30702 4.26038 2
10.0837 9.11882 2
8.35513 4.92121 2
9.68772 6.83383 2
7.74536 8.22731 2
9.1467 6.03168 2
9.69118 12.999 2
9.47932 7.59171 2
10.3072 3.61955 2
9.78555 13.7312 2
9.48114 7.50044 2
9.74755 6.45893 2
9.30708 3.26779 2
9.82344 5.09857 2
9.13625 10.5953 2
9.67586 5.70132 2
8.45911 5.45114 2
9.81976 4.88243 2
9.3743 7.3724 2
9.86944 5.02881 2
9.37104 6.43893 2
8.80859 7.51798 2
9.93619 8.41212 2
9.62985 7.56187 2
10.7075 7.49539 2
10.0049 5.86852 2
8.55246 7.36845 2
9.86447 8.33109 2
9.33486 3.43886 2
9.56356 6.60529 2
9.16318 9.84411 2
9.55376 6.51291 2
9.51958 6.51878 2
8.98545 7.00551 2
9.09673 5.00495 2
9.67692 8.92656 2
10.0686 8.33214 2
9.40585 10.5596 2
10.804 4.03526 2
9.68944 7.99141 2
9.29803 10.0084 2
8.79253 5.73159 2
10.2313 5.46706 2
10.0537 6.59824 2
10.9245 9.03448 2
9.66397 6.32949 2
9.05594 7.9848 2
8.59911 9.53238 2
9.64912 1.93538 2
10.0374 9.77672 2
9.35247 4.90142 2
9.13584 7.9375 2
10.5212 8.53108 2
7.51496 9.67394 2
9.91743 7.25232 2
8.44516 9.30364 2
9.28788 7.33971 2
9.5116 6.86746 2
9.21471 8.02964 2
8.95156 4.27053 2
9.58523 5.67354 2
9.61103 5.60735 2
10.1068 10.0078 2
9.91923 3.97935 2
9.15238 6.06696 2
9.61186 9.47331 2
9.81788 4.12847 2
10.957 4.41301 2
10.2535 9.83417 2
10.5201 5.73897 2
8.93718 7.0523 2
9.23342 7.79402 2
10.1261 3.82425 2
9.21206 11.7507 2
9.31278 11.3621 2
9.27494 9.92024 2
9.88183 2.22103 2
10.7056 7.27634 2
9.27595 10.8597 2
9.61989 9.26348 2
9.5123 5.72268 2
9.29868 6.95005 2
8.74525 7.648 2
9.38056 8.60637 2
10.2795 3.04166 2
9.99701 9.67708 2
9.64561 6.16693 2
9.44436 5.30244 2
9.20765 5.72154 2
8.43126 6.2231 2
10.1825 2.76214 2
9.47803 11.0077 2
9.89669 4.42001 2
8.94387 8.69583 2
9.94051 12.7568 2
9.14112 10.4286 2
8.82304 7.68431 2
10.1517 7.04327 2
9.26398 8.28282 2
10.6594 9.22546 2
9.27803 7.3831 2
11.1567 5.83795 2
10.8305 10.2935 2
9.80854 7.3955 2
8.79258 5.32354 2
10.7059 11.7701 2
9.19454 6.39551 2
8.72986 10.3224 2
9.66393 11.2097 2
10.3944 10.3759 2
8.23025 3.76496 2
9.85758 9.27478 2
9.57862 6.70804 2
9.40693 3.53668 2
10.2662 8.0376 2
10.1383 4.29096 2
10.3689 6.43438 2
10.6392 5.25069 2
9.2364 12.8634 2
9.6162 7.64651 2
8.59729 10.7449 2
9.75752 5.4244 2
9.30088 9.04392 2
9.93131 8.42603 2
9.1865 6.94864 2
9.37598 8.2321 2
8.6632 2.86184 2
8.56577 5.93745 2
10.8327 7.70125 2
9.18877 8.78537 2
8.78717 8.51158 2
10.4989 7.92752 2
9.6457 4.50862 2
9.96733 5.91475 2
10.2889 8.09667 2
8.89585 7.06443 2
10.0294 6.9475 2
10.6494 4.59972 2
9.85324 7.6308 2
10.59 1.31631 2
10.6638 8.61902 2
9.2923 3.95803 2
10.4083 7.59097 2
8.34719 6.45793 2
8.52897 8.28082 2
9.41088 5.95718 2
9.95737 5.4631 2
8.75538 6.66398 2
9.45573 7.37475 2
10.3627 6.74702 2
9.72591 10.8481 2
10.4369 4.75291 2
9.55707 6.89902 2
9.97334 7.3186 2
10.3158 9.9466 2
10.1417 8.16009 2
11.1212 10.5239 2
10.3123 8.60767 2
8.52735 11.3092 2
10.1333 7.0884 2
10.3389 7.74894 2
9.47907 7.25729 2
9.34571 7.59679 2
9.19087 5.07103 2
8.46685 12.7715 2
9.38628 5.89575 2
8.71209 9.98258 2
9.10865 6.95797 2
9.40624 8.23666 2
8.80056 8.27408 2
9.75507 6.184 2
9.20074 10.3648 2
9.30342 9.29368 2
9.87995 7.44351 2
10.8688 10.8917 2
9.49448 4.04424 2
9.59826 7.36654 2
8.74403 11.5137 2
8.76546 12.6667 2
9.64786 1.30248 2
9.97439 5.06283 2
9.75837 7.56824 2
10.5081 7.76146 2
9.86405 8.20429 2
9.66332 7.46855 2
9.20605 8.38112 2
8.91018 7.28834 2
9.43872 12.7572 2
9.0847 5.91996 2
9.57017 4.49481 2
9.51259 8.11859 2
9.96794 7.66141 2
9.78181 3.15345 2
9.55933 6.83693 2
10.3345 6.89917 2
9.60576 8.99806 2
9.94781 6.83715 2
9.54354 10.3087 2
9.82022 6.39123 2
9.37282 6.05115 2
10.4199 7.44839 2
10.3449 6.96603 2
9.93029 9.0813 2
10.6129 8.13179 2
9.46073 12.1739 2
9.13186 9.33952 2
9.17893 8.29369 2
9.46266 7.47361 2
10.0801 11.8542 2
10.0642 2.9389 2
9.86421 7.57188 2
9.17693 4.86178 2
9.41006 7.11812 2
9.65888 4.06437 2
9.44757 5.51289 2
10.1874 10.9836 2
8.42693 9.146 2
10.037 6.08707 2
10.2926 7.98714 2
9.25497 5.11941 2
10.8244 4.382 2
9.57115 8.8157 2
8.69431 10.1451 2
9.13065 4.47564 2
8.67521 11.3104 2
9.1661 5.93239 2
9.59826 9.72184 2
8.98116 10.7736 2
9.63809 5.86704 2
8.26965 9.54346 2
9.45712 5.08355 2
9.07203 6.61441 2
9.98587 5.85894 2
10.424 5.92252 2
9.48026 11.2052 2
9.61877 11.3417 2
8.76292 6.34811 2
9.7038 3.06061 2
9.65008 9.6021 2
9.68477 9.64886 2
9.71723 8.19858 2
8.88146 11.9539 2
-0.950735 7.17605 3
1.09699 11.3643 3
-0.0849834 6.2406 3
2.67919 6.09962 3
0.609032 10.5339 3
2.51398 10.1455 3
1.50227 15.696 3
1.89475 9.86376 3
0.897585 7.49923 3
0.794284 16.5512 3
1.60897 18.1812 3
1.2595 9.70968 3
0.269561 12.813 3
1.55773 4.95932 3
0.200425 9.48906 3
-0.674233 5.51981 3
2.42931 7.33978 3
2.201 2.53756 3
0.361896 6.76376 3
-0.0155626 5.68574 3
-0.612942 6.12476 3
2.70607 5.82401 3
1.91759 9.58609 3
1.04657 5.77298 3
0.725185 13.6571 3
1.00387 14.6834 3
1.67464 11.7412 3
1.61024 6.3355 3
1.89769 9.91384 3
0.619522 7.87352 3
0.545347 6.79745 3
1.25896 11.7534 3
-1.66856 8.35965 3
0.542168 9.08498 3
-1.6235 7.09644 3
0.740615 14.071 3
1.39432 10.2247 3
0.0957962 10.1206 3
1.161 10.8266 3
1.1411 6.0733 3
1.022 8.41153 3
2.95223 11.6347 3
1.64963 8.66963 3
-0.498511 12.5608 3
1.89523 14.7202 3
-0.189688 2.32315 3
1.16078 10.5106 3
1.6772 7.18712 3
1.93365 4.80417 3
1.55249 8.48875 3
1.69529 6.44598 3
1.91751 10.6158 3
1.6921 8.8605 3
0.586283 11.3919 3
2.36955 2.41746 3
2.65018 7.46933 3
1.64864 14.3689 3
1.2503 9.23648 3
2.88912 9.26153 3
1.12427 8.75827 3
1.25253 12.2341 3
0.321942 3.94742 3
1.90369 12.5135 3
1.12839 7.56735 3
2.029 10.4421 3
1.09315 12.2356 3
1.17937 8.80523 3
1.24387 13.0652 3
0.064951 7.26448 3
2.12342 5.39117 3
2.06941 3.79228 3
0.437417 2.59616 3
2.86661 5.80513 3
0.333393 7.36352 3
1.8274 6.33457 3
0.909306 10.288 3
2.26622 12.3424 3
0.245382 12.6484 3
0.735908 9.89181 3
0.669284 12.1282 3
2.40017 12.7881 3
0.840034 9.33521 3
1.72969 12.2177 3
2.90158 5.08243 3
1.46472 14.3495 3
-0.342954 4.66883 3
3.97566 10.4647 3
0.602728 17.3435 3
-0.576922 6.44652 3
0.340927 0.874892 3
-0.216224 11.6659 3
1.64382 9.88871 3
1.15486 7.78774 3
-0.328322 7.56878 3
1.35081 4.91889 3
0.579437 11.1467 3
1.39093 18.1933 3
-0.135364 1.59666 3
0.521655 11.4524 3
1.65554 7.12485 3
1.90154 6.21542 3
-0.0764076 11.43 3
1.03045 6.5369 3
0.898214 9.21757 3
1.37661 7.73638 3
-0.0253474 8.20276 3
1.05267 9.14375 3
-1.05811 8.58503 3
2.13969 1.26383 3
0.95185 5.42923 3
2.13805 3.89871 3
1.54393 6.01765 3
-0.604992 11.9309 3
-0.704132 3.84366 3
0.911779 9.07624 3
0.227028 12.6492 3
0.994648 7.38355 3
1.45009 6.26637 3
2.16645 6.01518 3
0.571678 6.65045 3
2.92777 8.5437 3
0.53025 7.09582 3
0.496965 15.7803 3
2.18525 16.1839 3
0.255227 14.3533 3
-0.636702 14.8258 3
2.72971 11.0772 3
0.288488 6.45943 3
2.197 11.2281 3
0.369333 7.28016 3
1.60444 7.55357 3
1.8833 9.62185 3
0.77875 10.5756 3
1.27529 6.06517 3
-0.245331 5.36664 3
1.1445 9.0663 3
0.685572 9.28721 3
1.66608 16.0228 3
2.64187 5.85776 3
0.499484 10.4868 3
2.03849 13.2672 3
0.959811 9.9943 3
0.450814 11.4439 3
0.875918 1.88208 3
2.36757 9.3301 3
2.32803 8.24514 3
-0.17503 10.752 3
1.76642 9.98043 3
2.53955 9.02728 3
1.07586 11.9812 3
-1.04374 6.95792 3
1.81216 11.268 3
1.54562 12.7042 3
2.16463 6.56981 3
0.715587 5.26113 3
0.941352 7.37828 3
2.35221 6.71148 3
1.71665 15.5659 3
3.12864 11.2534 3
0.875146 4.71621 3
0.0115558 10.4502 3
2.24126 10.9369 3
0.737668 7.47773 3
0.175971 5.35869 3
0.00986345 11.2998 3
1.19217 14.6476 3
2.42499 7.07134 3
-0.200789 10.0132 3
1.17995 11.0233 3
0.949428 7.4016 3
3.20429 13.7969 3
1.11406 6.21657 3
2.24589 6.53783 3
1.12104 4.86153 3
-1.1332 5.96546 3
0.65627 9.21389 3
0.997606 12.8466 3
0.836063 14.8124 3
0.253567 8.19141 3
2.51192 12.8359 3
2.01961 5.90289 3
0.011961 5.48781 3
0.30692 6.08847 3
1.29137 2.18101 3
1.5212 6.45311 3
1.96501 10.5838 3
0.803574 14.2769 3
2.59618 8.3862 3
-2.11849 9.90664 3
1.45585 9.34398 3
1.66344 7.58832 3
0.418518 9.49043 3
0.582766 14.1741 3
1.08225 14.8748 3
1.56734 11.3992 3
2.28486 7.14442 3
2.10919 6.06584 3
-0.409823 9.50729 3
2.5019 14.1435 3
2.57632 11.1585 3
1.6851 19.3536 3
3.11631 2.4514 3
1.64632 10.7269 3
-0.108891 10.9727 3
-1.37485 9.52744 3
3.45683 8.84623 3
1.02506 9.99151 3
1.35366 5.96202 3
0.0842753 4.5689 3
-1.6199 7.53391 3
1.27969 7.70534 3
0.913503 8.90631 3
1.52023 9.44003 3
-0.0425763 10.6056 3
1.27157 5.72659 3
1.41697 10.7664 3
-0.625245 11.4807 3
1.50837 12.4028 3
2.3553 5.49927 3
1.32176 4.94893 3
1.36583 14.7605 3
1.60503 12.6182 3
0.750471 8.34385 3
1.4379 2.6591 3
2.75632 9.19473 3
0.953884 7.27565 3
2.04648 7.86536 3
1.95672 13.0876 3
1.35972 11.4983 3
0.297567 11.5002 3
-0.359832 9.66941 3
0.674439 8.33231 3
1.95537 11.3927 3
-0.182394 14.9956 3
2.89982 10.5147 3
0.384425 10.9818 3
3.4139 10.7448 3
1.91152 10.6039 3
1.95913 15.3971 3
0.300434 5.31259 3
2.16836 10.0376 3
1.42316 11.5343 3
1.28589 10.4648 3
1.78093 11.7646 3
-0.364314 13.5975 3
1.86036 5.00907 3
-0.701719 6.48452 3
1.18758 7.16489 3
-0.0137386 9.66411 3
0.0922977 9.87527 3
-0.864613 5.42127 3
0.046855 9.93094 3
0.0541158 6.986 3
1.13433 6.99815 3
-1.01709 9.94363 3
2.85411 7.21895 3
0.722232 7.96969 3
0.991419 7.49067 3
1.0887 6.52638 3
1.41458 5.88844 3
-1.08304 8.78038 3
1.77881 7.60426 3
1.9921 5.87596 3
2.44571 9.78078 3
1.27691 7.94601 3
-0.826202 10.3743 3
2.42796 8.33171 3
2.04568 5.45866 3
-0.877853 10.0204 3
-0.594833 3.30936 3
0.393123 6.10994 3
0.788346 8.1937 3
3.17818 12.5792 3
1.55276 12.2526 3
1.42296 8.33616 3
1.82371 8.87135 3
2.33987 4.45365 3
-0.56355 5.36103 3
0.482516 7.87449 3
0.449223 10.4173 3
0.906414 8.77185 3
0.941704 5.36431 3
1.8761 8.91992 3
1.19938 13.523 3
0.269821 11.8183 3
0.816809 14.5034 3
0.908635 6.68519 3
0.69349 9.80235 3
0.902611 11.0088 3
0.339275 8.37388 3
0.72349 7.8254 3
0.432267 16.1478 3
-1.06822 6.82112 3
0.593527 9.28094 3
1.245 7.74486 3
2.95672 9.89961 3
3.53402 2.61478 3
2.67076 8.68967 3
2.28267 10.6247 3
1.07464 6.43373 3
1.3238 11.3941 3
0.954567 14.8956 3
-0.891709 7.73279 3
1.27659 5.65574 3
-0.0125703 15.4534 3
-0.827079 2.64555 3
2.0897 6.81072 3
0.806638 11.5852 3
0.878197 8.18484 3
0.710666 12.6943 3
1.27051 6.71938 3
0.200125 12.3736 3
1.58475 8.00955 3
1.55441 9.03159 3
2.82721 8.45279 3
0.0438125 7.12913 3
0.572798 -0.636912 3
0.676928 11.9118 3
0.648802 11.3147 3
1.92352 9.28071 3
0.660344 5.35245 3
0.608479 7.78576 3
2.49027 8.83845 3
0.317913 12.7957 3
0.901463 8.8771 3
-0.00106419 12.4638 3
-0.17822 8.57642 3
0.527059 8.98465 3
-0.206287 6.89824 3
1.73475 5.11216 3
1.98055 5.3399 3
1.07096 8.8234 3
2.03253 11.0394 3
1.8367 4.94073 3
0.499822 16.2288 3
0.0572135 7.6338 3
2.54183 10.2093 3
0.254232 11.9528 3
0.925547 2.92837 3
-0.132557 10.0508 3
0.484511 12.6779 3
1.66272 11.065 3
0.522732 12.7762 3
2.48808 12.5683 3
0.853521 9.89943 3
2.02027 7.31757 3
0.591382 7.75435 3
-0.535005 10.9776 3
0.681676 10.6534 3
1.98624 9.95048 3
2.27332 6.676 3
1.79224 13.8392 3
0.905173 7.61098 3
-1.71809 13.8707 3
-1.33638 5.75478 3
1.81636 14.0968 3
0.630439 9.34072 3
-0.253548 7.61386 3
-2.33419 16.4046 3
0.752316 4.9083 3
1.19106 6.0846 3
1.30969 9.43245 3
1.73062 12.0433 3
0.263881 7.332 3
-0.0806026 12.7946 3
0.773833 11.5826 3
0.707971 12.81 3
1.26702 7.78797 3
1.04567 6.41621 3
0.48413 9.22407 3
2.78686 9.63257 3
1.8074 11.1734 3
-0.847391 9.85064 3
1.1853 9.38563 3
0.39433 11.4595 3
0.750603 9.56106 3
0.649699 10.3547 3
-0.386933 12.0779 3
0.177568 8.89875 3
1.94086 13.2299 3
1.32698 4.06448 3
-0.477282 8.49553 3
1.40374 5.31919 3
1.21008 10.9987 3
1.69897 5.78022 3
2.07725 10.3411 3
1.86861 10.3144 3
0.405878 11.3206 3
0.516566 9.80318 3
-0.185572 10.0274 3
1.36051 9.21504 3
2.04817 12.4261 3
2.89639 8.31329 3
1.17912 10.6008 3
1.73717 9.62509 3
1.44085 12.3145 3
0.725873 11.1992 3
-1.17185 -7.19764 4
-1.24115 -12.5242 4
-1.31873 -9.80127 4
-1.83391 -8.15422 4
-0.850147 -9.45643 4
-1.94852 -9.06026 4
-1.69149 -11.7984 4
-1.58574 -9.45081 4
-0.93412 -10.8324 4
-1.65554 -9.19142 4
-1.17858 -7.46089 4
-1.45538 -6.32578 4
-1.52716 -10.9789 4
-1.59706 -7.69326 4
-1.49225 -11.4105 4
-1.22516 -8.38944 4
-1.2362 -11.0174 4
-1.64448 -6.88921 4
-1.11417 -8.43386 4
-1.59376 -10.2906 4
-1.81788 -10.2223 4
-1.73362 -8.69025 4
-1.45996 -13.0744 4
-1.38063 -14.5412 4
-0.946467 -10.6411 4
-0.998217 -9.96944 4
-1.50631 -9.37468 4
-1.35515 -11.9197 4
-1.56401 -12.4591 4
-1.11156 -11.9547 4
-1.4852 -11.7634 4
-0.929564 -11.7502 4
-1.81032 -8.50971 4
-1.37439 -9.63041 4
-1.38546 -11.362 4
-1.83544 -9.7575 4
-1.61327 -13.4603 4
-1.29076 -8.98714 4
-1.28506 -12.8144 4
-1.21219 -7.61046 4
-1.21158 -9.69847 4
-1.73082 -9.92534 4
-1.53937 -13.9047 4
-1.51186 -10.022 4
-1.33197 -10.2501 4
-1.2012 -14.4631 4
-1.39665 -8.81147 4
-1.40086 -8.05952 4
-1.49894 -8.41998 4
-1.55756 -9.8914 4
-1.83143 -8.65363 4
-1.4446 -11.0025 4
-1.35936 -8.93406 4
-1.50574 -6.86553 4
-1.49316 -13.986 4
-1.53479 -9.84991 4
-1.28751 -7.34264 4
-1.93667 -11.0557 4
-1.91414 -14.0149 4
-1.74854 -9.16849 4
-1.72214 -10.6547 4
-1.42199 -13.0414 4
-1.30918 -10.9503 4
-1.18961 -7.4547 4
-1.11568 -6.988 4
-1.1662 -12.6411 4
-1.38208 -8.95399 4
-1.96433 -10.9015 4
-2.03119 -9.09984 4
-1.81909 -9.86648 4
-1.57087 -8.08205 4
-1.05673 -10.3438 4
-1.15212 -11.8143 4
-1.29843 -11.265 4
-1.39027 -13.945 4
-1.95647 -6.59325 4
-1.85067 -9.7884 4
-1.58606 -7.93218 4
-1.53308 -9.64167 4
-1.7785 -8.92327 4
-1.84202 -8.69729 4
-0.941692 -9.40797 4
-1.61779 -9.29486 4
-1.32536 -5.77783 4
-1.76278 -8.44152 4
-1.13414 -9.97186 4
-1.70767 -5.24664 4
-1.69568 -11.9781 4
-1.52231 -8.83733 4
-2.22071 -11.5168 4
-1.43569 -11.8603 4
-1.29978 -13.3442 4
-1.11997 -10.0446 4
-1.93211 -10.0715 4
-1.31567 -9.95758 4
-1.00406 -9.02711 4
-1.40376 -7.27478 4
-1.40862 -11.433 4
-1.69044 -11.1723 4
-1.38986 -4.85564 4
-1.57503 -11.2457 4
-1.25624 -11.6887 4
-1.86406 -8.6351 4
-1.68599 -7.42092 4
-1.98562 -15.5105 4
-1.3413 -9.46888 4
-1.11423 -9.55342 4
-1.32775 -7.83285 4
-1.69726 -7.82539 4
-1.1791 -10.0804 4
-1.28373 -12.0324 4
-1.66682 -10.562 4
-1.06472 -10.0891 4
-1.18337 -13.9668 4
-1.22042 -16.0583 4
-1.92647 -12.8957 4
-1.16936 -10.524 4
-1.3984 -8.81773 4
-1.10316 -12.7362 4
-1.58683 -11.245 4
-1.49127 -8.14568 4
-1.70789 -8.3719 4
-1.39733 -9.25841 4
-1.01232 -7.82888 4
-1.66167 -9.64059 4
-1.67681 -7.6109 4
-2.05633 -8.17935 4
-1.32968 -8.53882 4
-1.56987 -10.0023 4
-1.67498 -11.1946 4
-1.40418 -12.6488 4
-1.45673 -9.55473 4
-1.56722 -11.1025 4
-1.70027 -10.7072 4
-1.3786 -9.25596 4
-1.67987 -9.67279 4
-1.30177 -12.7807 4
-1.04094 -10.5881 4
-1.38288 -8.86079 4
-1.39793 -13.4968 4
-1.42522 -8.61229 4
-1.59681 -8.06376 4
-1.22456 -12.0048 4
-2.03224 -9.6561 4
-1.7959 -10.3864 4
-1.4066 -13.9996 4
-2.01071 -7.75297 4
-1.64525 -10.3848 4
-1.56884 -9.32788 4
-1.07309 -10.4731 4
-1.47261 -11.1891 4
-1.55923 -7.9635 4
-1.43786 -6.04575 4
-1.23307 -7.68982 4
-1.48343 -9.2894 4
-1.65637 -11.9678 4
-1.65634 -10.9037 4
-1.38113 -10.2343 4
-1.32405 -7.34069 4
-1.62289 -6.52731 4
-1.36215 -10.986 4
-1.17548 -10.7513 4
-1.25242 -10.6999 4
-1.78375 -9.63286 4
-1.1608 -5.77317 4
-1.21563 -7.73688 4
-1.68955 -8.74259 4
-1.29564 -5.66453 4
-1.80112 -10.3055 4
-1.61531 -10.3425 4
-1.78658 -8.1986 4
-1.38382 -11.4376 4
-1.57472 -6.51915 4
-1.32279 -6.21367 4
-1.76818 -9.2583 4
-1.55652 -10.2132 4
-1.27808 -12.679 4
-1.81273 -10.2387 4
-1.53059 -8.10218 4
-1.67038 -6.38407 4
-1.79087 -8.80119 4
-1.7046 -10.2105 4
-1.57783 -9.34738 4
-1.07456 -10.5414 4
-1.85392 -8.79195 4
-1.39409 -10.656 4
-1.02502 -10.1879 4
-1.17273 -9.6521 4
-0.966905 -6.41051 4
-1.13404 -8.24804 4
-1.49579 -8.08856 4
-1.7308 -7.73494 4
-1.45061 -10.4346 4
-1.8098 -9.54731 4
-1.9648 -9.5685 4
-1.27026 -6.21547 4
-1.50985 -11.8864 4
-1.704 -11.0508 4
-1.50301 -11.112 4
-1.34659 -7.78894 4
-1.47419 -13.8501 4
-1.64783 -12.4584 4
-1.18768 -6.09606 4
-1.18664 -10.7148 4
-0.936946 -14.4242 4
-1.59915 -10.997 4
-2.03569 -12.6005 4
-1.57706 -9.17512 4
-1.37674 -10.2975 4
-1.51774 -9.3441 4
-1.59249 -10.8869 4
-1.62595 -7.21865 4
-1.50821 -6.94508 4
-1.13454 -6.82491 4
-1.49947 -7.40794 4
-1.66119 -8.66848 4
-1.02696 -10.2948 4
-1.86448 -13.22 4
-1.49219 -11.4765 4
-1.14737 -12.7193 4
-1.50931 -10.1969 4
-1.72807 -7.97492 4
-1.67191 -8.30556 4
-1.82961 -7.54967 4
-1.66053 -9.59657 4
-0.933393 -9.10697 4
-1.63235 -9.43765 4
-1.16247 -7.87126 4
-1.47809 -7.07449 4
-1.35413 -11.7218 4
-1.49925 -11.3718 4
-1.43076 -8.5656 4
-1.75225 -7.25705 4
-1.13752 -11.8733 4
-1.01469 -8.64081 4
-1.45476 -12.2639 4
-1.89231 -9.37892 4
-1.37658 -14.4217 4
-1.45017 -9.17801 4
-1.70594 -12.4756 4
-1.50623 -12.847 4
-1.50073 -8.04024 4
-1.79846 -10.9817 4
-1.69863 -8.36107 4
-0.944583 -9.57873 4
-1.82258 -11.6758 4
-1.56455 -10.3265 4
-1.34533 -9.03031 4
-1.68508 -12.8491 4
-1.22914 -12.0233 4
-1.35279 -11.2381 4
-1.51353 -10.5404 4
-1.29708 -13.3157 4
-1.28734 -12.3084 4
-1.43839 -14.3626 4
-1.54556 -8.99563 4
-1.47645 -8.80908 4
-1.30489 -10.3711 4
-1.51232 -8.69083 4
-1.03361 -10.3164 4
-1.6537 -10.0776 4
-1.04476 -6.16703 4
-1.42835 -12.9645 4
-1.84373 -7.20202 4
-1.28022 -9.99305 4
-1.093 -10.7108 4
-1.80875 -5.83544 4
-1.11329 -10.6662 4
-1.06204 -10.291 4
-1.8246 -9.8163 4
-1.42989 -8.9757 4
-1.50299 -9.97402 4
-1.61649 -14.0923 4
-1.33744 -13.9652 4
-1.71385 -5.06329 4
-1.48659 -10.6351 4
-1.44855 -5.36991 4
-1.1875 -12.4026 4
-1.15346 -10.0569 4
-1.59608 -6.69799 4
-1.46514 -10.2233 4
-1.72679 -11.6138 4
-1.79558 -10.4886 4
-1.57838 -5.55232 4
-2.23636 -6.16284 4
-1.37276 -12.227 4
-1.30319 -11.8057 4
-2.05317 -9.79022 4
-2.07015 -8.72673 4
-1.18445 -10.7031 4
-1.39891 -11.0405 4
-1.36251 -10.8005 4
-2.23018 -10.9979 4
-1.31611 -6.8604 4
-1.07515 -9.98082 4
-1.21506 -6.96104 4
-1.40651 -8.65474 4
-1.42316 -6.54623 4
-1.2152 -10.8221 4
-1.48438 -10.9643 4
-1.42415 -11.2365 4
-1.24297 -10.4685 4
-1.22541 -9.15555 4
-1.12852 -9.93946 4
-1.56003 -11.8284 4
-1.17849 -11.927 4
-1.17895 -12.6264 4
-1.58848 -11.27 4
-1.47653 -5.44146 4
-1.76931 -8.13895 4
-1.16942 -8.4026 4
-1.2366 -9.68291 4
-1.3734 -15.0723 4
-0.983769 -10.3367 4
-1.69941 -9.54728 4
-1.48361 -8.61341 4
-1.95485 -7.95645 4
-0.906531 -7.20194 4
-0.927753 -11.1745 4
-1.81938 -6.99504 4
-1.22616 -9.46924 4
-1.64001 -9.92018 4
-1.50214 -13.6923 4
-1.64708 -12.4867 4
-1.23615 -9.11478 4
-1.63173 -8.16162 4
-1.53117 -11.8059 4
-1.44034 -9.27656 4
-1.21369 -8.42238 4
-1.41009 -8.55824 4
-1.52619 -10.9113 4
-1.27224 -7.60104 4
-1.41384 -9.11909 4
-1.80012 -7.97178 4
-1.51385 -7.47349 4
-1.39801 -7.25774 4
-0.957608 -8.74406 4
-1.52778 -10.1989 4
-1.69155 -9.28649 4
-1.8839 -12.5154 4
-2.16751 -9.50077 4
-1.66644 -9.97858 4
-1.89859 -10.2398 4
-1.36914 -10.3717 4
-1.47976 -10.9741 4
-1.12896 -11.0236 4
-1.53446 -10.4181 4
-1.66999 -10.6067 4
-1.58533 -4.9705 4
-1.31296 -7.73222 4
-0.737347 -9.43302 4
-2.13572 -5.81715 4
-1.88267 -10.299 4
-1.42496 -8.56902 4
-1.07826 -11.5681 4
-1.38929 -11.0789 4
-1.80629 -10.7747 4
-1.3567 -9.44011 4
-1.51418 -11.3918 4
-1.46959 -11.355 4
-1.50163 -10.667 4
-1.57994 -7.3697 4
-0.877075 -11.1024 4
-1.90893 -12.2378 4
-1.14405 -8.81838 4
-1.55464 -10.6428 4
-1.31941 -10.5569 4
-2.1879 -9.85959 4
-1.75374 -10.345 4
-1.58939 -11.3111 4
-1.13844 -12.6393 4
-1.3552 -11.3309 4
-0.871756 -7.37869 4
-1.01961 -9.68624 4
-1.6242 -8.79163 4
-1.15012 -7.92503 4
-1.66624 -8.98876 4
-1.61792 -13.5484 4
-1.42503 -11.1156 4
-1.42104 -7.66231 4
-1.45231 -5.28748 4
-1.62834 -10.1015 4
-1.47044 -8.75591 4
-1.61536 -8.15224 4
-1.413 -8.90317 4
-1.33437 -8.16273 4
-1.36541 -8.35291 4
-1.83271 -7.93311 4
-1.45872 -7.00965 4
-1.62964 -9.5666 4
-1.11277 -9.16382 4
-1.50388 -8.60086 4
-1.69523 -10.8658 4
-1.50779 -12.1947 4
-1.72131 -11.214 4
-1.45786 -11.6905 4
-1.34879 -7.6794 4
-1.80058 -6.99104 4
-1.55276 -8.35626 4
-1.68931 -12.026 4
-1.14032 -7.28532 4
-1.50514 -10.1775 4
-1.23938 -8.33412 4
-1.3143 -14.3037 4
-1.43824 -8.65436 4
-1.27623 -9.45915 4
-1.62776 -9.79323 4
-1.45811 -8.51819 4
-2.02861 -9.06115 4
-1.08306 -12.5446 4
-1.53102 -6.15918 4
-1.4161 -7.82697 4
-1.55759 -9.95411 4
-1.1457 -11.4823 4
-1.62683 -7.24154 4
-1.36322 -10.5531 4
-1.6497 -11.5415 4
-0.869095 -10.4352 4
-1.54809 -8.21392 4
-1.62971 -7.08457 4
-1.47727 -7.55064 4
-1.04404 -10.3561 4
-1.38628 -7.81216 4
-1.93476 -10.0961 4
-1.65488 -7.71485 4
-1.2721 -12.2633 4
-1.344 -9.07846 4
-1.67028 -10.3162 4
-1.43186 -10.289 4
-0.621293 -9.71145 4
-1.60051 -9.13212 4
-1.79655 -3.6634 4
-1.33527 -9.39726 4
-1.25126 -10.2029 4
-1.74657 -8.4848 4
-1.92819 -9.87831 4
-1.7616 -7.25395 4
-1.61785 -12.3156 4
-1.36355 -9.0025 4
-1.43714 -7.84786 4
-1.57811 -7.59232 4
-1.51374 -12.8682 4
-1.03369 -9.42339 4
-1.21366 -13.6031 4
-1.48558 -9.74481 4
-1.43027 -6.15178 4
-1.5567 -10.793 4
-1.86632 -10.3133 4
-1.20126 -10.5393 4
-1.45527 -10.153 4
-1.42082 -11.6287 4
-1.61757 -10.3693 4
-1.67933 -9.80985 4
-2.02143 -10.2935 4
-1.39763 -10.9532 4
-1.68003 -9.38711 4
-1.72039 -8.13379 4
-1.09371 -9.69634 4
-1.84978 -9.99409 4
-1.64913 -9.96072 4
-1.1435 -11.7885 4
-1.89837 -10.2575 4
-1.66459 -9.46759 4
-1.6887 -7.80814 4
-1.49825 -10.2471 4
-1.60003 -6.63252 4
-1.36783 -13.0787 4
-1.35202 -11.4146 4
-1.01747 -9.97685 4
-1.62895 -11.0873 4
-1.39733 -11.4427 4
-1.31047 -6.10862 4
-1.62324 -9.52656 4
-1.66678 -8.15899 4
-1.60491 -8.50144 4
-1.28781 -13.74 4
-1.86412 -10.1703 4
-1.51149 -5.53596 4
-1.18195 -8.04885 4
-2.18604 -10.2781 4
-1.49875 -8.15878 4
-1.82183 -7.94487 4
-1.10636 -9.0528 4
-1.32244 -9.38049 4
-1.79025 -14.1278 4
-1.5975 -13.2663 4
-1.53593 -8.77528 4
-1.49184 -11.8552 4
-1.89452 -11.3145 4
-0.867389 -8.87511 4
-1.32669 -9.08316 4
-1.43873 -10.2945 4
-1.8125 -6.46792 4
-1.21648 -12.3432 4
-1.62813 -11.0388 4
-1.94823 -10.3525 4
-1.05506 -9.01497 4
-1.01622 -8.96465 4
-1.46425 -12.1816 4
-1.32159 -11.1261 4
-1.64097 -13.3238 4
-1.92132 -14.2931 4
-1.65073 -12.8807 4
-1.86161 -12.4461 4
-1.72858 -7.83669 4
-1.76825 -8.81312 4
-1.42915 -10.5228 4
-1.52805 -13.1843 4
-1.45265 -13.9764 4
-1.73228 -6.03081 4
-1.33357 -7.76441 4
-1.66433 -6.00121 4
-1.24789 -10.3526 4
-1.58087 -9.45396 4
-1.21196 -8.48863 4
-0.922787 -10.2891 4
-1.07727 -6.35211 4
-8.85384 -9.9144 5
-10.2723 -10.0728 5
-9.90181 -9.28855 5
-9.31531 -9.27547 5
-9.42088 -9.60778 5
-8.20307 -9.25662 5
-9.36499 -9.36424 5
-8.57073 -9.36222 5
-9.88288 -9.40411 5
-8.05315 -9.19269 5
-7.85993 -8.82877 5
-7.91286 -9.24388 5
-8.70577 -9.69213 5
-7.05289 -9.06201 5
-7.59217 -9.07151 5
-8.66463 -9.53875 5
-9.13261 -10.0691 5
-10.3057 -9.57758 5
-8.38788 -9.28231 5
-6.75936 -8.88513 5
-9.09663 -8.97761 5
-9.3193 -10.0744 5
-8.62777 -9.3742 5
-8.92636 -9.90341 5
-8.69802 -8.98253 5
-8.35597 -9.99754 5
-9.20106 -8.62556 5
-7.79936 -8.8182 5
-7.1978 -8.84715 5
-9.09603 -9.26743 5
-7.48901 -9.08063 5
-9.75548 -9.78437 5
-8.23449 -9.04527 5
-8.04122 -9.27163 5
-8.8189 -9.37062 5
-8.51835 -9.71444 5
-7.74329 -9.51929 5
-6.47196 -9.161 5
-8.31545 -9.11055 5
-8.97581 -9.80873 5
-9.55751 -9.98704 5
-7.99334 -9.5479 5
-8.47191 -9.81271 5
-9.82151 -9.91644 5
-8.46189 -9.54567 5
-7.36141 -9.24066 5
-7.61836 -9.34072 5
-7.12294 -9.01993 5
-8.35718 -9.6298 5
-8.78985 -9.56039 5
-7.30934 -9.18021 5
-6.75831 -9.25976 5
-8.79889 -9.04182 5
-9.29747 -9.94575 5
-7.81782 -9.14813 5
-8.60689 -9.02213 5
-8.37366 -10.3734 5
-10.3796 -9.84337 5
-8.20499 -8.8064 5
-9.62151 -9.8899 5
-7.56616 -9.54263 5
-8.7245 -9.40109 5
-8.89254 -9.86083 5
-7.13959 -9.94783 5
-8.18432 -9.4158 5
-9.48131 -9.43938 5
-7.20972 -9.46186 5
-8.11894 -9.704 5
-7.40885 -8.85569 5
-8.14892 -9.63936 5
-10.1367 -9.31675 5
-8.43222 -9.52493 5
-9.99656 -9.93161 5
-6.94362 -8.88113 5
-6.99362 -8.98339 5
-8.13134 -9.48861 5
-9.9048 -9.48752 5
-7.81194 -10.1111 5
-10.6488 -9.83122 5
-8.06041 -9.68929 5
-7.44861 -9.34599 5
-8.94457 -9.88153 5
-8.61551 -8.99077 5
-9.8604 -9.95921 5
-8.16148 -10.024 5
-8.50546 -9.71561 5
-8.00974 -8.58421 5
-8.8588 -9.18535 5
-7.86846 -8.89367 5
-6.45057 -8.78576 5
-8.24885 -8.77637 5
-8.10744 -8.98973 5
-8.89149 -9.34005 5
-8.58643 -9.58056 5
-7.3487 -9.41253 5
-7.37899 -9.15859 5
-8.46281 -9.15099 5
-8.64888 -9.04242 5
-8.67473 -9.35571 5
-7.19073 -9.48771 5
-9.18735 -10.0223 5
-7.40578 -9.31009 5
-8.10144 -9.50184 5
-7.67952 -9.37846 5
-8.39631 -8.98342 5
-8.55976 -9.70101 5
-8.50374 -9.61588 5
-8.71681 -8.86535 5
-9.07109 -9.39534 5
-9.2183 -9.74881 5
-7.282 -9.09128 5
-10.8532 -10.1765 5
-9.38064 -9.13235 5
-8.82537 -9.31688 5
-6.61357 -8.89419 5
-8.73065 -9.66436 5
-8.31288 -9.57356 5
-8.85681 -9.77161 5
-10.1864 -10.0202 5
-8.37446 -9.1396 5
-9.06708 -9.42552 5
-8.71328 -9.54494 5
-9.15566 -10.2945 5
-8.79159 -9.56168 5
-7.99587 -9.22112 5
-7.65721 -9.47295 5
-8.36658 -9.61244 5
-8.96011 -9.68884 5
-8.82637 -8.98084 5
-8.18577 -9.08724 5
-9.45126 -9.86208 5
-9.09317 -9.36804 5
-9.62805 -10.1087 5
-9.51827 -9.58329 5
-8.08922 -8.47629 5
-7.51407 -8.99758 5
-8.85388 -10.1163 5
-8.70228 -9.1844 5
-8.75038 -9.40707 5
-8.91114 -9.93884 5
-8.97083 -9.12086 5
-8.92624 -9.56207 5
-7.93281 -9.46959 5
-8.21607 -9.72233 5
-8.54142 -9.83237 5
-8.09453 -9.15985 5
-8.73628 -10.4081 5
-8.21107 -9.6575 5
-7.68758 -9.80596 5
-9.42357 -9.50882 5
-8.90453 -9.89376 5
-7.47981 -9.49059 5
-7.40241 -9.2961 5
-8.89383 -9.20497 5
-7.95862 -9.19442 5
-7.35504 -9.04786 5
-9.22627 -10.2995 5
-7.86729 -9.31533 5
-9.6081 -9.76454 5
-8.49135 -9.52627 5
-6.62627 -9.16914 5
-9.14052 -9.0521 5
-9.14306 -8.90425 5
-9.15863 -9.43879 5
-8.95188 -10.075 5
-8.31973 -8.99043 5
-8.92578 -9.50856 5
-7.83739 -8.4249 5
-10.2688 -9.39001 5
-8.84598 -9.57748 5
-10.1879 -9.32307 5
-7.08528 -9.43002 5
-8.13908 -9.4723 5
-7.65364 -8.779 5
-10.3877 -8.95849 5
-7.67847 -9.11085 5
-8.33762 -9.33685 5
-7.30623 -8.1943 5
-8.48708 -9.02368 5
-8.39483 -9.08242 5
-10.5374 -9.92176 5
-9.07419 -9.64652 5
-8.83071 -9.227 5
-8.42794 -9.32324 5
-9.00214 -9.68737 5
-9.86434 -9.76742 5
-6.64241 -9.51315 5
-9.64283 -9.46768 5
-8.02788 -9.38746 5
-8.57557 -9.6211 5
-8.98962 -9.06068 5
-8.91194 -9.75627 5
-7.97267 -9.45112 5
-8.1516 -9.65846 5
-8.64802 -9.6259 5
-9.15982 -9.63009 5
-7.60932 -8.76001 5
-8.8176 -9.34773 5
-8.96598 -9.46805 5
-8.05118 -8.67818 5
-9.12848 -9.1468 5
-8.61311 -9.27374 5
-7.14695 -8.8954 5
-8.27046 -9.63989 5
-8.96805 -9.31191 5
-7.15258 -9.35108 5
-7.61287 -9.03658 5
-8.82586 -9.54696 5
-8.34602 -9.29609 5
-8.95583 -9.12049 5
-9.51971 -10.0421 5
-9.67476 -9.54136 5
-7.73715 -9.40915 5
-7.34002 -9.70921 5
-7.67598 -9.18356 5
-7.77512 -9.56219 5
-8.0741 -9.28229 5
-8.51932 -9.50068 5
-9.53389 -9.7324 5
-9.50523 -9.53546 5
-8.97637 -9.57296 5
-9.51902 -8.89118 5
-7.89921 -9.16458 5
-7.88293 -9.24853 5
-7.68782 -8.89438 5
-8.24285 -9.86601 5
-9.37591 -9.74343 5
-9.36805 -9.70725 5
-7.11315 -9.24187 5
-8.05471 -9.09633 5
-8.6274 -9.63665 5
-6.30282 -9.41302 5
-9.14612 -9.84488 5
-9.21803 -9.54663 5
-9.41155 -9.91943 5
-7.83795 -9.3969 5
-8.72099 -9.65081 5
-9.25375 -9.31216 5
-8.36541 -9.4189 5
-9.44304 -9.83913 5
-8.28051 -9.61921 5
-8.45757 -9.54208 5
-8.66038 -9.38437 5
-8.47781 -8.96881 5
-8.73855 -9.93886 5
-7.27087 -9.27417 5
-7.85908 -8.97121 5
-7.8308 -9.58607 5
-9.14403 -9.57914 5
-8.62705 -9.23249 5
-9.45137 -9.7423 5
-9.49167 -9.77141 5
-8.54842 -9.16918 5
-8.26811 -8.89071 5
-9.42474 -8.76707 5
-8.57575 -9.3624 5
-10.0533 -10.0105 5
-7.97755 -9.48509 5
-8.00919 -9.43868 5
-9.03778 -9.49285 5
-8.09597 -9.80247 5
-9.18224 -9.89682 5
-8.64342 -9.34218 5
-8.34502 -9.66323 5
-9.78325 -9.54737 5
-9.50372 -9.62495 5
-8.97416 -9.86647 5
-7.86937 -9.25227 5
-8.71067 -9.38659 5
-9.23062 -9.01095 5
-8.18679 -9.12219 5
-9.33967 -9.73858 5
-9.1525 -8.96517 5
-9.12525 -9.46295 5
-8.54399 -9.01924 5
-8.99674 -9.18611 5
-7.7684 -9.66383 5
-9.71642 -9.96146 5
-7.68662 -9.39803 5
-9.03127 -9.34504 5
-8.88522 -9.80565 5
-8.62477 -9.8618 5
-9.29762 -9.59553 5
-8.78199 -10.0926 5
-8.83339 -8.75217 5
-7.90578 -9.42575 5
-7.55164 -9.49525 5
-8.5223 -8.91764 5
-9.17345 -8.8212 5
-8.14906 -8.93332 5
-9.20819 -9.67858 5
-8.79488 -10.0581 5
-7.83619 -9.28398 5
-9.66657 -9.37158 5
-7.59676 -9.01275 5
-8.88078 -9.54247 5
-8.81528 -9.31818 5
-7.51069 -9.8784 5
-8.93622 -8.81567 5
-8.59791 -9.33829 5
-8.16509 -9.56752 5
-10.5225 -9.61472 5
-9.49927 -9.71247 5
-8.5454 -9.33214 5
-7.81206 -9.6555 5
-10.1005 -9.40452 5
-8.10056 -9.61576 5
-9.43731 -8.69647 5
-7.72919 -8.88454 5
-8.2649 -9.38437 5
-7.91259 -9.36272 5
-8.97105 -9.3564 5
-8.86684 -9.23578 5
-7.20607 -8.47972 5
-9.15614 -9.27059 5
-9.80912 -9.41894 5
-10.0455 -10.0789 5
-7.62807 -9.22432 5
-8.37834 -9.80812 5
-8.00499 -9.40556 5
-8.91958 -9.9162 5
-7.67665 -8.89814 5
-8.80144 -9.54951 5
-8.35743 -9.5318 5
-9.06564 -9.47575 5
-7.05668 -9.78086 5
-8.20967 -9.26283 5
-8.57851 -9.69927 5
-8.58432 -9.40864 5
-7.94756 -9.82521 5
-8.3301 -9.33919 5
-9.41546 -9.57351 5
-7.48644 -9.42493 5
-6.63066 -9.59783 5
-9.47284 -9.65386 5
-8.10054 -9.55907 5
-9.77158 -9.96385 5
-8.27494 -9.37487 5
-8.71549 -8.85091 5
-8.30474 -9.29556 5
-7.66194 -10.1222 5
-10.0195 -9.53149 5
-9.60037 -9.3901 5
-8.57301 -9.29969 5
-8.20441 -9.26476 5
-9.54207 -9.52894 5
-9.07485 -9.6217 5
-8.64096 -8.98018 5
-8.78639 -9.29133 5
-9.51111 -9.43609 5
-8.68046 -9.68209 5
-7.69966 -9.82763 5
-7.57262 -9.18081 5
-9.1336 -9.90256 5
-9.55564 -8.91031 5
-7.58911 -9.31729 5
-8.36533 -9.56462 5
-8.53103 -9.38389 5
-8.93117 -9.46734 5
-8.67638 -8.9627 5
-7.21325 -9.02977 5
-8.86435 -9.61027 5
-9.04653 -9.32562 5
-8.69322 -8.92019 5
-7.74258 -9.44941 5
-8.55018 -9.64007 5
-10.3006 -10.0765 5
-7.77773 -8.48825 5
-9.34293 -9.29155 5
-9.90594 -10.2545 5
-6.85398 -8.96436 5
-8.98354 -9.32717 5
-8.40044 -9.5995 5
-8.53651 -9.43575 5
-8.83499 -9.92328 5
-8.85962 -9.33026 5
-7.79095 -9.06104 5
-8.55429 -9.83803 5
-7.53996 -9.12317 5
-7.7244 -8.82728 5
-8.94392 -9.09478 5
-9.51444 -9.47058 5
-7.62204 -9.42214 5
-10.1728 -9.78939 5
-5.95905 -9.0967 5
-7.16322 -8.95012 5
-7.58449 -9.80577 5
-8.44071 -9.45955 5
-8.43142 -9.00507 5
-8.29708 -9.28329 5
-8.78249 -8.98597 5
-8.52647 -9.55578 5
-9.59593 -9.93905 5
-8.28789 -9.49278 5
-9.22379 -9.76727 5
-8.37749 -9.22681 5
-8.30398 -9.66717 5
-8.57651 -9.53703 5
-9.65057 -9.68077 5
-8.27512 -9.23556 5
-8.98703 -9.16172 5
-8.58121 -9.58101 5
-9.99462 -9.72948 5
-8.06232 -9.18448 5
-8.88872 -9.46437 5
-8.84788 -9.19196 5
-6.69105 -9.20751 5
4.83255 3.96503 6
5.05805 6.02056 6
5.53172 11.6977 6
5.79021 5.76724 6
4.91951 4.40293 6
5.04458 7.00725 6
5.25796 10.4635 6
5.21056 6.93543 6
5.16845 4.49212 6
5.16678 8.2249 6
4.87715 2.88109 6
5.09452 5.80686 6
4.81598 5.05801 6
4.97104 8.27442 6
5.05111 3.60125 6
5.19742 8.64788 6
5.1805 3.59717 6
4.98919 0.0637256 6
5.09456 1.57647 6
5.49634 4.58672 6
4.8816 6.59388 6
5.1551 10.5018 6
4.81044 8.50236 6
5.03607 3.79198 6
4.65692 9.5528 6
5.16067 5.99541 6
4.82684 6.47527 6
5.05886 7.53863 6
5.32376 6.48479 6
5.01982 1.9434 6
4.96978 6.72683 6
4.97918 7.88298 6
5.55434 2.45291 6
5.04594 6.84231 6
4.94838 4.07815 6
4.8687 7.08083 6
4.6371 4.06442 6
5.43952 2.6016 6
4.9696 3.64844 6
5.13908 3.68052 6
4.987 8.48271 6
4.9006 5.75404 6
5.56275 -1.70359 6
5.23065 6.48995 6
4.72345 6.27046 6
5.20996 15.4064 6
5.16694 -0.72466 6
5.5443 8.51194 6
4.88269 7.02772 6
4.99227 5.49268 6
5.00803 12.5411 6
4.70789 6.27228 6
4.87575 7.52298 6
4.82938 1.85852 6
5.02298 8.13513 6
5.00616 4.29517 6
5.17795 2.76575 6
4.74131 4.41338 6
5.06091 2.60375 6
5.13242 11.7054 6
5.00775 12.4004 6
4.97389 2.8959 6
5.02736 4.62808 6
4.9566 7.43873 6
4.60084 3.58656 6
5.15418 7.51737 6
5.27622 3.54948 6
5.0444 0.164169 6
5.03755 6.00344 6
4.80768 2.98268 6
5.31304 4.22073 6
4.81939 6.40806 6
4.9709 8.42736 6
5.15859 8.57891 6
5.03542 13.1704 6
4.98742 9.07599 6
5.1111 6.41613 6
5.2745 5.26115 6
4.08901 9.50991 6
4.84965 -0.556489 6
4.40187 -1.3992 6
5.19518 7.18123 6
4.82348 4.89421 6
5.22259 5.4028 6
5.24902 6.23255 6
5.28759 11.8845 6
4.8112 8.54773 6
5.2719 4.73639 6
5.47513 8.71011 6
5.12873 7.22681 6
4.92623 3.72795 6
5.29727 3.17959 6
5.43114 9.53987 6
5.45111 7.21294 6
4.91109 6.99754 6
4.95771 9.03012 6
5.00296 7.24242 6
5.13464 2.28716 6
5.07627 6.36178 6
4.6851 5.8439 6
4.57824 7.02544 6
5.05608 6.34072 6
4.96315 5.80866 6
4.79543 3.86973 6
4.9877 0.132542 6
5.0202 8.63648 6
5.42013 6.98045 6
5.18594 5.97475 6
4.98649 7.87729 6
4.94875 3.50226 6
5.20035 6.25488 6
5.67268 6.84351 6
5.15649 9.28411 6
5.27554 8.94798 6
5.46939 1.69035 6
5.29812 7.39789 6
5.04575 8.16787 6
5.18508 3.82774 6
4.99569 6.56938 6
5.38014 4.70599 6
4.83716 0.879286 6
5.4842 4.28364 6
4.60867 7.94121 6
4.97865 7.62486 6
5.5077 7.21562 6
4.90136 4.03742 6
4.87309 5.67932 6
4.84381 9.40627 6
5.0559 5.53331 6
4.85733 7.54681 6
5.3881 5.90876 6
4.81967 7.09544 6
5.4281 2.26814 6
5.20876 8.60379 6
5.22216 9.28682 6
5.16429 6.41774 6
4.90697 5.92468 6
5.31873 1.81068 6
5.30265 6.63651 6
5.14738 6.88721 6
5.35589 8.01667 6
5.37659 9.73216 6
5.15523 4.57596 6
5.24706 6.66375 6
5.00925 9.79279 6
5.0881 8.63534 6
5.25442 5.93368 6
5.03397 6.90011 6
5.08296 8.40031 6
5.32015 1.21033 6
4.92404 9.50107 6
5.18325 5.70346 6
4.78473 3.66536 6
5.21357 3.58165 6
4.99523 3.7552 6
4.99772 -1.38631 6
5.13228 2.31693 6
4.86784 6.19574 6
4.61324 6.86429 6
5.18193 2.75854 6
5.32254 4.22067 6
4.83176 3.417 6
5.01153 6.25555 6
5.24312 3.28418 6
5.37272 10.074 6
4.96695 5.19819 6
5.11581 -0.925039 6
5.31069 0.536054 6
4.95021 2.44569 6
5.02699 5.08967 6
5.02188 7.53805 6
5.4544 9.18348 6
5.17074 2.31512 6
5.00838 -0.278413 6
5.20576 7.44661 6
5.19956 8.21041 6
5.22866 10.0292 6
4.98499 7.99951 6
4.86978 4.58205 6
4.62996 5.68534 6
4.82964 2.77879 6
4.91239 2.52674 6
5.30992 6.38074 6
4.99546 3.51508 6
5.35841 3.54247 6
4.76342 1.81521 6
5.0168 9.48954 6
4.56365 6.35167 6
5.38601 4.95142 6
4.73588 7.06689 6
5.29039 7.47143 6
5.30252 5.65391 6
5.08792 2.23957 6
5.30149 8.14113 6
4.99022 -0.105592 6
5.46546 13.4712 6
5.2138 5.37643 6
4.9731 4.0982 6
5.74079 8.23341 6
5.16978 5.44412 6
4.98946 5.90275 6
5.07208 3.7287 6
5.16409 4.39914 6
5.19834 6.76687 6
5.07273 6.94692 6
5.23579 8.81055 6
5.05116 1.97741 6
5.12885 1.5339 6
5.62677 10.5368 6
5.15227 5.94989 6
5.28492 -0.800033 6
4.65667 4.02863 6
4.60457 10.8884 6
5.53741 5.373 6
4.88023 5.62541 6
4.96639 1.29233 6
5.00245 8.39202 6
5.12336 2.33408 6
5.14254 7.23424 6
5.09128 1.54325 6
5.24362 3.60513 6
5.31307 6.09908 6
5.42475 4.25303 6
4.9764 5.72495 6
5.36128 7.04979 6
5.2127 3.26066 6
5.58905 8.64962 6
5.18611 8.97726 6
5.43648 1.52207 6
5.58292 5.02298 6
5.23682 5.36154 6
5.23491 11.0441 6
5.20901 11.6616 6
5.11661 8.16462 6
5.27043 3.32858 6
5.12602 1.03583 6
5.10864 6.01135 6
5.44705 11.9365 6
5.24051 7.30764 6
5.39488 5.30667 6
5.26775 3.54464 6
5.29087 -1.50424 6
5.83828 6.37011 6
5.11201 10.8458 6
5.28075 7.73658 6
5.49936 7.92554 6
5.04732 5.87001 6
5.20335 9.97869 6
5.48377 3.87804 6
5.2915 3.86236 6
4.96533 5.19292 6
4.97928 9.99927 6
5.01536 7.36508 6
5.08871 5.75905 6
5.02458 11.5947 6
5.01925 6.22079 6
5.01323 3.4544 6
5.04976 4.00132 6
5.38231 5.76782 6
4.61286 2.42535 6
5.29423 8.74654 6
4.84846 1.49565 6
4.99144 -3.52014 6
5.20551 0.277287 6
5.18014 1.95579 6
4.62165 8.05188 6
5.2092 3.79389 6
5.31679 2.64995 6
5.19309 1.63808 6
5.31785 3.82063 6
4.95131 3.64799 6
5.02054 9.24714 6
5.27652 3.56208 6
4.85881 7.61712 6
5.20683 4.46172 6
5.34938 3.66176 6
4.866 3.56126 6
5.09764 6.36425 6
5.21931 6.90815 6
5.36658 8.49617 6
5.16469 6.28465 6
5.16343 6.34636 6
5.57515 6.34029 6
4.90757 3.33866 6
5.01459 3.33221 6
4.91517 -0.565089 6
4.83392 6.36884 6
4.99416 4.99644 6
5.36363 5.44472 6
4.96917 5.49 6
4.94495 5.18773 6
5.13837 6.8914 6
4.92095 5.61304 6
5.11569 5.67093 6
4.8554 4.92358 6
4.99072 9.7275 6
4.87631 8.87538 6
4.83462 7.01046 6
4.83936 2.77927 6
5.05013 -0.454787 6
5.15823 -0.0140084 6
4.81862 6.97618 6
5.8046 4.2208 6
4.68904 -0.344838 6
4.82469 -3.29678 6
4.8378 7.36093 6
5.62595 1.78173 6
5.07898 7.40572 6
5.39464 6.53662 6
5.13712 8.75064 6
5.12968 10.799 6
4.81216 5.58793 6
5.37399 4.37474 6
5.01972 7.51946 6
4.74586 7.24691 6
4.86818 3.29542 6
5.03863 5.3978 6
5.0761 2.89709 6
5.46622 7.73565 6
5.41022 6.66829 6
5.6305 1.0505 6
5.08622 4.68349 6
5.36989 12.4375 6
5.277 6.28161 6
5.11189 9.83606 6
5.36652 6.11679 6
5.32249 5.42488 6
5.2314 6.29082 6
5.12125 9.15402 6
5.45053 7.90818 6
4.90588 6.75275 6
4.61933 6.37298 6
5.41387 4.14855 6
5.32048 6.26113 6
5.20228 6.96116 6
4.83965 3.51285 6
5.06262 9.34293 6
5.27782 5.29826 6
5.08629 5.96057 6
5.49039 5.21486 6
4.80603 4.91859 6
4.87895 6.33712 6
4.97956 5.9282 6
4.97011 4.53516 6
5.49952 6.23983 6
5.00293 5.57978 6
5.08315 -1.66913 6
4.92535 0.523889 6
5.00842 11.0666 6
5.09418 3.04779 6
5.18694 11.4749 6
5.17756 5.62148 6
5.16774 11.4508 6
5.02831 2.47331 6
4.95381 7.82275 6
5.00137 9.06826 6
5.19642 4.87292 6
5.10756 6.22205 6
5.05638 2.6105 6
5.02957 11.6502 6
5.2437 10.6977 6
4.7225 10.4123 6
5.59828 3.80615 6
5.17432 2.56812 6
5.57277 -1.19094 6
5.58263 9.96426 6
5.42877 -4.45503 6
4.87401 8.491 6
5.22687 6.76567 6
5.31382 6.24706 6
5.0905 11.5495 6
5.16107 1.87801 6
5.17367 10.1777 6
5.54974 -0.381649 6
5.12375 6.59466 6
5.23892 4.579 6
4.61498 0.509385 6
5.54445 3.34669 6
5.1654 8.89737 6
4.71351 10.8862 6
5.09349 4.63521 6
5.24546 9.32417 6
5.25854 8.17717 6
4.8518 9.92344 6
5.08053 4.4038 6
5.30138 8.94091 6
4.8889 4.06574 6
5.20677 3.45917 6
4.57823 1.30056 6
5.08948 7.67927 6
5.49459 8.82246 6
5.23345 8.24155 6
4.66171 0.0471295 6
5.43575 7.68882 6
5.02585 5.67351 6
4.53684 2.90291 6
4.74737 7.05996 6
5.11977 1.8265 6
5.61503 2.31404 6
5.0857 3.26049 6
5.17227 5.63459 6
5.15734 3.73915 6
5.32604 6.33643 6
5.01389 5.49742 6
5.27511 5.3399 6
5.12302 4.93269 6
5.02462 0.980192 6
5.0898 8.79768 6
4.81781 10.6361 6
5.30644 12.0729 6
5.43847 6.34307 6
5.2292 4.11637 6
4.80539 2.66351 6
5.7402 1.82581 6
4.82399 7.0031 6
4.66837 8.25933 6
4.80779 2.2305 6
4.71187 6.04792 6
5.00679 3.67166 6
4.87222 4.3425 6
5.30549 7.99592 6
5.01466 5.90425 6
4.89329 10.5429 6
5.16372 4.77721 6
4.85968 0.553866 6
5.11023 3.06609 6
5.39776 6.779 6
5.91262 4.7668 6
4.7345 8.12929 6
4.94177 8.44066 6
4.98798 5.66232 6
5.33508 8.07699 6
4.9417 2.55048 6
5.3528 10.4439 6
5.06548 7.85566 6
5.24686 8.75929 6
5.24498 6.56648 6
4.93606 7.38709 6
4.63554 0.738887 6
5.00658 6.16148 6
4.70837 7.0599 6
4.78871 3.57513 6
5.06841 4.69014 6
4.99234 9.30208 6
5.17135 7.30069 6
5.53703 0.284798 6
5.00372 0.631661 6
5.01492 5.07515 6
4.95631 3.52761 6
5.48684 5.33334 6
5.34869 5.28427 6
5.37452 8.01805 6
4.9844 10.9022 6
5.31099 10.869 6
5.21229 8.26256 6
4.66415 6.03091 6
5.25101 6.7837 6
5.13851 5.89002 6
5.07372 6.3791 6
4.79411 5.87337 6
5.04342 5.68772 6
5.1472 0.267715 6
4.81345 1.06741 6
5.492 4.43774 6
5.4005 3.91484 6
5.19644 10.6222 6
5.26353 4.78936 6
5.7042 10.0826 6
4.78313 5.97031 6
5.29355 5.92512 6
5.43064 8.15451 6
5.06214 7.41173 6
5.22065 0.909345 6
4.82083 3.52437 6
5.29466 6.49209 6
4.60876 5.69752 6
5.02665 6.26551 6
5.06219 4.90674 6
5.54791 8.72526 6
4.56463 8.02113 6
4.88903 1.52068 6
5.06891 7.69188 6
5.32918 3.59148 6
5.01904 8.67542 6
5.32508 7.70706 6
5.1116 4.01097 6
4.57907 4.64604 6
1.61107 -7.26362 7
1.48967 -7.5813 7
1.94152 -7.40491 7
1.65784 -8.0731 7
1.34169 -7.91757 7
2.05125 -7.52231 7
1.86969 -7.88028 7
1.19709 -7.81965 7
1.65859 -7.4839 7
2.01733 -7.10575 7
1.35117 -7.43205 7
1.5074 -7.54417 7
1.67505 -7.25943 7
1.83312 -7.61058 7
1.74055 -7.30626 7
1.64788 -7.33969 7
1.95729 -7.70547 7
1.47014 -7.48136 7
1.60261 -7.78612 7
1.86286 -7.40948 7
1.55255 -7.25597 7
1.86458 -7.07484 7
2.05836 -7.1098 7
1.82017 -7.87264 7
1.48097 -7.27688 7
1.74188 -7.20822 7
1.50259 -7.29927 7
1.57001 -7.47818 7
1.64552 -7.01164 7
1.96953 -7.66248 7
1.74365 -7.68889 7
1.3956 -7.56622 7
1.60714 -7.64722 7
1.84053 -7.21533 7
1.87627 -7.38212 7
1.7919 -7.78763 7
1.93166 -7.2094 7
1.39983 -7.29999 7
1.65969 -7.43345 7
1.80238 -7.67561 7
1.85874 -7.92644 7
1.97095 -8.03116 7
1.52047 -7.42419 7
1.54806 -7.89695 7
1.53898 -7.87845 7
1.74025 -7.50467 7
1.77352 -7.48099 7
1.7813 -7.79315 7
1.44325 -7.66946 7
1.72614 -7.5398 7
1.81972 -7.16156 7
2.02612 -7.56763 7
1.69411 -7.68996 7
1.76682 -7.43704 7
1.46937 -7.29984 7
1.44489 -7.21099 7
2.03563 -7.54162 7
1.42016 -7.25714 7
1.72105 -7.59122 7
1.65221 -7.8743 7
1.78027 -7.51284 7
2.07024 -7.90254 7
1.90807 -7.7317 7
1.628 -7.6672 7
1.55138 -7.86098 7
1.63739 -7.548 7
1.38681 -7.38513 7
1.26942 -7.72355 7
1.49786 -7.67964 7
1.44843 -6.90976 7
1.37191 -7.4772 7
1.5353 -7.38681 7
1.91279 -7.34932 7
1.59677 -7.929 7
1.77861 -7.10926 7
1.6319 -7.3928 7
1.57277 -7.20051 7
1.74836 -7.68567 7
1.65374 -7.5802 7
1.95027 -7.38529 7
1.49205 -7.36106 7
1.7832 -7.28898 7
1.46602 -8.06723 7
1.82035 -7.89423 7
1.74692 -7.83061 7
1.36393 -7.38181 7
1.63462 -7.15999 7
1.6505 -7.72174 7
1.47519 -7.88313 7
1.55517 -7.42831 7
1.26235 -7.42531 7
1.63301 -7.66507 7
1.50831 -7.51822 7
1.11282 -7.02407 7
1.68669 -7.5126 7
1.84124 -7.75337 7
1.40097 -7.44251 7
1.70604 -7.34066 7
1.63659 -7.40272 7
1.73932 -7.01116 7
1.58956 -7.48184 7
1.91606 -7.65868 7
1.69707 -7.62021 7
1.9569 -7.37931 7
1.58907 -7.75785 7
1.86176 -7.30727 7
1.46136 -7.90987 7
1.44805 -7.481 7
1.0807 -7.62406 7
1.88856 -7.38743 7
1.51474 -7.51053 7
1.35436 -7.10897 7
2.21216 -7.04556 7
1.86506 -7.48447 7
1.41618 -7.67922 7
1.58945 -7.93239 7
1.83944 -7.4927 7
1.83465 -7.68505 7
1.43999 -7.69151 7
1.95489 -7.21662 7
1.78325 -7.4916 7
1.43816 -7.65863 7
1.5736 -8.13122 7
1.49609 -7.09467 7
1.67689 -8.03568 7
1.97998 -7.41068 7
1.76099 -7.66215 7
1.84478 -7.51064 7
1.72474 -7.4962 7
2.05027 -7.58516 7
1.6635 -7.66357 7
1.64021 -7.78562 7
1.59554 -7.45931 7
1.8353 -7.32662 7
1.46994 -7.50778 7
1.689 -7.61117 7
1.75062 -7.19876 7
1.59418 -7.93956 7
1.52137 -7.23106 7
2.03644 -7.42653 7
1.62892 -7.5218 7
1.42072 -7.23877 7
1.7912 -7.51843 7
2.14706 -7.42554 7
1.88379 -7.47404 7
1.51854 -7.27057 7
1.57917 -7.69523 7
1.69454 -7.51512 7
1.46144 -7.43198 7
1.58827 -7.75489 7
1.74732 -7.29842 7
1.89646 -7.347 7
1.56405 -7.40552 7
1.84355 -8.19348 7
2.04163 -7.55414 7
1.62034 -7.51119 7
1.72783 -7.84672 7
1.88901 -7.68119 7
1.93009 -7.45696 7
1.63295 -7.64843 7
1.62136 -7.3485 7
1.59126 -7.42425 7
1.64443 -7.82077 7
1.63073 -7.60092 7
1.46152 -8.07513 7
1.37548 -7.43093 7
1.87154 -7.501 7
1.72727 -7.2471 7
1.71816 -7.66769 7
1.69209 -7.38392 7
1.78043 -7.16412 7
1.62335 -7.71106 7
1.31028 -8.1346 7
1.55215 -7.78399 7
1.74271 -7.43085 7
1.71401 -7.38386 7
1.59577 -7.84328 7
1.63503 -7.70239 7
1.77717 -7.71061 7
1.64003 -7.56392 7
1.80843 -7.45498 7
1.52703 -7.10627 7
1.68159 -7.65064 7
1.45941 -7.45008 7
1.97187 -7.4867 7
1.71139 -8.20997 7
1.56037 -7.95315 7
1.69877 -7.1973 7
2.01333 -7.21847 7
1.68273 -7.4012 7
1.69853 -7.52438 7
1.69657 -7.73331 7
1.82736 -7.47957 7
1.78814 -7.48009 7
2.01427 -7.35826 7
1.44765 -7.56154 7
1.97679 -6.94259 7
1.21894 -7.45388 7
1.95382 -7.53989 7
1.64076 -7.69429 7
1.70038 -7.27057 7
2.10259 -7.21655 7
1.59657 -7.53209 7
1.58725 -7.4687 7
1.52081 -7.4008 7
1.48202 -7.28172 7
2.03749 -7.81194 7
1.50513 -7.82256 7
1.86291 -7.55604 7
1.67984 -7.49563 7
1.76611 -7.36928 7
1.74526 -7.37841 7
1.82078 -7.56669 7
1.68458 -7.1666 7
1.83554 -7.76231 7
1.21373 -8.21207 7
1.73545 -7.83574 7
1.95708 -7.32488 7
1.2826 -7.46032 7
1.64407 -7.41064 7
1.73177 -7.20488 7
1.98758 -7.87056 7
1.6833 -7.75325 7
1.53026 -7.71527 7
1.74196 -7.34594 7
1.70382 -7.68857 7
2.00717 -7.32822 7
1.59384 -7.67866 7
1.42428 -8.06065 7
1.42816 -7.83924 7
1.18804 -8.07408 7
1.52989 -7.80379 7
1.28539 -7.705 7
2.02604 -7.46858 7
1.27632 -7.57628 7
1.89282 -7.48459 7
1.8058 -7.35545 7
1.78219 -7.29885 7
1.29751 -7.83139 7
1.84115 -7.44065 7
1.72787 -7.47409 7
1.7433 -7.20255 7
2.01227 -7.69886 7
2.01164 -7.41775 7
1.61527 -7.59082 7
1.81353 -7.688 7
1.83072 -7.76646 7
1.57545 -7.49649 7
1.45541 -7.679 7
1.53628 -8.05152 7
1.66889 -7.56509 7
1.90039 -7.87647 7
1.75101 -7.46464 7
1.70454 -7.62783 7
1.84229 -7.25447 7
1.50222 -7.13044 7
1.45495 -7.66297 7
1.70145 -7.54129 7
1.76825 -7.41545 7
1.63894 -7.8962 7
1.7029 -7.92504 7
1.32108 -7.78851 7
1.9333 -7.44165 7
1.53004 -7.7572 7
1.25524 -7.6419 7
1.23125 -7.45239 7
1.46314 -7.61609 7
1.42269 -7.20849 7
1.64393 -7.85287 7
1.89079 -7.44202 7
1.8888 -7.45779 7
1.56958 -7.84857 7
1.83769 -7.78558 7
1.49306 -7.38374 7
1.67426 -7.39963 7
1.81413 -7.92398 7
1.64707 -7.39611 7
1.50612 -7.41231 7
1.73677 -7.79033 7
1.62354 -7.38602 7
1.51152 -7.38026 7
1.54585 -7.83711 7
1.49988 -7.55005 7
1.81185 -7.4641 7
1.61257 -7.26061 7
1.86952 -7.76246 7
1.44611 -7.81848 7
1.57446 -7.67464 7
1.60562 -7.77492 7
1.66863 -7.90088 7
1.68383 -7.63291 7
1.61964 -7.59999 7
1.80478 -7.7965 7
1.7777 -7.85574 7
1.35274 -7.63263 7
1.48752 -7.09444 7
1.66301 -7.45737 7
1.63461 -7.56333 7
1.82103 -7.62327 7
1.20577 -7.77715 7
1.59953 -7.59278 7
1.19584 -7.69526 7
1.41457 -7.95036 7
1.72657 -7.62459 7
1.20901 -7.30638 7
1.45821 -7.66289 7
1.87173 -7.83481 7
1.94933 -7.47605 7
1.81961 -7.53077 7
1.06748 -7.59447 7
1.76476 -7.74391 7
1.95325 -7.72122 7
1.95687 -7.96921 7
1.45234 -7.54461 7
1.60413 -7.9511 7
1.7991 -6.81331 7
1.39201 -7.4331 7
1.64947 -7.69691 7
2.02773 -7.12105 7
1.42039 -7.77137 7
1.54548 -7.35359 7
1.8056 -7.37827 7
1.54893 -7.88192 7
1.94073 -7.36436 7
1.42853 -7.98143 7
1.76633 -7.30065 7
1.48463 -7.53651 7
1.42766 -7.23486 7
1.77049 -7.3232 7
1.40841 -7.26006 7
1.55529 -7.42235 7
1.28822 -7.36666 7
1.48539 -7.78853 7
1.60695 -7.31597 7
1.7838 -7.78558 7
1.94248 -7.54635 7
1.84237 -6.95634 7
2.05802 -7.6347 7
1.57626 -7.53099 7
2.17433 -7.61026 7
1.85168 -7.59563 7
1.79839 -7.46277 7
1.57894 -7.60591 7
1.66183 -7.70205 7
1.79732 -7.19267 7
2.07029 -7.43144 7
1.81494 -7.65405 7
1.55413 -7.72953 7
2.01741 -7.43535 7
1.71021 -7.51972 7
1.78582 -7.59791 7
1.74386 -7.06584 7
1.74109 -7.28 7
1.45479 -7.78619 7
1.61811 -7.48804 7
1.77155 -7.91289 7
1.90623 -7.48575 7
1.67139 -7.71729 7
1.80368 -7.28022 7
1.58968 -7.95866 7
1.3746 -7.55805 7
1.72601 -7.32388 7
1.63162 -7.40437 7
1.58307 -7.29705 7
1.88437 -7.45274 7
1.93233 -7.95247 7
1.52036 -7.32829 7
1.40437 -7.45999 7
1.92159 -7.34396 7
1.79674 -7.37533 7
1.52702 -7.85055 7
1.57611 -7.38442 7
1.77494 -7.62661 7
1.68125 -7.47686 7
1.13323 -7.60202 7
2.13534 -7.81826 7
1.89995 -7.74951 7
1.96252 -7.04838 7
1.48153 -7.80341 7
1.38297 -7.71959 7
1.73938 -7.55084 7
1.70698 -7.63338 7
1.83226 -7.40536 7
1.68043 -7.38057 7
1.86784 -7.76916 7
1.55399 -7.6774 7
1.59969 -7.32832 7
2.03883 -7.89419 7
2.09154 -7.56841 7
1.8476 -7.32609 7
1.03515 -7.45178 7
1.88946 -7.66302 7
1.65185 -7.48423 7
1.62078 -7.89802 7
1.65762 -7.44278 7
1.52856 -7.79636 7
1.74122 -7.26113 7
1.6313 -7.83521 7
1.54666 -7.28403 7
1.42433 -7.73339 7
1.66056 -7.99913 7
1.33217 -7.43764 7
2.17765 -7.21422 7
1.25382 -7.46782 7
1.46827 -7.73047 7
1.73875 -7.46991 7
1.44689 -7.54716 7
1.20641 -7.31259 7
1.62217 -7.3121 7
1.77537 -7.20895 7
1.41713 -7.86783 7
1.38906 -7.79288 7
1.48064 -7.60494 7
1.80028 -7.48051 7
1.33937 -7.48995 7
1.75222 -7.85683 7
1.84101 -6.8835 7
1.57848 -7.65391 7
1.66717 -7.42993 7
1.72942 -7.51387 7
1.70523 -7.63812 7
1.8591 -7.57322 7
1.61181 -7.39773 7
1.6868 -7.6358 7
1.87716 -7.19699 7
1.66657 -7.40075 7
1.9092 -7.50242 7
1.4918 -7.85097 7
1.92079 -8.06596 7
1.50857 -7.30303 7
2.27499 -6.89029 7
1.60721 -7.14526 7
1.75442 -7.99379 7
1.77676 -7.78264 7
1.76907 -7.56161 7
2.00533 -8.00207 7
1.5937 -7.93087 7
1.71726 -7.45034 7
1.8725 -7.30517 7
1.38626 -7.79633 7
1.65186 -7.36105 7
2.0609 -7.59433 7
1.58698 -7.99578 7
1.52309 -7.77863 7
1.62838 -7.65275 7
1.36026 -7.56694 7
1.78836 -7.96472 7
1.54729 -7.37066 7
1.60346 -7.4202 7
1.77433 -7.53588 7
1.83975 -7.5221 7
1.43546 -6.93094 7
1.65478 -7.8325 7
1.82447 -7.32919 7
1.87386 -7.55096 7
2.16753 -7.30531 7
1.95217 -7.57655 7
1.61398 -8.39959 7
1.69803 -7.51123 7
1.53973 -7.67411 7
1.75726 -7.8472 7
2.03213 -8.0871 7
1.57856 -7.97694 7
1.94861 -7.34606 7
1.4705 -7.62056 7
1.39146 -7.51802 7
1.77751 -7.50236 7
1.71428 -7.6534 7
1.86867 -7.3618 7
1.64527 -7.63356 7
1.61391 -7.5374 7
1.69568 -8.03871 7
1.84076 -7.64622 7
1.4312 -7.52297 7
1.83813 -8.0161 7
1.78184 -7.80536 7
1.6091 -7.62387 7
1.40346 -7.79066 7
1.5949 -7.63334 7
1.67427 -7.40238 7
1.92159 -7.67211 7
2.13678 -7.42726 7
1.26215 -7.74091 7
1.90138 -7.75484 7
-0.953291 1.56468 8
-1.02794 0.984837 8
-0.899878 1.216 8
-1.17803 0.938345 8
-1.10781 1.37065 8
-0.802513 0.698663 8
-1.17616 0.503034 8
-1.12138 1.30349 8
-0.850012 0.409584 8
-1.1562 1.38916 8
-1.17299 1.23355 8
-0.874271 0.788061 8
-1.01416 1.01681 8
-0.694847 0.600025 8
-0.799234 0.28445 8
-1.12998 1.06588 8
-0.83217 1.03754 8
-0.986648 1.72058 8
-1.10251 1.10615 8
-0.883074 0.678213 8
-0.927159 1.37731 8
-1.26908 0.549332 8
-1.22507 0.875223 8
-1.18169 1.05394 8
-0.992439 1.62455 8
-1.09508 1.18411 8
-1.20679 1.0697 8
-0.954716 0.477475 8
-0.675877 0.674301 8
-0.86987 0.890296 8
-1.11871 1.04701 8
-0.762732 1.21864 8
-0.770344 0.738229 8
-0.882037 0.987634 8
-1.18057 1.31991 8
-1.07025 1.26019 8
-1.20365 1.27154 8
-0.908228 0.0859677 8
-1.25965 1.15179 8
-1.00598 0.695134 8
-1.30033 1.09979 8
-1.14024 0.822789 8
-1.21811 1.46487 8
-0.638123 0.6802 8
-0.983977 0.831285 8
-1.30835 1.16984 8
-0.963016 1.35678 8
-1.18093 0.995435 8
-1.15933 1.37524 8
-0.844912 0.44015 8
-0.827251 0.108334 8
-1.28247 1.29128 8
-0.693234 0.530249 8
-0.839566 0.987923 8
-1.22836 1.32843 8
-1.45926 1.20644 8
-1.09119 0.890383 8
-1.00628 1.38335 8
-1.16837 0.922462 8
-1.16869 1.14194 8
-0.790291 0.998927 8
-1.09267 1.14519 8
-1.0858 1.3746 8
-0.946752 1.242 8
-1.03541 0.977502 8
-1.12838 1.79756 8
-1.05617 0.964981 8
-0.769894 0.554741 8
-1.08862 1.05232 8
-1.18937 1.43194 8
-1.23096 0.75619 8
-1.25269 1.13998 8
-1.23651 1.47909 8
-0.842165 0.778053 8
-1.01861 1.36032 8
-0.655176 0.476503 8
-0.976342 1.21074 8
-1.20629 1.2777 8
-0.868707 0.754407 8
-0.793311 1.15882 8
-0.632129 0.885086 8
-0.858841 1.06685 8
-1.05358 0.922034 8
-1.29954 0.602147 8
-0.992809 0.86716 8
-0.839337 0.577419 8
-1.26569 1.11595 8
-1.08563 0.820174 8
-0.983144 0.192388 8
-1.03593 0.994925 8
-0.821041 0.93544 8
-1.17316 1.33533 8
-0.942803 1.47544 8
-1.3937 2.1333 8
-0.874404 0.386415 8
-1.22735 0.92388 8
-1.11151 1.26235 8
-0.821733 0.78347 8
-1.01044 0.455545 8
-0.959954 0.756244 8
-0.934655 0.0137586 8
-0.977553 1.29645 8
-1.09981 1.66558 8
-1.04532 1.18137 8
-0.977686 0.737079 8
-0.852431 0.605984 8
-0.88259 0.493184 8
-0.931738 1.45284 8
-0.654029 0.331823 8
-0.959843 0.892322 8
-1.15922 0.892477 8
-1.02396 0.965903 8
-0.772503 1.06427 8
-0.882274 1.27294 8
-1.2293 1.1574 8
-1.03013 1.14915 8
-1.30458 1.16577 8
-0.905546 1.17538 8
-1.21477 1.33946 8
-1.10731 1.43876 8
-1.37605 1.28368 8
-1.25019 0.770928 8
-0.959838 1.1576 8
-0.846458 0.486988 8
-1.32357 1.5084 8
-0.923796 0.548893 8
-0.962108 0.536462 8
-1.09814 1.26832 8
-1.2767 0.823095 8
-1.00097 1.61804 8
-0.951057 1.09998 8
-1.04552 0.606345 8
-1.01344 1.51072 8
-0.830865 0.475957 8
-0.800056 0.644173 8
-1.07993 0.844716 8
-1.05985 1.09836 8
-1.03849 1.30356 8
-0.788713 0.832372 8
-1.09095 1.11994 8
-0.773242 0.679848 8
-1.28105 1.12651 8
-1.32356 0.933844 8
-1.27657 1.13693 8
-1.10703 1.37365 8
-1.04455 1.24974 8
-1.1644 1.31781 8
-0.899761 0.83227 8
-1.30871 1.75995 8
-1.26116 1.1797 8
-1.24616 0.959623 8
-1.08475 1.56253 8
-1.58192 1.47813 8
-0.909699 0.933264 8
-0.851665 0.673695 8
-0.894797 0.617335 8
-0.512564 0.140472 8
-0.92021 0.732087 8
-1.14318 1.59215 8
-0.974179 0.956675 8
-1.08106 1.20584 8
-0.949654 1.01728 8
-1.11312 0.5893 8
-1.13197 0.994881 8
-0.830942 1.1635 8
-0.942565 0.668312 8
-0.890684 0.58545 8
-0.70704 0.379151 8
-1.13491 1.87191 8
-0.851681 0.968003 8
-1.54286 1.25497 8
-1.11006 1.17589 8
-1.27909 1.20633 8
-1.11751 1.66461 8
-0.978218 1.26609 8
-0.583384 0.209383 8
-0.809687 1.21851 8
-1.23353 1.59513 8
-0.9741 0.752273 8
-0.70591 -0.158449 8
-1.01806 0.803903 8
-0.816095 0.524897 8
-1.11974 1.08736 8
-0.918837 0.704924 8
-0.978437 0.565062 8
4.08584 -5.06598 9
4.99216 -6.22824 9
4.47886 -5.612 9
3.8768 -5.18002 9
4.92912 -5.85308 9
4.05068 -5.39422 9
4.51378 -5.95925 9
4.71738 -5.72379 9
4.38228 -5.45583 9
4.20067 -5.24721 9
4.07831 -5.04188 9
4.77519 -5.8158 9
4.98637 -6.11315 9
3.83229 -4.9642 9
4.99294 -5.72874 9
3.66312 -4.79115 9
3.89872 -4.69536 9
4.06844 -5.36164 9
4.56445 -5.56793 9
3.9819 -5.12481 9
4.61086 -5.65883 9
4.43664 -5.48503 9
4.23855 -5.67485 9
4.09511 -5.27836 9
4.32074 -5.43419 9
5.03207 -5.88186 9
5.27055 -6.12859 9
4.36923 -5.46692 9
4.98236 -6.16274 9
4.69755 -5.75766 9
5.34953 -6.12377 9
4.86716 -5.96417 9
4.33686 -5.55935 9
5.15662 -6.18756 9
5.28422 -6.0259 9
4.34276 -5.60217 9
4.58206 -5.42016 9
5.039 -5.93413 9
4.67094 -5.95708 9
5.52011 -6.52341 9
5.13958 -6.14759 9
4.9451 -6.00454 9
4.49662 -5.87144 9
5.16139 -6.30283 9
4.5291 -5.63176 9
4.53286 -5.8281 9
4.50272 -5.29823 9
4.56821 -5.5056 9
4.38778 -5.25386 9
4.22136 -5.60856 9
5.65887 -6.27923 9
3.58337 -5.01671 9
5.12229 -6.11691 9
4.05123 -4.85336 9
4.64882 -5.60182 9
4.60977 -5.76128 9
4.68982 -5.84129 9
4.43323 -5.68368 9
4.77529 -5.87563 9
4.56535 -5.97528 9
4.77862 -5.93699 9
4.56959 -5.59486 9
4.78935 -5.76749 9
4.20865 -5.22905 9
4.09486 -5.22997 9
5.04718 -6.05064 9
4.69911 -5.63429 9
5.12826 -6.08214 9
4.61035 -5.9017 9
4.44167 -5.98083 9
4.87312 -6.0476 9
4.87704 -5.93183 9
5.66476 -6.58298 9
4.46185 -5.50709 9
4.53748 -5.59869 9
4.78661 -5.84271 9
3.91971 -5.31899 9
4.20075 -5.2495 9
4.65044 -5.68843 9
5.34341 -6.39117 9
4.04796 -4.96862 9
4.83404 -5.84411 9
5.25318 -6.20401 9
5.11021 -6.14573 9
4.86704 -5.65083 9
4.97572 -6.1547 9
4.67665 -5.79908 9
4.44529 -5.68067 9
4.4475 -5.2598 9
4.99584 -6.30849 9
4.23109 -5.66763 9
4.62223 -5.5846 9
5.36284 -6.47341 9
4.67697 -5.4576 9
4.25539 -5.31145 9
4.87944 -5.76757 9
3.97935 -5.45741 9
4.76148 -5.71636 9
4.93333 -5.83932 9
5.05813 -6.26009 9
4.60233 -5.55886 9
4.15266 -5.16109 9
4.54019 -5.60134 9
5.11585 -6.09383 9
4.76531 -5.86586 9
4.61839 -5.71089 9
4.62056 -5.92089 9
3.78531 -5.077 9
3.73674 -5.23535 9
4.71981 -5.74628 9
4.56132 -5.56018 9
4.8219 -5.90114 9
4.63988 -5.83961 9
4.86695 -5.62077 9
3.93022 -5.22044 9
4.67059 -5.3338 9
4.18946 -5.24953 9
4.72789 -5.81395 9
5.03649 -6.12776 9
4.46961 -5.66215 9
4.69436 -5.63297 9
5.3563 -6.0437 9
4.92156 -6.03283 9
4.94955 -6.10574 9
4.47806 -5.61021 9
5.37231 -6.41286 9
4.21693 -5.44656 9
5.00928 -5.97914 9
4.54342 -5.40736 9
4.05764 -5.45067 9
4.7313 -5.79076 9
5.34954 -6.2707 9
5.09654 -5.85318 9
4.74019 -5.66058 9
4.88841 -5.97989 9
5.07407 -6.0278 9
3.37634 -4.57846 9
4.08365 -5.15041 9
4.37726 -5.52474 9
4.92464 -5.96475 9
4.21511 -5.19719 9
4.62355 -5.46546 9
4.78178 -5.94501 9
4.80119 -5.76522 9
4.43434 -5.77569 9
4.35698 -5.64766 9
4.81536 -5.66128 9
4.81212 -5.93212 9
4.62277 -5.46152 9
5.4161 -6.39766 9
4.25448 -5.71723 9
4.2575 -5.62716 9
4.31966 -5.70487 9
4.55283 -5.45209 9
4.84787 -5.77457 9
4.33396 -5.5357 9
3.9582 -5.32566 9
5.02126 -5.95832 9
4.64758 -6.02005 9
4.47788 -5.52831 9
4.5183 -5.46849 9
4.64527 -5.56684 9
4.95096 -5.7671 9
4.2359 -5.3983 9
4.35741 -5.85828 9
3.97971 -4.89127 9
3.9779 -5.1562 9
4.02864 -5.1848 9
5.07861 -5.86558 9
4.92586 -5.92958 9
4.93297 -5.74043 9
4.17068 -5.43506 9
