-5.13317 5.10877 0
-3.83495 3.75251 0
-6.747 4.76351 0
-6.68895 4.44374 0
-4.70601 4.17513 0
-5.52416 4.82018 0
-3.02707 4.46613 0
-7.57566 3.93891 0
-5.74578 3.2478 0
-4.36332 5.08159 0
-4.94937 5.69845 0
-6.73022 4.93239 0
-5.13051 4.62434 0
-4.02188 5.51493 0
-6.64711 4.37831 0
-4.00072 3.16128 0
-7.0982 5.92761 0
-4.30614 3.28904 0
-7.68065 4.18252 0
-6.20865 4.68776 0
-11.1252 6.47884 0
-6.37725 3.89133 0
-6.37 2.81847 0
-7.68165 4.85699 0
-7.97145 3.66038 0
-5.60616 3.87346 0
-3.47458 5.56279 0
-5.15208 5.34527 0
-4.58502 4.92833 0
-6.78859 6.67154 0
-6.30738 4.42251 0
-7.36769 3.25367 0
-5.2222 6.04229 0
-7.52634 2.73999 0
-4.03301 3.2376 0
-6.09191 4.01707 0
-6.84879 5.29481 0
-9.71504 5.11957 0
-4.49358 3.95004 0
-7.21307 4.37471 0
-7.15985 4.80161 0
-9.91535 3.71765 0
-8.05631 6.45469 0
-5.11403 3.61867 0
-4.91218 3.93641 0
-6.39158 2.88688 0
-11.1577 4.38192 0
-6.7125 4.90151 0
-9.42195 4.60063 0
-5.52517 3.95212 0
-4.68602 4.52888 0
-7.90186 3.84739 0
-6.04267 5.48836 0
-3.90324 4.65511 0
-4.56775 3.07129 0
-7.01157 3.82663 0
-1.53656 5.3103 0
-6.39353 3.13681 0
-5.66844 5.77208 0
-6.1172 5.70901 0
-4.88667 4.16716 0
-4.39339 4.41208 0
-6.51566 6.01304 0
-3.35661 4.092 0
-7.31861 5.74202 0
-7.83524 5.14489 0
-7.36378 3.22603 0
-2.87626 4.22841 0
-5.21034 3.42877 0
-4.01339 4.5071 0
-5.86189 4.97585 0
-9.80887 3.32549 0
-5.85128 3.82201 0
-6.10222 4.30113 0
-5.72509 4.0341 0
-6.9982 3.68768 0
-6.05446 3.97259 0
-5.41033 4.45423 0
-6.59802 5.61293 0
-4.36187 4.94428 0
-9.43605 4.666 0
-2.71456 4.59673 0
-5.82783 5.4746 0
-6.6004 5.1125 0
-5.10369 5.84588 0
-5.12383 3.30598 0
-4.91458 5.73401 0
-6.79099 5.68228 0
-5.42926 3.49229 0
-5.48258 4.40558 0
-6.33875 4.16063 0
-5.94231 5.77156 0
-5.01991 3.65507 0
-3.22307 3.35707 0
-9.69597 6.19773 0
-4.68725 3.77705 0
-8.30892 5.42335 0
-6.50814 7.3098 0
-5.35338 3.92647 0
-6.27162 5.04214 0
-5.21674 4.23134 0
-5.13571 4.37808 0
-4.91103 5.15519 0
-4.02603 3.61103 0
-4.60225 5.41868 0
-6.66469 4.71919 0
-8.16715 4.47867 0
-5.47109 4.72088 0
-6.31505 4.00348 0
-6.31256 4.84256 0
-1.8602 5.31732 0
-7.73537 5.2347 0
-7.63818 4.94238 0
-6.33356 5.33969 0
-2.63629 3.79488 0
-5.34482 5.18373 0
-4.54275 3.74629 0
-4.72365 4.24573 0
-6.39194 4.42465 0
-4.88501 4.78647 0
-7.96632 3.88064 0
-5.22123 4.40866 0
-5.22632 3.87727 0
-2.71691 3.78636 0
-7.52007 3.34152 0
-7.51049 6.03013 0
-5.10882 2.98287 0
-5.67662 4.33803 0
-7.20891 3.70723 0
-6.72981 4.30013 0
-6.97936 4.13201 0
-6.24136 4.07606 0
-5.9245 4.72304 0
-3.12003 3.19084 0
-5.2321 5.27616 0
-6.61881 5.18996 0
-3.40998 3.9378 0
-6.37551 3.43581 0
-4.85525 3.8562 0
-7.36798 3.93427 0
-1.77759 4.82371 0
-7.81154 2.96766 0
-8.43453 4.72015 0
-3.83779 4.72162 0
-6.22629 4.66756 0
-5.91979 5.40412 0
-6.13419 5.52683 0
-5.78077 4.08946 0
-7.41757 5.26974 0
-6.4607 3.28645 0
-3.31285 4.68131 0
-5.52392 4.95914 0
-8.93606 5.25171 0
-5.35459 3.7479 0
-6.17215 3.0339 0
-6.69399 4.44224 0
-3.16785 3.06884 0
-8.00404 5.31906 0
-4.27194 4.36631 0
-4.49713 4.40476 0
-4.6325 3.86296 0
-8.08388 5.40837 0
-6.4133 5.74155 0
-6.56265 3.19407 0
-5.31264 5.88649 0
-4.65725 5.18186 0
-3.45756 3.0785 0
-7.21834 5.03362 0
-8.3144 3.9003 0
-6.59985 4.38848 0
-2.81943 5.52032 0
-6.58962 5.93597 0
-6.43166 5.76029 0
-4.39785 4.71988 0
-6.71285 2.22544 0
-2.43032 4.4304 0
-8.00928 2.89568 0
-6.62554 5.12555 0
-5.85072 3.87731 0
-5.06316 4.34323 0
-7.39337 5.49636 0
-7.8704 5.25949 0
-4.23275 6.43562 0
-5.0474 3.38208 0
-4.83382 4.10352 0
-7.37813 5.05619 0
-4.76672 2.95385 0
-4.53584 3.90963 0
-5.74585 5.17873 0
-5.06633 5.68336 0
-5.44124 4.73317 0
-2.80615 5.02523 0
-5.49104 4.77843 0
-6.61155 4.69293 0
-7.1293 4.88655 0
-6.72617 3.97996 0
-6.6093 4.98682 0
-4.94343 3.89624 0
-4.63954 4.49528 0
-4.94607 2.66503 0
-2.93998 3.44308 0
-6.93681 5.86949 0
-7.89195 5.91657 0
-6.10181 2.97573 0
-5.59461 3.57456 0
-6.98265 5.37371 0
-5.64592 3.60587 0
-5.73106 4.55837 0
-5.7364 4.32352 0
-6.43044 5.67967 0
-4.81568 5.08151 0
-7.20936 4.36419 0
-5.86008 4.9389 0
-8.02754 4.70163 0
-7.79908 5.02938 0
-6.26498 2.63336 0
-4.549 4.48533 0
-5.75567 4.34255 0
-7.23856 4.45742 0
-2.27172 3.94457 0
-6.97672 3.9859 0
-6.52566 5.24797 0
-7.36803 3.84468 0
-5.8282 5.57475 0
-5.40022 5.35338 0
-5.13273 3.62639 0
-7.24633 5.70409 0
-5.01183 3.6019 0
-6.53328 5.37863 0
-7.40834 4.25026 0
-6.65921 3.20529 0
-6.21546 3.98144 0
-7.26887 4.18342 0
-6.3557 5.1013 0
-4.4656 5.82003 0
-4.69569 3.50974 0
-6.57005 4.64993 0
-3.50341 3.29933 0
-6.65279 4.64406 0
-5.22039 4.04507 0
-5.42228 5.6005 0
-5.64038 4.77338 0
-5.63204 5.33413 0
-4.82069 4.6084 0
-4.74327 3.97184 0
-4.70505 3.72487 0
-6.50994 3.99251 0
-6.28838 4.56239 0
-5.92777 4.96883 0
-7.61443 5.43803 0
-4.23181 2.9916 0
-4.81127 3.80374 0
-8.07971 5.51538 0
-7.29984 5.00188 0
-5.34868 4.83127 0
-7.89204 4.00458 0
-7.84051 3.14365 0
-5.68087 5.79171 0
-6.58841 4.69312 0
-8.24447 5.42731 0
-8.75227 4.85123 0
-3.47837 6.6648 0
-5.85951 3.97138 0
-7.93192 4.58767 0
-6.54044 4.53705 0
-7.81297 4.25956 0
-4.73915 3.39171 0
-4.74566 4.06844 0
-5.47977 4.52885 0
-6.56494 5.0142 0
-7.99215 5.29094 0
-9.49279 5.53567 0
-7.14751 4.84397 0
-5.49827 4.32997 0
-7.5181 3.18937 0
-7.9724 5.98994 0
-8.91484 5.28367 0
-7.90515 3.14734 0
-8.76329 3.75614 0
-5.03878 5.27333 0
-5.03727 4.28143 0
-4.01295 4.7385 0
-5.79926 2.59134 0
-5.1634 4.19975 0
-8.01715 4.29547 0
-5.98154 4.72874 0
-4.39749 3.13803 0
-2.78254 4.02698 0
-4.90024 4.62899 0
-6.54483 4.43919 0
-3.60101 4.15757 0
-5.95469 3.33305 0
-6.41382 4.57567 0
-3.83813 4.18708 0
-5.68647 4.72201 0
-3.49665 3.09644 0
-6.87075 3.85431 0
-5.68814 5.88835 0
-4.06303 5.67484 0
-6.80145 5.90544 0
-5.51893 5.91743 0
-3.94538 5.11745 0
-7.18902 4.13793 0
-4.23903 5.38075 0
-7.28798 4.10382 0
-4.94402 2.59719 0
-7.91707 3.28102 0
-7.50764 5.02734 0
-6.47572 5.12454 0
-8.34079 3.81392 0
-8.05445 5.11394 0
-7.37202 4.41959 0
-4.77353 4.32046 0
-4.85177 4.3121 0
-6.99581 5.33428 0
-5.46133 5.84656 0
-5.53321 4.52751 0
-4.31364 3.23746 0
-6.82012 4.61659 0
-6.72178 5.39853 0
-9.52802 6.17991 0
-5.66744 5.48138 0
-5.8491 4.81752 0
-1.37081 3.53345 0
-3.56019 2.79409 0
-3.34404 2.91924 0
-4.51797 5.3187 0
-6.74564 3.80269 0
-7.66329 5.5511 0
-8.09569 4.767 0
-4.38491 3.80029 0
-7.40767 5.82565 0
-3.91428 5.4256 0
-7.94825 3.81081 0
-5.03125 3.3122 0
-4.96275 3.96734 0
-6.97308 3.79424 0
-7.4456 5.88129 0
-3.98912 4.9003 0
-3.16915 4.50052 0
-5.84853 5.38104 0
-7.09127 3.13032 0
-5.63305 4.83845 0
-4.41209 5.00615 0
-4.28436 4.57591 0
-7.53083 4.55051 0
-8.88566 4.9804 0
-3.90834 3.69687 0
-5.55102 6.2193 0
-7.85166 5.57124 0
-6.76001 6.68337 0
-3.83477 3.70137 0
-5.21221 5.91374 0
-8.19151 4.73714 0
-4.58183 5.32316 0
-5.14959 4.44961 0
-5.20715 3.98101 0
-7.44283 5.06288 0
-8.17648 4.22069 0
-4.08989 5.05466 0
-8.57788 4.2341 0
-7.72896 5.20647 0
-5.79687 4.12389 0
-6.94996 3.7209 0
-4.74978 3.71299 0
-5.11735 3.99943 0
-7.58346 3.83199 0
-5.98805 3.64885 0
-9.0744 5.9463 0
-7.86213 5.88933 0
-6.18671 4.54513 0
-4.86833 6.19293 0
-3.43074 3.54165 0
-5.30417 3.01962 0
-7.19313 3.72575 0
-5.16963 6.01686 0
-5.38422 3.57973 0
-7.66484 3.93095 0
-7.94981 3.20411 0
-6.44519 4.30782 0
-7.5009 3.95804 0
-7.22963 4.517 0
-4.5722 3.96375 0
-6.88195 5.41512 0
-7.20059 4.82918 0
-7.43894 5.38065 0
-5.24634 3.85915 0
-5.35229 6.55593 0
-3.81767 4.43002 0
-5.03547 4.57993 0
-6.21123 4.69862 0
-8.31657 5.56245 0
-4.98625 3.98438 0
-7.21078 4.19605 0
-6.24809 5.17753 0
-5.56065 5.04713 0
-5.6411 4.1412 0
-6.76536 5.41658 0
-5.88329 5.50833 0
-8.24037 6.12988 0
-7.19185 2.77527 0
-7.14991 6.37663 0
-6.09793 3.95585 0
-6.1959 3.83959 0
-5.57765 2.80553 0
-6.353 5.1478 0
-4.76967 3.80124 0
-6.13521 4.15853 0
-5.32938 4.13846 0
-6.12949 4.2093 0
-5.36782 4.43832 0
-6.01475 3.73802 0
-4.99318 5.29712 0
-6.93355 4.58979 0
-7.19862 4.0112 0
-6.97092 4.57283 0
-5.43678 5.50489 0
-7.22607 5.36905 0
-4.46981 4.10559 0
-6.9573 6.11809 0
-4.90629 3.06629 0
-4.73198 3.77391 0
-8.14833 4.06665 0
-9.19275 5.12699 0
-7.47912 4.36752 0
-4.2025 4.25633 0
-4.08765 5.27377 0
-5.46812 4.05522 0
-6.10802 4.772 0
-8.23471 3.95211 0
-5.2278 2.74775 0
-4.98048 5.08995 0
-7.44403 3.73455 0
-4.81302 3.7563 0
-6.63635 4.02052 0
-7.05103 5.48637 0
-8.03468 5.86086 0
-5.98412 3.89991 0
-6.78411 4.19633 0
-7.50595 5.87901 0
-3.64783 4.72414 0
-6.09184 4.93073 0
-7.17605 5.57111 0
-6.34572 4.30096 0
-8.60234 4.34043 0
-8.30907 3.99247 0
-6.01291 5.28945 0
-8.63218 4.09262 0
-7.12042 5.32694 0
-4.61556 5.32156 0
-8.64407 6.09603 0
-5.85311 4.05897 0
-5.17109 5.13108 0
-6.64777 4.84429 0
-4.49235 3.82078 0
-5.22308 5.0075 0
-8.8232 4.53692 0
-7.20487 4.20301 0
-2.92485 2.8488 0
-4.95884 5.40691 0
-7.68263 5.33006 0
-9.36601 4.96101 0
-7.50131 4.83953 0
-3.04269 5.29025 0
-6.15089 4.63698 0
-5.77416 3.62219 0
-7.64124 4.43961 0
-7.09363 5.85208 0
-8.03909 6.10759 0
-4.36145 5.88706 0
-8.37086 4.45947 0
-7.71527 4.62291 0
-6.28937 5.44071 0
-7.65188 5.07989 0
-5.61326 5.40626 0
-4.66073 3.98903 0
-6.95971 3.30579 0
-6.37583 5.42745 0
-3.492 4.47493 0
-5.13866 4.71806 0
-6.48564 6.04577 0
-4.42905 5.01873 0
-6.44531 4.16798 0
-7.14686 6.03055 0
-5.33536 4.06778 0
-5.53353 4.91472 0
-2.91744 3.73397 0
-6.20083 3.66868 0
-6.9696 3.6813 0
-5.36971 5.62486 0
2.1614 6.56436 1
2.23032 7.55076 1
1.40748 14.2802 1
3.41181 7.13413 1
2.15288 7.10675 1
2.7535 8.6059 1
4.04534 6.56327 1
3.54383 6.41095 1
1.09958 7.62728 1
1.89986 4.60604 1
-0.0384464 9.23639 1
1.64777 7.39481 1
1.32668 9.77448 1
1.69042 6.45524 1
0.674007 7.68069 1
2.61848 9.64776 1
0.981435 6.38391 1
2.32756 2.90894 1
0.973517 4.20726 1
0.973612 5.88198 1
1.15584 3.96722 1
1.87974 6.08276 1
0.984028 11.0225 1
1.38208 10.7594 1
3.36667 10.5898 1
3.10446 5.07353 1
2.10544 5.23459 1
-0.00931223 5.12559 1
1.30072 4.55356 1
2.47731 8.98735 1
1.19648 5.39836 1
-0.108349 12.3368 1
1.35229 5.62121 1
4.08553 2.39567 1
0.0124053 6.91371 1
1.31611 8.86499 1
0.861952 7.20099 1
1.65647 2.88024 1
2.10748 7.22829 1
1.69179 9.99924 1
1.29661 4.18231 1
3.1978 5.80905 1
2.29133 11.4026 1
1.76478 13.435 1
1.637 9.83673 1
1.43726 4.07231 1
1.70279 7.80319 1
0.45162 7.73202 1
0.812558 5.93239 1
2.06183 8.0585 1
-0.0562327 10.3473 1
2.39818 4.39536 1
3.13133 10.7085 1
0.0773838 7.2872 1
3.11728 8.40252 1
2.86834 10.2955 1
2.37731 6.0053 1
1.12835 0.922989 1
3.79687 8.34609 1
2.07422 5.43865 1
1.35346 11.2228 1
3.44973 12.0643 1
2.31061 7.72101 1
2.68712 7.93159 1
0.792744 11.2601 1
1.37435 7.44059 1
0.764682 10.7397 1
1.59382 6.25211 1
-2.18437 9.25207 1
2.58424 8.75675 1
1.81674 9.52445 1
2.35588 7.31854 1
2.75992 15.5336 1
0.878979 6.33568 1
3.09441 9.6261 1
0.181798 9.30158 1
10.4864 -4.22656 2
6.59109 -6.29421 2
6.38022 -6.2924 2
7.89703 -6.22757 2
8.23509 -2.47904 2
7.90833 -7.90857 2
9.21677 -7.6752 2
5.93988 -3.82475 2
4.89166 -4.27425 2
6.62994 -8.20068 2
4.45033 -4.71739 2
7.73315 -5.8521 2
12.9072 -4.78057 2
8.13363 -1.34441 2
4.58938 -4.51284 2
8.13622 -3.3203 2
8.85255 -4.44069 2
9.65585 -5.35938 2
9.21648 -4.40509 2
12.4143 -10.2334 2
7.10265 -5.14944 2
4.9013 -5.5059 2
10.2091 -3.8299 2
8.85185 -5.2612 2
8.02458 -2.65259 2
12.191 -3.92224 2
7.28056 -5.70556 2
9.27635 -6.24975 2
9.67292 -2.71792 2
10.0789 -1.35902 2
7.93196 -4.53652 2
9.40636 -3.67016 2
4.92725 -2.42632 2
11.0972 -5.33533 2
8.37097 -1.66014 2
8.72707 -3.05659 2
2.51712 -5.12846 2
7.65824 -6.45783 2
5.68968 -2.87051 2
6.37176 -6.13937 2
2.95773 -5.68422 2
7.40907 -6.08375 2
5.18166 -7.3767 2
9.86505 -3.63972 2
13.4286 -2.26367 2
7.91879 -2.18009 2
6.04965 -5.24221 2
7.40623 -5.36986 2
11.8509 -4.57687 2
5.77577 -7.14787 2
3.3438 -4.36929 2
8.67967 -4.64278 2
8.84543 -5.55749 2
5.13662 -4.64532 2
10.6171 -5.17118 2
10.2355 -3.18828 2
9.10447 -5.00616 2
7.37753 -0.562449 2
8.35486 -8.88118 2
11.1225 -4.62097 2
5.75042 -7.99237 2
8.25026 -4.31319 2
10.0551 -3.67121 2
7.3584 -4.81257 2
5.49096 -7.03073 2
7.49854 -4.42375 2
5.71325 -2.59998 2
7.8195 -1.78383 2
10.5103 -4.07053 2
7.9511 -3.3144 2
8.10719 -3.18773 2
11.8096 -4.83359 2
14.5185 -4.56509 2
7.17446 -5.10663 2
7.70599 -2.47975 2
10.4424 -3.53559 2
6.95103 -3.83535 2
8.3031 -3.08176 2
3.80563 -5.55544 2
10.4043 -5.89439 2
6.80589 -3.79035 2
10.4388 -3.20704 2
10.492 -7.70126 2
9.72908 -2.73889 2
4.95665 -3.96751 2
4.86448 -5.17018 2
6.55951 -7.60717 2
8.83314 -5.15133 2
10.1804 -6.82295 2
7.12651 -0.952877 2
10.8568 -6.92797 2
6.71565 -6.63709 2
5.35103 -5.1448 2
10.7749 -3.66897 2
6.80745 -6.50482 2
10.1764 -8.06114 2
6.18413 -8.56027 2
6.08136 -7.6439 2
9.41759 -5.30878 2
8.50389 -2.96711 2
3.81247 -6.56219 2
12.3647 -6.54058 2
10.0419 -7.30961 2
10.28 -4.72335 2
3.58013 -7.22836 2
6.97612 -4.20224 2
6.17381 -3.91533 2
5.16402 -3.81581 2
8.89341 -2.42658 2
8.36734 -3.82478 2
11.3647 -4.26638 2
6.77594 -1.00623 2
7.57898 -3.21814 2
7.7448 -6.01325 2
7.31831 -4.71481 2
7.45269 -6.4977 2
9.00949 -2.13129 2
11.7894 -4.57486 2
13.032 -5.18625 2
9.88208 -3.02784 2
5.75348 -3.43192 2
10.575 -2.67795 2
7.58154 -2.19631 2
5.46487 -5.84933 2
9.54331 -4.04136 2
9.76164 -3.31228 2
5.99952 -4.06317 2
10.7712 -4.55813 2
-1.22299 -6.43052 3
-2.44967 -5.38583 3
-4.43858 -4.6694 3
-3.17413 -5.49291 3
-3.81492 -7.23432 3
-1.34811 -4.44034 3
-5.41104 -5.89876 3
-0.548404 -5.38937 3
-6.29661 -5.33103 3
-7.31202 -6.2396 3
-0.0893842 -6.74279 3
-3.62046 -4.96914 3
-0.328245 -4.18603 3
-5.11774 -4.53178 3
-2.6433 -4.4956 3
-5.04243 -3.03053 3
-5.96819 -6.84505 3
-5.58369 -3.89251 3
-2.17909 -4.49439 3
-4.65144 -5.09316 3
-2.93139 -6.19864 3
-1.65734 -6.02277 3
-5.58002 -7.85797 3
-5.56112 -6.24173 3
-5.08189 -5.58574 3
-3.04272 -6.68514 3
-5.51551 -4.89595 3
-4.00035 -4.66169 3
-3.70231 -5.67989 3
-3.25645 -4.90469 3
-2.45254 -5.47508 3
-3.04764 -6.30407 3
-3.48113 -5.3281 3
-4.63991 -4.59949 3
-7.46088 -5.65455 3
-6.13657 -5.12669 3
-2.6585 -4.19771 3
-1.83675 -3.49082 3
-3.53643 -5.1145 3
-1.29756 -5.68607 3
-4.12908 -5.79658 3
-5.04283 -5.43995 3
-4.46029 -5.55751 3
-4.24448 -4.80974 3
-3.28633 -4.84112 3
-4.0097 -4.01876 3
-3.37715 -6.60674 3
-3.10563 -4.85598 3
-3.26043 -4.93913 3
-3.22122 -5.99661 3
-4.695 -4.24232 3
-2.62575 -5.98897 3
-3.06734 -4.77865 3
-2.97323 -5.90272 3
-5.86094 -7.28243 3
-4.2908 -4.16853 3
-3.88307 -5.54667 3
-2.12372 -6.99182 3
-2.8449 -6.24936 3
-4.8778 -6.22843 3
-5.11375 -5.59611 3
-4.57843 -6.48789 3
-4.20264 -4.90387 3
-0.0988664 -3.55655 3
-2.19412 -4.80141 3
-7.39651 -6.30773 3
-4.37945 -4.31126 3
-4.69447 -4.71171 3
-5.11169 -6.57569 3
-2.84854 -4.71513 3
-1.68745 -4.7888 3
-5.88123 -6.86085 3
-2.52471 -4.54012 3
-5.65471 -5.16963 3
-3.57526 -7.43089 3
-2.52078 -6.75842 3
-3.34375 -6.28184 3
-3.6678 -5.26588 3
-5.64903 -4.62857 3
-3.14927 -5.86631 3
-4.45243 -3.42135 3
-2.58167 -6.48763 3
-6.06575 -6.29706 3
-4.16408 -5.96041 3
-7.48621 -5.85201 3
-2.5192 -3.76676 3
-2.71349 -5.55852 3
-7.15895 -5.44251 3
-4.8384 -4.7834 3
-2.95993 -4.87054 3
-4.31794 -4.9137 3
-3.93955 -5.99866 3
-3.72438 -6.32938 3
-3.83345 -5.9421 3
-4.19843 -6.46589 3
-5.56794 -6.52262 3
-5.29675 -5.22917 3
-2.37882 -6.49738 3
-3.28474 -5.51357 3
-9.49721 -5.62066 3
-7.58698 -6.06656 3
-2.61391 -4.74903 3
-5.58905 -4.95985 3
-4.29447 -4.15619 3
-0.942453 -5.58969 3
-3.6621 -5.706 3
-4.04734 -4.31237 3
-5.31224 -8.55429 3
-5.147 -3.54464 3
-3.53019 -6.07573 3
-1.696 -4.52028 3
-2.06781 -5.16679 3
-4.99908 -5.96072 3
-1.88318 -4.88885 3
-3.5648 -5.39584 3
-4.6083 -3.45424 3
-3.5392 -7.11447 3
-3.25107 -4.30148 3
-3.37546 -5.36804 3
-3.52112 -5.45639 3
-3.28178 -5.78134 3
-5.43892 -3.98824 3
-4.62716 -5.96681 3
-1.13633 -7.41128 3
-4.42212 -4.92266 3
-2.18831 -6.04612 3
-3.22723 -4.62116 3
-7.49965 -6.30552 3
-3.20195 -5.09916 3
-4.1456 -5.51754 3
-3.88728 -4.27782 3
-5.65233 -4.38048 3
-3.45044 -6.27031 3
-4.47094 -4.98265 3
-4.0608 -6.46424 3
-5.11433 -5.79469 3
-2.00196 -5.27641 3
-1.44316 -4.30483 3
-2.62733 -5.90238 3
-5.73449 -6.92049 3
-1.73742 -5.86426 3
-6.162 -5.72073 3
-4.19083 -5.67549 3
-6.56617 -5.1011 3
-4.7708 -5.58257 3
0.161258 -3.90706 3
-4.10792 -4.95122 3
-3.47059 -7.31766 3
-0.897611 -6.29467 3
-2.19258 -4.41857 3
-5.98064 -5.17289 3
-5.39261 -6.25471 3
-5.83124 -7.48599 3
-5.41796 -4.53254 3
-3.25318 -5.90661 3
-4.11429 -5.35264 3
-3.90066 -5.23389 3
-4.08818 -5.87806 3
-4.65549 -4.63739 3
-2.05389 -5.83963 3
-2.13261 -6.05897 3
-1.37151 -6.78255 3
-4.79429 -5.66504 3
-5.23348 -2.82643 3
-8.03556 -5.32837 3
-4.79456 -5.72468 3
-1.66722 -8.0378 3
-2.9528 -6.01126 3
-4.49126 -6.64123 3
-4.07122 -6.44277 3
-3.13214 -6.41228 3
-1.54136 -4.68212 3
-3.62216 -3.56508 3
-5.15643 -5.467 3
-5.19475 -6.52696 3
-2.87902 -4.64631 3
-4.94691 -3.89086 3
-2.8678 -3.89861 3
-5.10047 -7.5811 3
-1.20058 -6.30099 3
-1.18775 -7.00469 3
-6.00195 -5.6611 3
-2.77339 -5.61311 3
-4.01274 -6.88486 3
-3.6895 -5.29963 3
-2.40079 -5.5927 3
-5.38992 -6.27903 3
-1.57979 -5.40541 3
-5.53061 -4.86288 3
-5.34697 -5.36931 3
-5.92331 -3.86512 3
-4.30452 -5.41051 3
-3.96848 -4.61832 3
-2.28632 -4.70551 3
-4.29503 -7.19283 3
-0.110492 -4.67418 3
-1.77634 -4.91679 3
-4.08459 -5.93504 3
-5.35773 -6.09257 3
-4.03209 -5.03347 3
-5.18915 -4.84961 3
-5.15 -5.86783 3
-0.79925 -4.95028 3
-4.93439 -6.08217 3
-5.45205 -5.64171 3
-3.02913 -6.92154 3
-2.03845 -5.31984 3
-5.95458 -6.17041 3
-3.42867 -4.23478 3
-2.07167 -7.57662 3
-3.4768 -4.89766 3
-4.98553 -3.46642 3
-3.81727 -5.78144 3
-3.29242 -4.35805 3
-3.19167 -5.72762 3
-3.86834 -7.0188 3
-3.95138 -6.26562 3
-4.03058 -5.8184 3
-4.81222 -5.8565 3
-1.71232 -3.43736 3
-1.44879 -5.97243 3
-0.695756 -5.33686 3
-4.44231 -5.81807 3
-4.92036 -5.94376 3
-3.33705 -6.16184 3
-4.31181 -3.69061 3
-4.76495 -3.58014 3
-5.32576 -6.47606 3
-6.11317 -6.10517 3
-4.9929 -6.89467 3
0.588419 -5.22371 3
-3.66007 -6.01139 3
-3.88442 -5.39659 3
-8.2833 -4.13146 3
-1.15112 -7.8144 3
-4.01886 -6.27579 3
-2.2315 -5.18911 3
-1.47827 -5.75932 3
-2.5234 -4.87746 3
-2.11182 -5.39603 3
-5.77506 -4.56103 3
-5.09569 -5.57479 3
-2.13025 -4.31193 3
-4.99691 -5.77061 3
-6.71367 -6.52252 3
-4.98962 -6.20219 3
-4.02083 -5.22537 3
-4.47922 -6.01646 3
-8.82566 -5.22579 3
-5.39675 -4.00692 3
-7.50405 -4.60217 3
-1.98448 -6.3984 3
-3.24099 -4.25095 3
-4.69375 -5.59099 3
-3.12029 -5.80042 3
-6.81322 -6.94759 3
-1.79054 -6.52036 3
-3.57147 -5.581 3
-5.41876 -5.33626 3
-5.0807 -4.32348 3
-5.41188 -3.60478 3
-4.83989 -6.69763 3
-3.28239 -6.24921 3
-5.35092 -6.67178 3
-4.61167 -4.04895 3
-3.43727 -5.69644 3
-2.14988 -4.93255 3
-4.88271 -5.35179 3
-1.12108 -3.67552 3
-4.70111 -5.13229 3
-2.59184 -4.06413 3
-2.83356 -6.8395 3
-0.148221 -5.67721 3
-5.78998 -6.81091 3
-1.96456 -5.26636 3
-6.0527 -7.68736 3
-4.16747 -3.88806 3
-1.6998 -6.00678 3
-3.44189 -5.82739 3
0.436423 -5.46981 3
-5.10219 -4.89903 3
-5.10421 -8.08458 3
-1.61413 -4.32975 3
-3.73054 -4.87663 3
-2.93723 -5.33428 3
-2.66598 -5.15767 3
-5.64734 -5.24542 3
-3.43549 -5.10113 3
-3.32219 -7.33915 3
-5.62332 -7.1941 3
-2.32007 -6.43693 3
-3.67887 -7.62901 3
-2.66937 -5.37473 3
-4.16194 -5.44591 3
-3.91842 -5.95259 3
-5.41957 -6.26608 3
-5.8891 -6.20361 3
-5.26668 -6.88458 3
-4.13942 -6.50743 3
-1.41224 -7.23715 3
-8.8284 -6.40554 3
-0.74259 -4.95154 3
-2.34825 -5.30865 3
-4.77064 -3.81156 3
-2.92105 -5.60117 3
-3.09717 -7.566 3
-0.180873 -6.72184 3
-2.59966 -5.00397 3
-3.52847 -7.54536 3
-5.38145 -4.81417 3
-3.79212 -7.02844 3
-0.698482 -6.16945 3
-5.88168 -5.10747 3
-4.81872 -4.52597 3
-2.46132 -6.25283 3
-6.01478 -7.84373 3
9.12718 7.04196 4
7.86759 6.44444 4
7.02506 4.87027 4
8.23566 5.34631 4
5.99742 5.71667 4
7.58645 4.38913 4
6.47556 5.95349 4
9.16874 5.36571 4
6.76786 3.90216 4
8.04737 4.37321 4
7.656 4.93727 4
9.0523 6.05442 4
7.54917 5.19035 4
8.32016 6.53402 4
9.71155 4.52497 4
8.86523 5.43864 4
8.13932 4.93664 4
6.73694 4.95053 4
8.75044 6.01841 4
10.3479 4.0385 4
7.34226 5.9946 4
9.17995 5.44706 4
9.40514 6.17831 4
6.49994 4.91756 4
7.8777 5.71492 4
8.83495 5.92602 4
10.401 4.28972 4
8.25211 5.798 4
9.65519 5.06573 4
7.10069 6.63188 4
8.31462 6.85976 4
9.0889 5.31876 4
6.90826 5.56245 4
8.56808 5.47286 4
9.30888 6.09625 4
7.71869 5.495 4
10.5673 4.83211 4
11.0544 5.42659 4
7.99947 5.6564 4
6.11718 4.56733 4
10.1844 4.61061 4
8.76756 4.47773 4
9.93276 6.26779 4
7.03973 5.28234 4
8.56551 3.77541 4
5.31651 5.01356 4
8.61762 5.80207 4
9.43618 6.89742 4
7.02581 5.30517 4
6.6143 5.44928 4
8.05788 6.28265 4
8.50178 4.48181 4
7.26463 6.3017 4
7.36776 5.30533 4
7.58143 6.62609 4
9.58636 3.8321 4
8.78661 4.99277 4
7.56904 4.30241 4
8.73394 5.47111 4
10.3523 5.72157 4
9.17123 7.03547 4
8.20862 6.14889 4
9.97665 5.70139 4
8.57337 5.16357 4
7.95257 6.82752 4
10.1343 4.46757 4
10.8618 6.44313 4
8.69141 6.26111 4
6.40028 4.98775 4
6.72371 5.77355 4
9.8711 7.24983 4
7.37441 4.56763 4
6.0339 5.35444 4
8.39072 6.43689 4
7.95028 5.11686 4
7.24546 5.19425 4
10.4224 5.52298 4
5.94244 4.88615 4
8.11889 3.85633 4
8.20906 3.94402 4
6.75566 5.17996 4
9.35451 6.57299 4
7.17358 5.94597 4
8.13325 5.62215 4
8.72501 4.14752 4
8.09582 4.88232 4
8.5016 6.19201 4
8.2294 6.16294 4
7.3356 5.78549 4
7.27821 6.48939 4
8.49757 6.20201 4
7.35905 4.78968 4
8.69866 6.03475 4
6.67635 4.58581 4
9.86876 4.76124 4
7.27442 6.6231 4
6.68236 5.02954 4
6.64028 5.47778 4
9.42277 6.00546 4
10.5661 4.80774 4
10.3737 6.8883 4
9.00462 6.64463 4
10.1262 6.78641 4
8.90141 5.96847 4
9.14377 3.39522 4
8.5109 6.01033 4
8.15175 4.38032 4
8.37555 6.53344 4
8.86108 4.55995 4
5.64751 5.65374 4
8.03626 4.48217 4
8.67636 4.48503 4
10.1041 6.03035 4
8.27682 5.81167 4
8.72202 5.29127 4
7.96824 4.26501 4
8.31865 6.33045 4
7.13977 3.86078 4
7.01352 5.86074 4
7.82873 5.28916 4
7.04288 6.4093 4
10.3198 7.35749 4
6.15366 4.00156 4
7.84487 6.59987 4
9.66923 4.82583 4
6.58838 5.73427 4
8.5616 6.86058 4
8.49396 6.50513 4
8.17517 5.45929 4
8.96162 6.56183 4
8.57765 4.99857 4
9.16393 3.60724 4
9.40212 6.51837 4
8.60297 5.58243 4
10.7493 6.5447 4
7.60877 4.55015 4
8.82944 5.63482 4
9.09413 5.98453 4
10.0848 8.08868 4
7.95731 6.38926 4
6.77585 7.89661 4
8.37823 6.50396 4
6.96256 4.97103 4
8.97042 5.181 4
8.30571 6.59348 4
7.26877 4.519 4
8.68165 6.05047 4
8.68519 6.44747 4
9.48051 3.97556 4
7.42723 6.85358 4
8.53728 6.3032 4
7.64773 7.09308 4
9.08281 5.20861 4
10.3719 6.61585 4
7.22802 6.00381 4
7.65636 5.31311 4
7.32049 5.53049 4
6.4981 4.58015 4
8.96866 5.41544 4
10.6833 5.50658 4
5.87354 4.22475 4
7.16911 5.37675 4
7.52411 4.14517 4
8.77044 6.3339 4
8.55834 5.07631 4
7.88513 6.17336 4
6.67331 4.91135 4
6.49149 4.69268 4
9.93619 7.02194 4
7.42354 5.96087 4
7.44131 5.48247 4
9.39967 5.66589 4
10.3415 4.62485 4
8.47152 4.94179 4
9.60313 7.1607 4
7.48143 5.58315 4
8.17329 6.30908 4
9.65222 5.92311 4
11.388 6.17595 4
8.86109 4.38813 4
9.5287 5.88637 4
8.68216 5.70783 4
7.36308 4.51774 4
8.13652 6.19861 4
7.96188 5.62122 4
7.96277 5.42743 4
8.43306 4.80282 4
7.44816 7.26254 4
8.70973 5.82959 4
6.23318 5.04351 4
7.46327 6.70708 4
6.85866 5.52179 4
8.95921 5.98802 4
8.31179 4.97621 4
9.22261 5.66252 4
10.1201 4.3699 4
9.24087 5.43867 4
7.86134 6.26407 4
8.34325 4.87934 4
8.59885 5.32652 4
7.65536 6.63056 4
6.63665 5.83311 4
8.38821 5.22468 4
8.17417 6.38588 4
9.45384 5.59026 4
7.92518 5.18257 4
8.2926 5.35483 4
7.98526 5.12156 4
7.96107 4.17794 4
10.2787 5.98416 4
8.75744 5.44581 4
6.70664 4.44902 4
6.38304 5.36333 4
13.0654 5.54845 4
7.82874 5.67187 4
8.46739 8.43165 4
10.8215 6.75111 4
8.97121 6.10227 4
8.7597 5.90512 4
8.71627 5.66506 4
8.57693 4.84428 4
8.40273 5.95529 4
4.9093 -2.11806 5
5.23079 -1.71684 5
5.15966 -1.73518 5
4.08163 -2.02263 5
5.7919 -2.266 5
6.27955 -1.74328 5
6.36612 -1.9297 5
4.86859 -1.89227 5
6.25376 -1.8761 5
6.56243 -1.67129 5
4.09726 -1.81791 5
2.28488 -1.65755 5
3.79138 -2.1042 5
5.06094 -1.94335 5
6.18723 -1.61933 5
3.84592 -1.89092 5
3.90224 -1.94054 5
3.04503 -1.82013 5
3.90451 -1.69149 5
2.98092 -1.78514 5
5.25925 -2.13073 5
4.88257 -1.60372 5
5.08891 -2.09654 5
4.46268 -1.58165 5
5.4841 -1.73908 5
6.57994 -1.69522 5
4.78278 -1.77751 5
4.29706 -1.85694 5
6.18593 -1.90592 5
4.57755 -1.91752 5
3.04834 -1.90382 5
6.15128 -2.02559 5
4.21011 -1.91434 5
4.96897 -2.01092 5
6.87156 -1.89313 5
4.24737 -1.99519 5
3.5104 -1.65137 5
5.55292 -1.70942 5
5.1904 -1.83241 5
4.00949 -1.80877 5
2.65776 -1.5332 5
4.32974 -1.79752 5
4.43535 -1.83804 5
3.96519 -1.76154 5
2.54672 -1.56553 5
6.75711 -1.61602 5
2.49716 -1.76148 5
5.57982 -1.87645 5
6.36764 -1.69967 5
2.81925 -1.71961 5
2.91268 -1.92404 5
4.50615 -1.93752 5
3.62755 -1.84061 5
3.34708 -1.83534 5
3.89174 -1.74065 5
4.10983 -1.61584 5
5.57535 -1.60796 5
2.24103 -1.81413 5
5.92486 -1.91712 5
5.82672 -2.21165 5
5.54833 -1.72563 5
5.02919 -1.77743 5
4.91752 -2.0243 5
2.75477 -1.87214 5
1.92627 -1.74443 5
5.00178 -1.86911 5
4.55957 -1.9418 5
3.88442 -1.74706 5
4.06857 -1.76561 5
3.12373 -1.57498 5
3.69876 -1.80196 5
3.91539 -1.77895 5
5.64405 -1.60107 5
5.4991 -1.86056 5
3.06408 -1.77536 5
3.41766 -1.98358 5
3.12014 -1.90442 5
1.23557 -1.58319 5
5.3809 -1.8044 5
4.66344 -2.05784 5
5.56934 -2.06046 5
3.18313 -2.02025 5
6.38535 -1.69065 5
6.16994 -1.75772 5
6.31621 -1.91275 5
6.7554 -1.74602 5
4.38888 -1.69404 5
2.56618 -1.87887 5
0.237039 -1.89875 5
2.87139 -1.96975 5
6.22161 -1.64007 5
5.86104 -1.73431 5
4.86693 -1.91397 5
5.02138 -1.79598 5
5.99341 -1.79023 5
6.95723 -2.26662 5
0.166785 -1.93658 5
3.92871 -2.06399 5
-5.80241 -9.49073 6
-7.58231 -9.11905 6
-6.63626 -8.82557 6
-7.99858 -9.12728 6
-6.2298 -8.98517 6
-7.30424 -9.10132 6
-6.32555 -8.99314 6
-5.57241 -8.57599 6
-6.59547 -9.51214 6
-8.1878 -9.91459 6
-9.96703 -9.83392 6
-7.25023 -9.01972 6
-6.3297 -8.96853 6
-4.90871 -8.82653 6
-5.79659 -9.0812 6
-4.89563 -8.86153 6
-7.6939 -9.55119 6
-5.09785 -9.32083 6
-6.93586 -9.35219 6
-5.37926 -9.31668 6
-6.76547 -8.44017 6
-5.13027 -9.98928 6
-6.90085 -8.62618 6
-5.64253 -8.83513 6
-7.02028 -8.2622 6
-6.53801 -8.95719 6
-7.11197 -8.48896 6
-7.52806 -9.78123 6
-6.88663 -9.09515 6
-5.44641 -8.95066 6
-6.13186 -9.44036 6
-6.71421 -9.84954 6
-6.63929 -9.59793 6
-5.4954 -9.50308 6
-6.3835 -8.82399 6
-7.55688 -9.83859 6
-5.09047 -9.19574 6
-6.73289 -8.90981 6
-5.38394 -9.70637 6
-10.4612 -9.45635 6
-6.90834 -9.11461 6
-6.42333 -9.11064 6
-6.85449 -9.26605 6
-8.40603 -9.05767 6
-8.72737 -9.89934 6
-7.40836 -9.73926 6
-5.19719 -9.00939 6
-4.52014 -8.35625 6
-7.51223 -8.76391 6
-8.49433 -9.20737 6
-7.57187 -9.12891 6
-6.37152 -8.82975 6
-7.95939 -9.70128 6
-6.12657 -8.58373 6
-5.65805 -9.77547 6
-6.72586 -8.90039 6
-8.8975 -9.14003 6
-6.54185 -9.28683 6
-6.78948 -8.98114 6
-7.40396 -9.78175 6
-8.13249 -9.42055 6
-4.00325 -9.26151 6
-8.40014 -9.10157 6
-5.82694 -10.1563 6
-6.15184 -8.98305 6
-4.85293 -9.39421 6
-7.6473 -9.70279 6
-5.35177 -9.61246 6
-7.51839 -9.06753 6
-6.71394 -9.20038 6
-7.02198 -8.54512 6
-5.74728 -9.47004 6
-8.41876 -9.42186 6
-9.22151 -9.28714 6
-8.66885 -8.85438 6
-8.74574 -9.28379 6
-6.65107 -8.54416 6
-6.78694 -9.5863 6
-7.91594 -9.21554 6
-6.00922 -9.28672 6
-7.09182 -9.13445 6
-7.46622 -9.5769 6
-7.07942 -9.55305 6
-4.3179 -9.1991 6
-6.4045 -8.83971 6
-8.8223 -9.0345 6
-6.4304 -9.49766 6
-5.6969 -9.32064 6
-7.14536 -9.56813 6
-5.55481 -8.6904 6
-10.0212 -9.49283 6
-8.78747 -9.02779 6
-5.93794 -9.56852 6
-6.23392 -9.47538 6
-6.81323 -8.0214 6
-7.85066 -8.85442 6
-8.92231 -9.80858 6
-8.18255 -9.96629 6
-7.54315 -9.17539 6
-5.8576 -9.34747 6
-9.21047 -9.64487 6
-7.25669 -10.0133 6
-5.18647 -9.41123 6
-7.12365 -9.24139 6
-8.87935 -9.28642 6
-7.52497 -8.85287 6
-7.16216 -8.714 6
-6.76329 -8.96999 6
-6.74676 -8.8173 6
-5.88466 -9.29852 6
-5.67456 -8.98754 6
-7.98536 -9.68796 6
-7.63604 -9.21607 6
-8.97827 -9.67265 6
-4.55934 -8.99552 6
-7.39433 -9.14465 6
-5.78326 -9.28617 6
-4.6614 -8.79423 6
-7.1674 -8.77171 6
-5.42467 -9.23316 6
-5.22451 -8.70044 6
-7.21851 -9.21117 6
-7.53916 -8.99529 6
-6.10311 -9.33869 6
-7.15055 -8.7313 6
-6.87472 -9.50451 6
-4.8151 -9.52772 6
-7.92398 -9.28251 6
-9.8137 -9.89725 6
-7.62293 -8.80805 6
-8.20197 -9.28373 6
-6.34903 -9.23625 6
-5.77863 -8.12583 6
-5.94039 -9.94036 6
-6.22203 -8.72426 6
-6.32867 -8.57062 6
-9.20651 -9.25308 6
-5.98824 -9.4932 6
-4.74637 -9.56035 6
-4.31144 -8.94385 6
-7.93166 -9.90812 6
-5.40097 -8.98712 6
-5.55607 -8.30207 6
-8.45649 -9.17703 6
-5.23302 -8.95609 6
-8.46728 -8.93303 6
-6.13819 -9.49581 6
-5.1373 -9.40031 6
-5.93356 -8.9228 6
-5.15406 -8.62449 6
-6.21138 -9.06215 6
-6.04528 -8.60221 6
-8.71474 -8.75337 6
-3.89318 -8.84863 6
-10.25 -8.79695 6
-8.49192 -8.96867 6
-6.49615 -8.54491 6
-5.07782 -9.46695 6
-7.02404 -8.92231 6
-5.97637 -9.01321 6
-7.72878 -8.94121 6
-4.785 -8.05745 6
-7.0339 -8.77656 6
-5.03462 -8.89601 6
-10.4966 -9.68654 6
-6.84176 -9.42021 6
-8.0084 -9.70047 6
-5.94616 -8.51651 6
-5.18721 -8.2891 6
-5.98235 -9.68579 6
-5.36313 -9.63007 6
-5.89285 -9.2277 6
-9.04094 -8.65353 6
-5.42168 -9.34347 6
-6.17833 -8.82818 6
-9.90152 -9.45599 6
-6.61564 -8.61834 6
-8.20114 -9.24577 6
-7.05223 -8.99003 6
-6.15058 -9.57876 6
-4.63797 -8.6381 6
-6.50097 -8.85636 6
-4.48664 -8.0856 6
-6.94709 -9.88737 6
-8.41019 -9.98104 6
-6.24267 -8.66907 6
-6.81023 -9.23916 6
-7.56027 -9.57308 6
-3.9182 -8.30922 6
-7.57173 -9.84243 6
-7.72963 -8.93135 6
-6.00271 -9.16139 6
-8.6372 -9.48162 6
-5.80812 -8.63926 6
-6.65505 -8.14413 6
-6.58338 -9.21921 6
-4.29064 -8.68539 6
-5.73748 -9.27018 6
-9.21906 -8.92329 6
-9.84572 -9.94058 6
-10.5044 -9.76465 6
-7.16127 -9.53293 6
-8.03607 -9.16349 6
-5.19701 -8.69499 6
-9.91382 -8.95904 6
-4.52626 -9.14855 6
-6.13595 -9.33633 6
-8.13723 -9.39914 6
-5.80103 -8.97182 6
-5.91827 -8.72334 6
-9.47719 -9.59326 6
-4.92125 -9.11416 6
-6.97562 -10.1425 6
-4.85033 -9.04602 6
-5.45175 -8.81453 6
-9.70144 -10.3053 6
-7.64858 -9.24568 6
-7.75887 -8.75757 6
-6.60027 -8.99599 6
-5.31329 -9.00957 6
-7.00678 -9.23603 6
-5.65018 -8.48163 6
-6.53627 -9.26047 6
-5.65054 -8.69413 6
-5.69348 -8.92439 6
-6.92558 -9.27857 6
-7.55876 -9.6073 6
-8.15873 -8.79161 6
-5.97815 -9.09014 6
-7.05154 -9.30859 6
-5.38701 -9.0727 6
-7.51611 -8.83331 6
-7.56287 -9.09418 6
-5.60075 -8.22479 6
-7.99231 -8.99995 6
-4.80974 -9.0974 6
-4.80974 -8.60556 6
-4.23067 -9.6561 6
-10.644 -9.35647 6
-5.09963 -9.42487 6
-7.92548 -9.03093 6
-6.9392 -8.66259 6
-6.83912 -9.33897 6
-6.24718 -8.40658 6
-6.98543 -8.53206 6
-7.35233 -10.0281 6
-7.44163 -9.49249 6
-5.75494 -8.94617 6
-5.5852 -8.90649 6
-5.60414 -8.84407 6
-5.25346 -8.85522 6
-7.89096 -8.84688 6
-8.33736 -9.38588 6
-9.70162 -9.2345 6
-6.76964 -9.21617 6
-8.50917 -9.46713 6
-6.1128 -8.96855 6
-5.72664 -8.45146 6
-4.77515 -9.2314 6
-8.89266 -9.75495 6
-7.54716 -8.89936 6
-6.14229 -9.57869 6
-7.71658 -9.52934 6
-5.77252 -9.08461 6
-8.25994 -9.27374 6
-6.7324 -9.12196 6
-7.58293 -9.17758 6
-4.6687 -8.69617 6
-6.30561 -8.62026 6
-9.08817 -9.19465 6
-7.87934 -8.90564 6
-7.66218 -8.91745 6
-6.88197 -9.70197 6
-4.97119 -8.51485 6
-6.04001 -9.39821 6
-5.96098 -9.05445 6
-7.22383 -8.76197 6
-5.77802 -8.54112 6
-8.60783 -9.30854 6
-6.89041 -9.57935 6
-6.23214 -9.22701 6
-5.12056 -8.88619 6
-7.18904 -9.88345 6
-5.79106 -9.47608 6
-6.72505 -9.05315 6
-5.69533 -9.03835 6
-5.70829 -9.22748 6
-5.70005 -8.77112 6
-6.85381 -9.22198 6
-7.76358 -8.85353 6
-4.47051 -8.82071 6
-5.17519 -8.85661 6
-8.07908 -8.67787 6
-7.9164 -9.04103 6
-8.91956 -8.71361 6
-5.65225 -9.05245 6
-5.82151 -9.75706 6
-8.47786 -8.80369 6
-6.18781 -8.92894 6
-6.71957 -9.50359 6
-5.62904 -8.83731 6
-8.96928 -10.0425 6
-5.26757 -8.95374 6
-5.98713 -8.70275 6
-7.35929 -9.45686 6
-6.2027 -8.35425 6
-6.5506 -9.74222 6
-6.18277 -8.97695 6
-7.179 -9.80474 6
-7.72724 -8.92892 6
-7.76268 -9.16302 6
-6.22011 -9.20538 6
-7.58577 -9.04977 6
-7.48474 -9.4281 6
-6.72719 -8.88963 6
-7.61696 -8.97 6
-7.6632 -9.39552 6
-6.27375 -9.41403 6
-5.95749 -8.62469 6
-6.95729 -9.0872 6
-6.44375 -9.10442 6
-4.0187 -10.0994 6
-8.89004 -9.40681 6
-6.42539 -9.0788 6
-5.44733 -9.61345 6
-8.07193 -9.47705 6
-9.15135 -9.13489 6
-6.57166 -9.29083 6
-4.80182 -9.15766 6
-7.47599 -9.28821 6
-7.84358 -9.62817 6
-4.57577 -9.16222 6
-6.1711 -9.09438 6
-9.72931 -9.46703 6
-6.23928 -9.5015 6
-8.14358 -9.93566 6
-5.9695 -8.77822 6
-8.4938 -8.8627 6
-6.62274 -9.35861 6
-5.36946 -8.8024 6
-6.60003 -9.26722 6
-5.97612 -8.41724 6
-6.51163 -8.48726 6
-5.34573 -8.753 6
-6.97116 -9.65655 6
-7.5608 -8.99094 6
-6.57266 -9.08164 6
-7.76664 -9.73606 6
-8.59721 -9.29897 6
-4.18065 -8.96992 6
-5.34974 -8.32757 6
-9.1233 -9.48329 6
-3.40465 -8.70875 6
-7.33851 -9.80894 6
-8.50061 -9.16972 6
-6.81034 -8.73347 6
-6.38531 -9.51033 6
-6.05336 -8.87005 6
-5.38009 -8.94076 6
-5.72458 -8.72793 6
-6.5204 -9.78484 6
-7.34071 -9.43499 6
-8.56094 -9.36817 6
-7.29568 -9.50824 6
-4.12518 -8.98898 6
-6.69662 -8.82256 6
-7.6139 -9.44499 6
-4.05556 -8.34459 6
-8.97135 -9.59782 6
-7.32155 -9.46081 6
-5.79641 -9.72076 6
-3.8359 -8.84951 6
-6.48149 -8.42651 6
-7.60761 -8.97459 6
-6.42135 -9.14441 6
-5.86797 -9.28101 6
-6.15634 -8.96545 6
-5.81494 -9.38344 6
-10.2021 -8.92909 6
-7.60492 -9.03605 6
-7.46401 -9.24457 6
-8.04204 -9.65047 6
-6.98608 -8.99109 6
-7.51376 -9.87333 6
-10.6411 -9.17193 6
-7.5209 -8.87933 6
-6.99674 -9.28291 6
-7.9535 -9.0759 6
-8.98941 -9.92233 6
-7.78817 -9.24105 6
-6.5353 -8.8556 6
-6.00164 -8.95664 6
-7.50118 -9.89645 6
-5.86589 -8.75257 6
-5.08738 -9.64375 6
-7.50496 -9.33247 6
-7.88561 -9.67016 6
-6.21291 -9.17164 6
-5.77026 -9.30857 6
-7.97913 -8.50223 6
-8.96545 -9.03916 6
-6.14962 -8.90758 6
-6.45986 -8.9648 6
-5.77223 -8.35304 6
-6.76929 -9.38027 6
-8.2489 -9.34598 6
-6.53823 -9.24446 6
-6.48192 -9.70287 6
-6.84975 -9.40944 6
-6.21985 -8.97566 6
-6.79071 -9.98203 6
-6.9026 -8.79295 6
-6.38757 -9.07328 6
-5.04636 -9.29268 6
-5.86765 -9.05179 6
-8.58104 -9.0777 6
-6.68997 -9.05291 6
-5.55353 -9.00297 6
-7.17901 -9.13679 6
-5.23229 -9.41013 6
-6.50426 -9.49336 6
-5.59224 -9.53165 6
-6.23573 -9.00609 6
-6.53421 -9.72748 6
-8.25203 -9.9193 6
-7.55906 -10.025 6
-7.23669 -9.5601 6
-6.53369 -9.66261 6
-7.22517 -9.12752 6
-7.17539 -8.70449 6
-5.63359 -9.16316 6
-6.58455 -8.79358 6
-5.96623 -8.74755 6
-9.17083 -9.26031 6
-8.82961 -9.31418 6
-9.17864 -9.22831 6
-4.75109 -8.42191 6
-4.77769 -8.30963 6
-3.97343 -8.82788 6
-8.35282 -9.73215 6
-5.61227 -9.59728 6
-5.76781 -9.34131 6
-7.27784 -9.0368 6
-4.5339 -8.34612 6
-9.63585 -9.56685 6
-7.59417 -8.73595 6
-6.0442 -8.86413 6
-7.05387 -8.73018 6
-6.75709 -9.62168 6
-7.04591 -9.48234 6
-8.27209 -9.28385 6
-6.65534 -9.13934 6
-7.85629 -8.95153 6
-5.81878 -9.1196 6
-8.50221 -9.66273 6
-5.45173 -8.08147 6
6.52389 1.96334 7
6.05754 2.50764 7
5.32797 3.62644 7
6.46948 1.95533 7
6.26363 2.23828 7
6.15584 2.00158 7
6.09146 2.72206 7
6.37217 2.37366 7
6.15619 2.07382 7
5.79231 2.06804 7
6.31572 1.99349 7
6.84698 1.54424 7
5.76299 2.64813 7
6.03098 2.35394 7
6.20633 2.39076 7
5.55651 2.98928 7
5.84953 2.60224 7
6.58119 1.66656 7
6.19507 2.31022 7
6.79724 1.59128 7
6.79073 1.76962 7
6.59484 1.62769 7
5.65751 2.95807 7
6.72233 2.04672 7
5.89442 2.55206 7
6.14132 2.50533 7
5.54991 2.90248 7
6.22634 2.13423 7
6.76502 1.81764 7
6.23577 2.11956 7
6.11522 2.62695 7
5.73542 2.98951 7
6.45462 2.11487 7
5.83978 2.82935 7
5.18098 3.37055 7
7.57199 0.594799 7
6.3351 2.23053 7
6.15827 2.37409 7
5.97141 2.31753 7
5.78012 3.17411 7
6.11698 2.20272 7
5.39887 2.90332 7
6.7438 1.93189 7
6.13728 2.44522 7
5.86574 3.01857 7
5.69495 2.67499 7
4.93775 3.2489 7
5.88955 3.09794 7
5.69981 2.44271 7
5.65331 2.67639 7
6.39159 1.93555 7
5.95056 2.4297 7
5.69867 2.85401 7
6.70669 1.75675 7
6.26661 2.52705 7
6.14553 2.56064 7
5.26735 3.45896 7
6.18915 2.22113 7
5.37007 3.16631 7
6.30393 1.76926 7
5.87495 2.8741 7
6.15862 2.29272 7
6.91514 1.80069 7
5.9701 2.30717 7
5.35029 3.10731 7
6.15896 2.10527 7
5.68244 2.89388 7
6.91948 1.6107 7
7.1289 1.74367 7
5.92827 2.72116 7
4.79024 3.76757 7
6.21498 2.22652 7
5.95754 2.80077 7
6.33732 1.862 7
7.04077 1.5109 7
5.06719 3.53097 7
6.10454 2.58823 7
6.14759 2.42966 7
7.19751 1.20653 7
6.27025 2.35245 7
6.08948 2.4538 7
5.87865 2.41534 7
5.81324 2.76465 7
6.63765 1.54217 7
6.26387 2.02175 7
5.82931 2.97531 7
5.82176 2.70252 7
6.95642 1.56162 7
6.36986 2.086 7
5.97948 2.65154 7
5.75082 2.57742 7
5.76935 3.11435 7
6.28216 2.16763 7
6.23902 2.48009 7
6.52397 2.09856 7
6.1637 2.15008 7
6.28525 1.97674 7
6.6679 1.76617 7
5.69288 2.95782 7
5.55453 2.86388 7
6.03908 1.78008 7
6.44555 2.24527 7
5.91151 2.29782 7
6.66322 2.00637 7
6.85796 1.61765 7
6.64556 1.8259 7
6.37342 2.20502 7
6.03434 2.09218 7
6.33517 2.32803 7
5.89783 2.62859 7
6.24885 2.03162 7
5.60667 2.67636 7
5.71369 2.656 7
6.06833 2.21413 7
6.37875 2.01314 7
6.92786 1.43109 7
6.78172 1.4482 7
6.30126 2.05819 7
5.70291 2.50267 7
5.62621 2.70603 7
5.97432 2.58161 7
5.56451 3.14111 7
4.49993 4.10273 7
5.31613 3.17782 7
6.50802 1.49995 7
6.55448 2.0672 7
6.37596 2.15117 7
5.34057 3.09769 7
6.57636 2.2001 7
5.48097 3.30085 7
7.0372 1.32989 7
5.53095 2.98899 7
6.25095 2.37955 7
6.29464 2.42953 7
5.28958 3.41178 7
6.12233 2.6847 7
5.97388 2.47041 7
6.51589 1.97741 7
6.24489 2.12986 7
4.47435 3.43608 7
6.84788 1.66533 7
6.13182 2.56225 7
5.97283 2.62383 7
6.3237 2.3473 7
6.15876 2.56602 7
5.9271 2.62498 7
5.92449 2.47312 7
6.16941 2.3085 7
6.01405 2.67306 7
5.94575 2.78802 7
7.33721 0.82665 7
6.76298 1.34843 7
6.54075 2.49005 7
6.48605 1.69644 7
5.5508 3.09667 7
6.07458 2.32681 7
5.85725 2.65058 7
6.45499 1.9183 7
6.40898 1.95503 7
6.67553 1.75029 7
4.92112 3.54901 7
6.47392 2.08391 7
6.481 2.05243 7
7.06032 1.38826 7
6.59552 2.20139 7
6.40291 1.95558 7
5.54778 2.63022 7
5.4672 3.04622 7
5.81292 2.81388 7
6.65309 1.53349 7
6.7158 1.36969 7
5.80601 2.66855 7
6.60931 2.15459 7
6.35489 2.21891 7
5.71221 2.92108 7
5.57631 2.91176 7
6.20701 2.20732 7
6.09331 2.60205 7
6.22899 1.9175 7
5.52641 3.17286 7
6.37388 2.44424 7
6.56686 1.40018 7
4.95555 3.32047 7
5.83794 2.75995 7
6.21454 2.23733 7
6.2952 2.03087 7
6.3105 1.87964 7
5.55545 2.90704 7
6.05144 2.23865 7
6.96834 1.51244 7
6.18816 2.60421 7
5.55371 3.002 7
5.65274 3.07276 7
6.06732 2.62002 7
6.41613 1.82166 7
6.18408 2.10885 7
5.53129 2.92886 7
6.69297 1.70768 7
6.19732 2.33327 7
5.76842 2.58078 7
5.28952 3.22152 7
5.96838 2.48877 7
6.19502 2.19923 7
5.9156 2.30189 7
5.36365 3.08913 7
6.28096 1.96949 7
5.98205 2.33491 7
6.54231 1.58365 7
5.74671 2.69435 7
5.92991 2.90497 7
6.76822 1.41063 7
6.65017 2.00954 7
5.70705 2.91692 7
5.16 3.52052 7
6.1562 2.28393 7
5.74584 2.62056 7
5.89918 2.5065 7
5.78286 2.98669 7
6.26879 2.16842 7
5.97958 2.664 7
6.81124 1.48782 7
5.87303 2.93288 7
6.35729 2.54474 7
4.80702 3.61904 7
5.29616 3.23826 7
5.99333 2.92669 7
5.81243 3.04093 7
6.0012 2.64678 7
4.99404 3.40975 7
5.99451 2.35984 7
5.8324 2.65694 7
6.1465 2.42634 7
5.51064 2.53951 7
6.26623 2.02753 7
5.4248 3.08766 7
6.2401 2.31542 7
5.78236 2.75287 7
4.94611 3.64767 7
6.21485 2.35883 7
6.24518 2.22165 7
5.88259 2.85296 7
5.71056 3.15683 7
6.21958 2.06183 7
6.43082 2.11423 7
6.0406 2.33073 7
6.35521 1.78593 7
6.15296 2.37009 7
5.98601 2.38607 7
6.40401 2.25371 7
6.31897 1.89825 7
5.43382 3.05493 7
6.57535 1.87988 7
6.47801 1.88912 7
4.98608 3.53031 7
6.22068 1.99708 7
5.93799 2.69764 7
5.89552 2.54238 7
6.0289 2.7568 7
6.92491 1.43843 7
6.31085 1.8823 7
7.03159 1.58803 7
6.59318 1.98514 7
6.36789 2.45197 7
6.6665 2.04423 7
6.28455 2.06956 7
7.02139 1.51255 7
6.53901 2.13222 7
5.46151 2.96721 7
5.99815 2.81277 7
6.72145 1.51367 7
5.62112 2.70552 7
6.47091 2.2567 7
6.38757 2.02571 7
5.84927 2.70216 7
5.46156 2.96814 7
6.35741 2.09059 7
5.26916 3.1646 7
6.03349 2.405 7
6.098 2.0738 7
5.21427 3.64598 7
5.73107 2.72284 7
5.93017 2.91718 7
4.70761 4.08852 7
5.55358 2.88849 7
6.21294 2.64252 7
6.85294 1.56371 7
6.14742 2.72788 7
6.40566 2.11385 7
5.5123 2.96856 7
5.67181 3.04599 7
5.9025 2.49779 7
6.80388 1.70093 7
6.61377 1.99001 7
6.62281 1.70544 7
5.93227 2.48044 7
5.89871 3.02091 7
6.6467 1.9371 7
6.19804 2.275 7
4.91963 3.26215 7
6.49929 2.16814 7
6.71391 1.66248 7
4.66704 3.85177 7
6.32192 2.0808 7
6.65652 2.07593 7
6.34435 2.6189 7
5.48563 3.33544 7
6.03028 2.46031 7
6.28678 2.41869 7
5.23946 2.80261 7
6.69547 2.08946 7
6.83774 1.72914 7
5.78347 2.38924 7
5.77647 2.56621 7
6.23262 2.07609 7
6.7351 1.683 7
5.7937 2.55313 7
5.56579 3.45756 7
6.05369 2.70166 7
6.24313 1.88988 7
5.46071 3.19447 7
6.30125 2.44383 7
5.25515 3.26394 7
4.92852 3.40863 7
6.00828 2.37043 7
6.49356 2.00574 7
5.70642 2.76742 7
6.07646 2.41405 7
5.56188 2.35643 7
7.12606 1.18262 7
6.66906 1.96579 7
7.023 1.89544 7
6.32414 1.98176 7
7.66297 1.11544 7
6.07366 2.41921 7
5.75075 2.72955 7
5.73424 2.48891 7
6.32206 2.12303 7
6.32744 2.14084 7
6.89192 1.36966 7
6.69801 1.81976 7
5.86715 2.7349 7
6.22749 2.62458 7
6.32494 2.47508 7
5.7714 2.86518 7
6.39216 2.15247 7
6.94746 1.62162 7
5.63854 2.92039 7
6.05308 2.43251 7
6.74912 1.75145 7
6.45713 2.06082 7
6.21515 2.53783 7
6.90557 1.80117 7
5.8984 2.60445 7
5.18757 3.50612 7
5.286 3.11868 7
6.76541 1.70473 7
5.55584 3.02251 7
6.19938 1.8917 7
5.94799 2.8948 7
6.44762 2.30674 7
6.00602 2.70454 7
5.63718 2.67643 7
7.219 1.91504 7
6.10832 2.20499 7
4.83694 3.54935 7
6.01089 2.36274 7
6.86189 1.72173 7
6.27919 2.07696 7
5.48656 3.23042 7
6.17758 2.18527 7
6.44078 1.98457 7
6.29792 2.18526 7
6.93298 1.35006 7
5.43472 3.33104 7
5.88607 2.76625 7
6.12861 2.55188 7
5.97752 3.10495 7
6.3288 1.85563 7
5.45328 3.16281 7
5.46442 3.01836 7
6.19181 2.52322 7
5.95023 2.94529 7
7.45492 1.10149 7
6.03979 2.79019 7
6.47548 2.26501 7
4.6254 3.89831 7
6.3081 1.7337 7
5.51119 3.11469 7
6.6126 2.03531 7
6.58889 2.03496 7
6.2268 2.34528 7
5.92632 2.74682 7
6.11269 2.55389 7
5.07521 3.33612 7
5.84649 2.72705 7
5.84808 2.33958 7
6.09283 2.44228 7
5.90067 2.40757 7
5.78275 2.93942 7
5.84039 2.62252 7
6.71814 1.73847 7
6.65012 2.03149 7
4.97793 3.11827 7
6.83009 1.88132 7
6.44589 2.15044 7
6.04424 2.49235 7
6.35569 2.33337 7
6.53922 1.79806 7
5.39579 2.77899 7
6.27275 2.78926 7
6.37264 2.41751 7
6.32185 2.75754 7
6.39318 2.48166 7
6.43169 2.22873 7
6.31529 2.32331 7
6.4333 2.35291 7
6.99896 1.8533 7
5.45088 3.09262 7
5.69652 2.5085 7
6.08639 2.59201 7
5.34772 3.34512 7
6.63256 2.3267 7
6.29068 2.29693 7
6.12614 2.27091 7
6.94917 1.77117 7
6.59656 1.99269 7
6.15318 2.31175 7
5.62647 2.80107 7
4.85921 3.26548 7
6.27023 2.43066 7
6.32743 2.1921 7
6.84205 1.91106 7
5.22856 3.00411 7
6.63812 1.55533 7
7.04691 1.50275 7
6.42453 1.80796 7
5.73829 2.6895 7
5.75026 2.29802 7
6.80941 1.43909 7
6.11894 2.24475 7
6.14005 2.08413 7
5.97648 2.82183 7
5.14264 3.37744 7
6.3906 2.35614 7
5.99091 2.61586 7
6.35016 2.15849 7
5.28091 2.84096 7
7.00799 1.4882 7
5.63366 2.9336 7
5.62208 2.75683 7
5.39733 3.27778 7
6.0676 2.31676 7
5.49704 3.11656 7
6.64002 1.83117 7
5.48938 3.09634 7
6.39841 1.93533 7
6.92062 1.54524 7
5.7502 2.67504 7
5.79959 2.56138 7
6.43354 2.38447 7
6.20988 2.34341 7
6.058 2.64456 7
5.94589 2.81385 7
6.50449 1.74858 7
6.1926 2.22626 7
5.5173 2.6173 7
6.02907 2.34963 7
6.12273 2.13698 7
6.1727 2.05077 7
6.45844 2.13371 7
6.28204 2.15631 7
6.50566 2.03452 7
5.78153 2.69114 7
6.78629 1.88584 7
6.52783 1.72138 7
7.1608 1.5154 7
5.2745 3.32938 7
6.79414 1.44811 7
6.33374 2.11407 7
6.45613 1.82023 7
5.49515 2.89083 7
7.05239 1.52816 7
5.85233 2.51178 7
6.56398 1.76145 7
5.8816 2.65081 7
5.95607 2.64207 7
6.7722 1.76615 7
5.30345 3.34159 7
6.2548 2.02471 7
5.59211 2.57018 7
5.68498 2.78296 7
5.9425 2.43163 7
5.82189 2.32524 7
6.34102 1.96594 7
6.31946 2.13225 7
5.87374 2.41054 7
6.35298 1.77359 7
6.02662 2.41093 7
5.88136 2.52101 7
6.62923 1.72838 7
5.71914 2.75168 7
7.3628 1.35509 7
6.91306 1.72485 7
6.93533 1.5157 7
6.386 2.30032 7
6.63516 2.24028 7
7.10098 1.52397 7
6.65999 2.03606 7
6.48013 1.83593 7
5.05337 3.11777 7
6.37639 2.22449 7
5.59614 2.87076 7
5.3783 2.94196 7
6.46322 2.41939 7
6.35817 2.29833 7
5.99832 2.77104 7
6.03284 2.54237 7
5.65112 3.02901 7
4.95989 3.53133 7
5.92121 2.78968 7
4.98284 3.48285 7
6.93218 1.44368 7
5.75629 2.61434 7
6.2909 1.95467 7
6.4121 2.09742 7
5.30507 3.14928 7
5.61423 3.14109 7
6.76093 2.07289 7
6.70672 1.15491 7
5.72902 3.11131 7
6.99257 1.49649 7
6.32124 2.11055 7
6.61645 2.259 7
6.6368 1.98519 7
6.78053 2.29248 7
5.5786 2.77292 7
4.88722 3.70393 7
6.47622 2.19581 7
5.1946 3.42239 7
5.92067 2.49663 7
5.86843 2.47213 7
7.22753 1.18003 7
7.15951 1.38055 7
7.02372 1.56239 7
6.51443 1.92524 7
6.36601 2.3881 7
5.91522 2.91505 7
4.99091 3.44074 7
6.21519 2.21113 7
-7.8673 -0.976657 8
-10.3469 -0.534626 8
-9.09331 -0.857117 8
-10.4439 -0.30481 8
-10.7758 -0.498018 8
-7.9859 -2.0031 8
-8.05401 -0.155088 8
-7.17687 -0.758712 8
-8.079 -0.230738 8
-13.0934 -0.0507752 8
-4.17152 -0.355485 8
-8.13478 -0.565762 8
-6.78283 -1.33819 8
-11.7904 -0.795825 8
-11.7972 -0.485275 8
-9.41459 -1.02336 8
-7.75821 -1.0132 8
-9.49712 -1.11754 8
-9.84216 -0.984669 8
-10.2507 -0.286369 8
-6.21923 -1.93575 8
-9.53173 -0.836331 8
-4.05462 -0.696495 8
-9.54383 -0.460749 8
-7.90889 -0.354945 8
-8.76151 -0.908365 8
-7.8318 -0.890662 8
-12.4591 -2.19542 8
-11.5235 0.336066 8
-10.8809 -0.449182 8
-8.10849 0.566856 8
-6.49524 0.291369 8
-2.34445 -0.990725 8
-12.2799 0.131988 8
-8.20278 -1.02637 8
-8.21831 -1.06768 8
-9.31488 -0.557108 8
-7.63236 -0.961647 8
-9.05367 -0.0959771 8
-11.6287 -0.0658625 8
-11.6869 0.366179 8
-14.4406 0.439112 8
-10.5154 0.240054 8
-9.25062 -1.31088 8
-12.72 -1.19778 8
-9.18468 -0.372949 8
-7.53097 -1.06138 8
-5.41559 -1.44207 8
-9.76458 -1.04389 8
-9.50284 0.108297 8
-7.46892 -0.890234 8
-7.95768 -0.204587 8
-9.94212 -0.600662 8
-7.27249 -0.884191 8
-8.57374 -0.558152 8
-8.79058 -0.564874 8
-5.76403 0.0665359 8
-8.929 -0.190746 8
-9.41092 -1.14787 8
-8.60722 -0.392572 8
-8.49402 -0.0207567 8
-10.0457 -0.479867 8
-9.73652 -0.534892 8
-7.91751 -0.816385 8
-10.6947 -0.139726 8
-3.60269 0.0184494 8
-8.1579 -0.623516 8
-12.3205 -0.0272987 8
-7.26059 -1.57524 8
-10.9664 0.476846 8
-12.545 -1.18234 8
-7.38969 -0.484859 8
-8.53725 -0.457273 8
-8.02639 -0.186325 8
-9.94384 -0.805183 8
-9.48746 -1.11408 8
-10.0456 -0.561464 8
-8.25878 -0.495644 8
-7.23302 0.496226 8
-13.1926 -0.788727 8
-7.76982 -0.485835 8
-5.34463 -0.810029 8
-10.1775 -1.5552 8
-12.2417 -0.738832 8
-13.1279 -0.514998 8
-13.9417 -0.732614 8
-7.63992 -0.666339 8
-10.1864 -0.295662 8
-10.9536 -0.797113 8
-7.68054 -0.75268 8
-6.7591 -0.752154 8
-10.651 -0.503506 8
-11.4651 -0.719233 8
-10.0799 -0.496134 8
-8.87974 -1.41821 8
-8.49985 -0.577745 8
-5.70809 -1.80558 8
-9.5783 -0.0640571 8
-7.28064 -0.518956 8
-10.4477 -1.8965 8
-9.27286 -0.789483 8
-9.35533 -0.350712 8
-9.33281 -0.369978 8
-8.14299 -0.559931 8
-6.81946 -1.9716 8
-4.59923 -0.794671 8
-6.32497 -1.2771 8
-7.45639 -0.513048 8
-10.9243 -0.827354 8
-7.02207 -1.55452 8
-6.48025 -0.405797 8
-7.06377 -0.459115 8
-4.75487 -0.595042 8
-6.94346 -0.345323 8
-12.5017 -0.757971 8
-3.39349 -0.510941 8
-10.1722 -0.0965369 8
-8.1744 -0.800849 8
-9.98314 -1.19452 8
-8.71989 0.067935 8
-11.3173 -0.340167 8
-9.43663 -1.06214 8
-14.3773 -0.66657 8
-6.08439 0.0724564 8
-2.98665 -0.887178 8
-11.0029 -0.540224 8
-9.01667 -0.393428 8
-10.5171 -0.373853 8
-9.05637 -0.709241 8
-7.72624 -0.154662 8
-4.11708 -1.21657 8
-11.914 -0.545705 8
-9.56317 -0.424202 8
-13.4636 -0.675375 8
-9.82335 -0.441144 8
-7.67835 0.0276688 8
-9.34419 -0.567188 8
-9.70169 0.156948 8
-11.0451 -0.353519 8
-10.9513 -0.299609 8
-7.62229 -0.619998 8
-5.45462 -1.24214 8
-13.8919 -0.531681 8
-12.8739 -0.417796 8
-7.95619 -0.755692 8
-8.78923 -0.175467 8
-6.90639 -0.907448 8
-11.0647 -0.29316 8
-8.49872 -0.666561 8
-9.58185 -1.24282 8
-8.33648 -0.435949 8
-12.4905 -0.805615 8
-8.92686 -0.592548 8
-9.16727 -1.26522 8
-9.22542 -0.0772358 8
-9.70653 -1.3704 8
-6.24444 -0.210785 8
-9.91816 -0.428457 8
-8.16333 -0.0927104 8
-6.99785 -0.0696011 8
-6.36538 0.0279951 8
-9.67644 -0.47458 8
-9.6056 -0.554433 8
-13.2358 0.21103 8
-8.11064 -0.0222772 8
-10.6111 -0.498573 8
-7.66499 -1.24992 8
-10.6483 -0.517735 8
-12.383 0.0122527 8
-7.83439 -1.11502 8
-9.56169 -0.00735779 8
-9.33277 -0.428794 8
-6.63066 -0.890303 8
-5.50303 -1.7051 8
-6.50174 -1.69389 8
-10.071 -0.321361 8
-9.51335 -1.47319 8
-8.72951 -0.100587 8
-10.3731 -1.14446 8
-8.37155 -0.548896 8
-7.19415 -0.237407 8
-9.70153 -0.897481 8
-11.3951 -0.193548 8
-2.87488 -0.824207 8
-11.9274 -0.296786 8
-8.44579 -0.614211 8
-10.0417 -1.92295 8
-9.83593 -0.368207 8
-8.29998 -0.727234 8
-10.009 -1.00145 8
-7.94815 -0.822283 8
-10.7065 -0.157384 8
-4.37213 -0.0429485 8
-13.0624 -1.02199 8
-6.53634 -0.850389 8
-9.51638 -0.818415 8
-7.69391 -0.395806 8
-11.9364 -1.14946 8
-11.9139 0.104245 8
-8.03242 0.0169924 8
-6.68852 -0.772441 8
-9.44532 -1.97665 8
-10.6964 0.165194 8
-11.2272 0.028536 8
-11.7313 -0.904187 8
-8.82948 -0.639495 8
-12.9888 -1.12647 8
-12.8871 -0.449892 8
-10.6825 -0.140351 8
-13.8514 -1.63055 8
-11.1897 -0.119153 8
-9.22191 -1.13453 8
-10.8828 -0.591099 8
-8.6459 -1.39408 8
-14.2015 -0.949071 8
-6.59996 -0.894633 8
-14.6038 -0.848747 8
-5.87625 -0.879251 8
-9.02453 -1.30723 8
-11.8816 0.0142701 8
-3.65584 -0.196736 8
-7.60859 -0.713048 8
-9.84392 -0.287759 8
-10.8222 -0.957525 8
-10.9149 -0.975432 8
-15.2139 -0.987225 8
-13.5142 -0.215255 8
-4.685 -0.0749901 8
-9.27143 -0.292652 8
-8.95696 -1.00098 8
-15.2809 0.603012 8
-7.70057 -0.87913 8
-12.0344 -0.644619 8
-9.7168 -0.581222 8
-7.95436 -0.140802 8
-9.7262 -0.46019 8
-3.60567 -0.411485 8
-9.21637 -1.17411 8
-5.94437 -0.621162 8
-9.36669 -1.2002 8
-11.1858 0.183878 8
-5.97808 -0.694532 8
-7.19244 -1.10409 8
-9.13288 -0.740604 8
-8.08123 -0.781656 8
-9.85241 -0.654314 8
-9.56858 -0.451704 8
-9.89529 -0.109918 8
-8.71958 -0.956855 8
-6.64018 -0.314669 8
-7.14818 -0.21044 8
-12.3581 0.251049 8
-7.16045 0.164519 8
-10.3565 -1.98422 8
-5.99348 -1.24781 8
-10.0239 0.428723 8
-13.1091 -0.551542 8
-6.85509 -0.782311 8
-8.47031 -0.614 8
-10.9619 -1.57407 8
-7.2743 -0.500527 8
-7.9153 -1.28285 8
-11.1179 -1.60094 8
-5.9747 -0.144185 8
-6.57077 -0.956305 8
-6.27785 -1.42114 8
-11.4615 -1.70057 8
-12.1769 -1.45869 8
-13.1443 -0.804928 8
-8.62771 -0.914289 8
-6.61448 -0.302377 8
-12.8037 0.137449 8
-10.0867 -0.409089 8
-3.92428 -0.559162 8
-9.32765 -0.37601 8
-6.48853 -0.688683 8
-12.525 -0.0338539 8
-10.8064 -0.208777 8
-8.07752 -1.35059 8
-9.83886 -0.816065 8
-10.4274 -0.368689 8
-9.16414 -0.00828443 8
-8.83849 -0.879964 8
-4.69237 -0.707437 8
-8.43379 -0.0867548 8
-6.98351 0.0628689 8
-7.50708 -0.646797 8
-11.3407 -1.72886 8
-10.2537 -0.421223 8
-8.56425 -0.74663 8
-6.70974 -1.29174 8
-10.0483 0.21157 8
-7.6307 -0.508008 8
-11.323 0.481187 8
-5.58088 0.42308 8
-10.9644 0.0243819 8
-7.67237 0.0112696 8
-10.3035 -0.599785 8
-8.39755 -1.11985 8
-10.9652 0.022793 8
-7.88934 -1.69988 8
-8.00459 -0.643499 8
-9.60061 -0.0357234 8
-12.6489 0.260264 8
-7.37703 0.0333884 8
-5.34549 -0.64647 8
-9.24706 -0.508561 8
-9.14901 -0.861217 8
-10.2171 -0.870255 8
-12.8547 -0.0506521 8
-8.59556 -0.609653 8
-12.4793 -1.60186 8
-9.89396 -0.483462 8
-7.62274 -0.966862 8
-11.6392 0.598993 8
-10.9141 -0.292514 8
-12.5173 0.296338 8
-8.26495 0.133099 8
-7.41143 0.349372 8
-7.09831 -0.744653 8
-8.55341 -0.898534 8
-8.98878 -0.617384 8
-4.46302 -1.04174 8
-6.51328 -0.738821 8
-8.4975 -1.36215 8
-8.86546 0.2954 8
-9.47965 -0.618395 8
-10.9836 -0.32665 8
-12.2878 -0.0143209 8
-10.4266 -0.61655 8
-12.5748 0.307284 8
-10.1696 -0.684731 8
-14.2235 -0.495152 8
-8.36821 -0.825472 8
-9.21593 -0.698344 8
-10.8265 -0.315125 8
-8.10012 -0.805311 8
-5.44038 -0.710943 8
-9.8734 -0.663111 8
-15.32 0.462102 8
-8.38027 0.275177 8
-7.91707 0.357282 8
-8.33792 0.461282 8
-8.92103 -0.984814 8
-13.3905 -0.474509 8
-9.54505 -0.61599 8
-8.92131 -1.71308 8
-12.3733 -0.673805 8
-4.1328 -0.671211 8
-9.77495 -0.123188 8
-10.1176 -0.928666 8
-3.97283 -0.294787 8
-7.62286 -1.16041 8
-9.80114 -0.657797 8
-12.0859 -0.205344 8
-10.1464 -0.26442 8
-11.9487 -0.182664 8
-10.8959 0.304438 8
-9.95462 -1.01961 8
-8.21403 -0.101735 8
-6.88197 0.362489 8
-9.32042 -0.935967 8
-9.03068 -0.048893 8
-7.14661 -0.231957 8
-13.4511 0.397878 8
-11.3062 -0.741935 8
-7.65018 -0.521643 8
-8.76073 0.541919 8
-7.39749 -1.4275 8
-14.8978 -0.265825 8
-11.0532 -0.182545 8
-10.0258 0.766289 8
-7.45825 -1.16778 8
-8.74475 -0.289469 8
-16.3684 -0.586575 8
-8.52445 -0.166056 8
-12.3456 -0.652546 8
-12.7767 0.128517 8
-9.2561 -0.72434 8
-2.05522 -0.207143 8
-10.8658 0.00723094 8
-9.51474 -1.63783 8
-9.61008 0.407742 8
-7.01722 -1.75811 8
-8.51395 -0.685106 8
-10.4386 -0.953084 8
-4.98416 0.433216 8
-14.6507 -0.711252 8
-6.43107 -1.51718 8
-7.72459 -0.58967 8
-12.2875 -0.465049 8
-8.36638 -0.360515 8
-3.84381 -0.65657 8
-6.20977 -0.619646 8
-11.8724 -0.518361 8
-5.65827 -1.47472 8
-8.75908 -0.740344 8
-10.6381 -0.977587 8
-9.26497 0.036433 8
-6.44117 -0.429926 8
-10.5144 -1.15497 8
-9.81092 -1.30817 8
-9.64658 -1.04034 8
-10.9687 -0.261629 8
-9.79418 0.146578 8
-7.20779 -0.208777 8
-8.79582 -1.63715 8
-7.75111 -0.946929 8
-8.05726 -1.409 8
-10.6233 -0.810799 8
-11.2236 -1.4302 8
-6.53124 -0.667105 8
-9.8839 -0.182399 8
-9.12155 -0.439327 8
-12.5593 0.14025 8
-9.05472 -0.200144 8
-7.39413 -0.620315 8
-8.54279 -0.114448 8
-10.872 0.138617 8
-13.6026 -0.88564 8
-4.13893 -1.1866 8
-10.2181 -0.736519 8
-5.54095 -0.250825 8
-7.33617 -0.370025 8
-10.4725 -0.714895 8
-11.9399 -0.131054 8
-9.87223 -0.322522 8
-8.71382 -1.80874 8
-7.00238 -0.483247 8
-9.0245 0.109543 8
-10.9795 -0.550258 8
-12.2227 -0.873918 8
-12.5641 -1.06306 8
-11.18 -0.217332 8
-5.57466 -1.19783 8
-8.0388 -1.2335 8
-9.04635 0.0228702 8
-9.21962 -0.834809 8
-10.7594 -0.497052 8
-9.78954 0.142941 8
-7.79179 -1.81227 8
-9.49819 -0.685361 8
-8.72119 -0.271091 8
-5.95026 -1.26042 8
-7.59961 -1.49163 8
-10.3868 -0.0673869 8
-11.9231 0.0627564 8
-9.30392 -0.419662 8
-9.43405 -0.941136 8
-7.2805 0.269513 8
-12.102 0.158538 8
-6.97744 -0.699435 8
-8.08777 -0.176572 8
-9.47281 -0.392697 8
-6.15855 -0.462071 8
-8.54863 -1.12878 8
-8.87383 -0.832377 8
-9.73492 -0.893109 8
-11.5877 -0.473806 8
-4.68234 -1.43717 8
-9.86657 -0.891385 8
-7.39161 -1.23494 8
-11.9236 -0.00500148 8
-7.01312 -0.399671 8
-8.19704 -0.0407876 8
-4.71443 -0.926422 8
-12.6831 0.0538836 8
-10.0272 0.262374 8
-14.8191 -0.999162 8
-10.7385 -0.658525 8
-10.6042 -0.477659 8
-10.6315 -0.256297 8
-8.16582 -0.853381 8
-8.92215 -1.64171 8
-7.14042 8.86085 9
-7.58475 8.96287 9
-7.02383 8.65148 9
-8.02777 8.43811 9
-7.77125 8.67412 9
-7.86076 9.02118 9
-7.21529 8.75673 9
-7.4562 9.12342 9
-7.88816 9.22178 9
-7.54008 8.61183 9
-7.62856 8.91183 9
-7.20888 8.72482 9
-7.75451 9.43492 9
-8.34757 9.19653 9
-7.8998 8.58443 9
-7.77035 8.83164 9
-7.56416 8.81677 9
-8.27517 9.42369 9
-8.04044 8.93947 9
-7.72726 8.85689 9
-6.89044 8.30738 9
-7.4581 8.75515 9
-7.74999 9.27079 9
-8.03473 8.94932 9
-7.93797 8.74132 9
-7.89279 9.12446 9
-7.25904 8.6733 9
-6.67246 7.86032 9
-8.39996 8.81029 9
-7.01059 8.28126 9
-8.43043 9.33075 9
-7.94754 9.05183 9
-7.73024 9.04507 9
-7.86262 8.91866 9
-7.86007 9.21262 9
-8.21529 8.40763 9
-8.2158 8.95583 9
-7.83298 8.66452 9
-8.59577 9.34458 9
-7.8432 8.9992 9
-8.22351 9.08855 9
-7.8388 9.24572 9
-7.87502 8.96365 9
-7.91191 8.31347 9
-6.98371 8.6399 9
-7.89669 9.25686 9
-7.5688 9.29519 9
-7.45058 8.63151 9
-7.19515 9.02176 9
-8.50617 9.24972 9
-7.33735 9.01589 9
-8.34655 8.834 9
-8.23834 9.18363 9
-7.35803 8.55077 9
-8.62108 9.33369 9
-8.00189 8.92627 9
-7.842 9.00368 9
-7.88202 8.94595 9
-7.41019 9.36149 9
-8.61532 8.98963 9
-8.62177 9.55492 9
-8.24144 9.31364 9
-8.25257 9.34654 9
-8.0274 9.32724 9
-6.9692 8.58025 9
-8.12461 8.96781 9
-7.91739 8.7447 9
-7.59267 9.06184 9
-8.37708 9.14282 9
-7.7544 8.69475 9
-8.04412 9.14976 9
-6.87809 8.78986 9
-8.14937 9.11252 9
-8.0609 8.81271 9
-6.47462 8.34761 9
-6.97183 8.65788 9
-7.15367 9.14065 9
-8.12554 9.06227 9
-7.61797 8.82342 9
-7.79868 9.17524 9
-8.27551 9.71004 9
-7.17764 8.63352 9
-8.62166 9.60203 9
-7.4958 8.58641 9
-8.26047 9.10274 9
-8.00139 9.28544 9
-8.64562 8.84318 9
-8.66646 9.72791 9
-7.38624 8.36548 9
-8.02097 9.77103 9
-7.53506 8.27607 9
-7.1301 8.44244 9
-7.54535 8.53755 9
-8.11781 9.09054 9
-7.47397 8.3201 9
-8.32586 9.24891 9
-7.70651 8.78033 9
-8.6044 9.53626 9
-7.28513 8.76495 9
-7.62757 8.38552 9
-7.66728 9.51405 9
-7.33384 8.90379 9
-7.89191 8.72423 9
-8.73506 9.74776 9
-7.08292 8.61422 9
-7.5458 8.67833 9
-7.7113 8.8301 9
-8.81071 9.45044 9
-8.33429 9.28233 9
-8.90971 9.06632 9
-7.16938 8.8027 9
-6.96033 8.48399 9
-8.14173 9.39199 9
-7.35977 8.95377 9
-7.43909 8.55443 9
-7.21875 8.70925 9
-7.9825 8.79314 9
-8.56914 9.26985 9
-8.28775 9.43194 9
-7.7729 9.30227 9
-7.98901 8.83968 9
-8.24817 9.3943 9
-7.19728 8.32497 9
-7.55539 8.84176 9
-6.89933 8.33944 9
-8.43976 9.77415 9
-7.53685 8.70284 9
-7.47463 9.03996 9
-7.93539 8.90662 9
-7.67111 8.71823 9
-8.32219 9.3149 9
-7.4518 8.78584 9
-7.55587 8.89779 9
-7.9806 8.9182 9
-7.33526 8.74143 9
-7.35482 8.68004 9
-7.67084 8.45489 9
-6.7001 8.83324 9
-7.0498 8.5596 9
-7.94838 9.37078 9
-8.47861 9.21571 9
-7.52783 8.50413 9
-7.2183 8.30584 9
-8.00555 9.07201 9
-8.63679 9.67095 9
-7.71272 9.34733 9
-7.52202 9.24411 9
-7.87833 8.76135 9
-7.04219 8.78502 9
-8.26023 8.52658 9
-7.46103 9.09315 9
-7.2866 8.78009 9
-7.0183 8.57831 9
-8.34274 8.85973 9
-8.28721 9.3702 9
-8.51514 9.22208 9
-7.67493 8.36663 9
-8.12763 9.59118 9
-7.65018 8.85305 9
-7.58406 8.17783 9
-8.8322 9.47351 9
-8.25179 8.73948 9
-8.39334 9.49456 9
-7.30097 8.98886 9
-7.72569 8.9858 9
-7.6921 8.97901 9
-8.7009 9.4929 9
-7.76146 8.53616 9
-7.49368 9.0205 9
-7.97203 9.04441 9
-8.76957 9.15359 9
-6.96289 8.16735 9
-7.58172 8.3398 9
-7.50594 8.84678 9
-8.4679 8.99678 9
-7.44885 8.94127 9
-8.05099 9.03744 9
-7.88365 8.80402 9
-7.61826 8.96364 9
-8.36829 9.21322 9
-7.41895 8.86917 9
-8.07974 8.62778 9
-7.6536 9.32301 9
-8.38852 9.47322 9
-8.00364 9.20278 9
-8.51641 9.44851 9
-6.63188 8.49731 9
-8.58253 9.37736 9
-7.98488 8.94446 9
-7.16714 8.66285 9
-7.65154 9.11479 9
-8.24923 9.10425 9
-7.82036 8.50037 9
-8.73368 9.60944 9
-7.43374 8.65439 9
-8.33903 9.31912 9
-7.86021 8.88726 9
-7.94018 9.1591 9
-7.76132 9.16084 9
-7.56875 8.70165 9
-8.45773 9.38595 9
-7.76506 9.08255 9
-8.2691 9.42699 9
-8.14704 9.07366 9
-7.62391 8.51961 9
-7.96133 8.98616 9
-8.01638 9.23897 9
-7.49226 8.75604 9
-8.13462 9.02971 9
-7.7102 8.86771 9
-7.35662 8.40995 9
-7.98096 8.55988 9
-8.44302 9.13814 9
-8.87307 9.40058 9
-7.97711 8.91379 9
-7.46489 8.35242 9
-7.65261 8.84228 9
-7.51191 8.92683 9
-7.83303 8.67308 9
-7.57979 8.98809 9
-7.42898 8.88417 9
-8.23998 9.4825 9
-7.86066 8.52923 9
-8.24282 9.00752 9
-8.25562 9.51613 9
-7.97859 9.05964 9
-7.62037 9.24818 9
-7.16273 8.12002 9
-7.58235 8.96653 9
-7.37844 8.54089 9
-8.25239 9.66087 9
-8.05733 8.91823 9
-7.89024 8.86848 9
-7.43209 8.30658 9
-7.79988 8.95212 9
-8.15971 9.21533 9
-7.65958 8.90651 9
-8.46623 9.09582 9
-8.1205 9.14786 9
-7.80267 9.18345 9
-7.41752 8.656 9
-7.90984 8.70586 9
-6.99862 8.69262 9
-6.70983 8.67186 9
-8.4726 9.15753 9
-7.16987 8.16973 9
-7.53575 8.80048 9
-8.71614 9.16845 9
-8.12906 8.64509 9
-7.46565 9.05447 9
-8.396 9.36953 9
-7.68965 8.84082 9
-7.76629 8.92601 9
-8.34128 8.83871 9
-8.07388 9.01676 9
-9.14015 9.71256 9
-7.32922 8.93466 9
-7.38343 8.50403 9
-7.41278 9.16931 9
-7.32259 8.53458 9
-7.97871 8.82512 9
-7.99206 8.89982 9
-7.90396 8.72559 9
-7.99687 9.01454 9
-8.4372 9.57189 9
-7.31504 8.43463 9
-7.78504 8.71711 9
-7.41306 8.55606 9
-8.46148 9.25926 9
-7.93262 8.62066 9
-8.46534 9.22696 9
-8.32693 9.59009 9
-7.20369 8.74069 9
-8.12248 9.0863 9
-7.53446 8.61714 9
-7.69013 8.31427 9
-7.86278 8.87456 9
-8.5387 8.89045 9
-7.22048 8.74604 9
-7.91508 9.42034 9
-8.36156 9.26565 9
-7.1447 8.42318 9
-7.47215 8.48263 9
-8.07485 9.08453 9
-7.68092 9.45246 9
-8.24152 9.22088 9
-7.03252 8.3265 9
-7.89572 8.49678 9
-8.42264 8.97991 9
-7.39282 8.8131 9
-7.87134 8.5487 9
-7.85436 9.21288 9
-7.06292 8.54491 9
-8.29261 9.1192 9
-8.03154 9.22317 9
-7.00137 8.62883 9
-8.10966 8.91486 9
-7.65185 8.64594 9
-7.83693 9.40475 9
-7.57616 8.76107 9
-8.79455 9.34685 9
-8.15856 9.10351 9
-7.25853 8.91941 9
-7.68412 8.75954 9
-7.87955 9.0667 9
-7.63012 8.29289 9
-6.93953 8.55797 9
-8.21711 9.00015 9
-8.30836 9.16729 9
-7.21088 8.80322 9
-7.64929 8.38234 9
-6.40503 8.79812 9
-7.12992 8.50536 9
-8.43301 9.30058 9
-8.28742 8.44572 9
-7.27527 8.36516 9
-7.20239 8.88597 9
-8.32195 9.57198 9
-7.55729 9.109 9
-7.42143 8.65533 9
-8.04379 9.31972 9
-7.30482 8.58777 9
-9.20482 9.31296 9
-7.72559 9.24596 9
-6.94082 8.66607 9
-7.36982 8.13267 9
-7.99687 9.44817 9
-7.15535 8.30168 9
-7.44797 8.23692 9
-7.14625 8.68699 9
-7.36562 8.93938 9
-8.05957 9.21272 9
-7.75323 8.96084 9
-8.38761 9.28955 9
-7.72805 9.2762 9
-7.7361 8.73 9
-6.85133 9.00631 9
-7.42074 8.22056 9
-7.36542 8.42418 9
-7.62044 8.8702 9
-8.14565 9.26008 9
-6.92091 8.4534 9
-8.19255 8.93821 9
-6.75703 8.11454 9
-8.0505 9.3617 9
-7.7713 8.99264 9
-7.53391 8.48388 9
-7.29454 8.63067 9
-7.82963 9.00525 9
-7.5571 8.90973 9
-8.60861 9.30217 9
-7.32148 9.22717 9
-7.45934 8.83878 9
-7.97044 9.44544 9
-8.04752 9.09895 9
-7.81045 8.97105 9
-7.69284 8.53022 9
-7.55001 8.79368 9
-7.82298 9.12095 9
-8.71049 9.48033 9
-8.53953 9.34722 9
-7.41825 9.23272 9
-7.43007 8.69053 9
-8.42623 9.30697 9
-7.75126 8.87261 9
-7.5609 8.50487 9
-7.02697 8.17219 9
-7.40849 9.00562 9
-8.06562 9.41991 9
-7.5808 9.1235 9
-7.27647 9.23732 9
-7.37354 8.67847 9
-7.15902 9.00468 9
-8.90629 9.80261 9
-8.58181 9.26028 9
-8.78574 9.79699 9
-7.68294 8.91323 9
-7.40724 8.4749 9
-8.66918 9.27211 9
-6.9881 8.63836 9
-8.92634 9.35237 9
-8.36945 8.57435 9
-7.10906 8.93846 9
-8.06642 9.25966 9
-7.91311 8.92695 9
-8.14633 9.13466 9
-7.96838 9.33484 9
-7.91669 9.28685 9
-7.89666 9.20187 9
-7.3386 8.89065 9
-7.96992 9.21265 9
-7.4435 8.71814 9
-8.56464 9.32144 9
-8.49463 9.59233 9
-6.58291 8.43241 9
-7.79607 8.89262 9
-8.50186 9.21599 9
-7.63403 8.6959 9
-8.24267 8.53359 9
-7.41656 8.95789 9
-7.93749 8.63375 9
-7.39894 8.38112 9
-7.92669 8.68037 9
-7.68731 8.61475 9
-8.75024 8.53118 9
-8.18238 8.94626 9
-8.67134 9.72043 9
-7.84793 8.94922 9
-7.32443 8.33341 9
-7.03831 8.88191 9
-7.69427 9.00653 9
-7.42723 8.87665 9
-7.80928 9.3086 9
-8.08388 9.09359 9
-6.96231 8.20951 9
-8.61498 9.42614 9
-8.24264 9.13377 9
-7.87814 8.74295 9
-7.89587 8.84981 9
-7.83564 8.7858 9
-7.7258 8.67743 9
-7.7521 9.0945 9
-7.14801 8.60142 9
-8.32674 9.0837 9
-7.99815 8.97389 9
-7.07341 8.4956 9
-7.12844 9.01244 9
-8.88675 9.51376 9
-6.65676 8.76367 9
-7.93289 9.68838 9
-8.39681 9.50658 9
-8.48996 9.14576 9
-7.49006 9.28048 9
-8.36356 9.0434 9
-7.26843 8.74898 9
-7.36438 8.77177 9
-7.47347 8.68845 9
-7.80229 8.1046 9
-8.69029 9.49356 9
-8.07167 8.55323 9
-7.21087 8.22581 9
-7.83982 8.9686 9
-8.58918 8.97477 9
-7.89014 8.97977 9
-7.76791 8.69551 9
-8.34295 8.96966 9
-8.47581 9.12301 9
-7.57913 8.90632 9
-7.82871 8.83083 9
-8.31105 8.66915 9
-8.94066 9.52519 9
-6.92961 8.24883 9
-7.0121 8.39167 9
-6.96071 8.59306 9
-8.33568 9.80328 9
-7.14831 8.2304 9
-7.40332 9.35584 9
-7.6427 8.89122 9
-8.88441 9.19972 9
-7.24216 8.44023 9
-8.48916 9.43177 9
-7.66463 9.11733 9
-6.76241 8.98866 9
-7.98021 8.74715 9
-6.75004 8.3703 9
-7.80693 8.65218 9
-7.22903 8.7941 9
-8.89075 9.76778 9
-8.24031 9.28573 9
-7.73207 8.85649 9
-8.26851 8.94639 9
-7.5572 8.78987 9
-7.81343 9.15507 9
-7.9577 9.06577 9
-7.4478 8.74117 9
-7.34756 9.0818 9
-7.39648 8.79516 9
-7.63066 8.81869 9
-8.04555 8.71095 9
-7.73155 8.82911 9
-7.45994 8.61356 9
-6.90624 8.63582 9
-7.88135 8.43896 9
-8.35545 9.42369 9
-8.18598 9.02042 9
-8.40228 9.33935 9
-8.05362 9.14436 9
-8.02382 8.81967 9
-7.65552 9.10484 9
-7.12937 8.94173 9
-8.32432 8.78263 9
-7.74734 8.94766 9
-8.47671 9.02832 9
-7.50291 8.94842 9
-8.08487 8.68792 9
-7.5572 9.29562 9
-8.18926 8.77166 9
-8.44026 9.10465 9
-8.6738 8.85051 9
-7.75475 9.0184 9
-8.08019 8.8818 9
-7.70724 8.8732 9
-8.37909 9.5147 9
-8.35089 8.91207 9
-7.25157 8.62652 9
-8.67121 9.52612 9
-8.25799 9.27287 9
-8.31404 9.25679 9
-8.52108 9.43051 9
-7.95564 9.04746 9
-7.60974 9.16634 9
-6.56324 8.56978 9
-6.74825 8.24088 9
-7.77135 8.55085 9
-7.08682 8.55878 9
-8.26042 9.29256 9
-7.10192 8.96411 9
-7.14499 8.63534 9
-7.00583 8.23523 9
-8.91592 9.26102 9
-8.13594 8.29638 9
-7.93202 8.97483 9
-7.94241 8.71975 9
-7.02685 8.16875 9
-7.72368 9.38794 9
-8.0383 9.4096 9
-7.71993 9.10754 9
-7.92037 8.8759 9
-7.63408 9.08069 9
-8.10511 8.88434 9
-7.07217 8.36701 9
-8.86452 9.09045 9
-8.13451 9.36517 9
-7.6273 8.79806 9
-8.4699 9.3291 9
-8.10955 8.91179 9
-8.043 8.86557 9
-8.7547 9.3879 9
-7.87211 8.82225 9
-8.09131 8.90751 9
-7.36525 8.87536 9
-7.70554 9.30635 9
-8.24544 9.0484 9
-8.57507 8.9947 9
-8.58351 9.25771 9
-7.73055 8.7841 9
-8.37309 9.32247 9
-7.7471 9.02603 9
-7.38594 8.38488 9
-8.12782 8.95244 9
