-0.295781 6.54039 0
-1.64907 3.36965 0
-1.99005 -2.3406 0
-2.08118 -0.270936 0
-1.78664 1.74461 0
-0.795662 -5.83613 0
-1.36954 -4.62488 0
-2.18328 -3.21209 0
-1.76244 -4.99156 0
-1.56262 -2.29251 0
-1.68941 -2.11583 0
-2.1 -2.44335 0
-1.8647 -4.95059 0
-1.52133 -3.11165 0
-0.986477 -0.461431 0
-0.432781 -3.04324 0
-2.73505 -2.38152 0
-0.389794 -0.932877 0
-2.89392 -5.46625 0
-0.770768 -0.773837 0
-1.99432 -0.258975 0
-1.91558 -2.51711 0
-0.927203 2.55244 0
-0.740759 0.407071 0
-1.99811 -5.65675 0
-1.042 5.75823 0
-1.40141 -3.19075 0
-1.57055 2.40098 0
-1.80844 0.695209 0
-1.09122 4.03889 0
-1.14268 2.37614 0
-2.10758 -3.09833 0
-1.50626 -4.15791 0
-1.55865 -4.84133 0
-0.22749 1.6532 0
-1.21015 3.05711 0
-0.950255 -4.14559 0
-1.36484 -4.90108 0
-2.67533 1.59418 0
-1.44973 -8.37554 0
-1.36773 -5.15743 0
-0.533901 -0.309446 0
-1.77676 -5.30721 0
-1.33393 2.9197 0
-1.65688 5.2405 0
-1.80639 -1.31711 0
-1.663 0.934376 0
-2.18514 -3.59933 0
-0.924144 -4.46263 0
0.377736 -3.41704 0
-1.15954 -2.93321 0
-0.713682 -3.64944 0
-1.80563 5.5783 0
-0.797525 2.09195 0
-0.547022 -1.83551 0
-2.09106 1.14919 0
-1.8529 -5.50457 0
-1.85926 0.0411909 0
-1.12524 -0.716835 0
-1.83489 -4.57772 0
-1.94511 0.0554173 0
-1.18644 -1.19212 0
-1.16955 0.423691 0
-1.94437 -3.24447 0
-2.08028 3.34058 0
-1.51105 -1.29288 0
-0.69153 0.0627024 0
-1.15752 0.455228 0
-0.84185 -0.114859 0
-1.60628 0.328749 0
-1.57963 0.544507 0
-1.07794 1.94331 0
-1.20281 -1.75 0
-1.47413 -3.34155 0
-1.56168 -1.39015 0
-0.930411 -0.834532 0
-2.12865 -0.789799 0
-1.26534 -2.81895 0
-0.887298 1.17246 0
-1.08059 0.491047 0
-1.67519 -4.31353 0
-1.91414 2.40176 0
-1.49072 1.86713 0
-1.22012 -3.63832 0
-1.86343 -1.31692 0
-1.32987 -3.17004 0
-1.09237 -3.30376 0
-0.516345 -1.12228 0
-1.21994 -2.45318 0
-0.850514 -2.17663 0
-0.679549 -0.834671 0
-0.296605 -4.43082 0
-3.36515 -1.14253 0
-1.27092 2.41191 0
-1.24563 1.18454 0
-1.63234 -1.13386 0
-1.63202 1.75096 0
-1.4838 -5.35141 0
-0.33747 -4.4354 0
-1.07448 -1.08344 0
-1.56288 0.230687 0
-3.00626 0.269842 0
-1.59815 1.11962 0
-0.271548 -4.23027 0
-2.326 3.30473 0
-2.29273 -5.14279 0
-1.04801 2.92265 0
-2.17712 -1.29243 0
-1.11453 0.862773 0
-1.72767 -3.76096 0
-1.24832 7.00529 0
-1.85139 -5.76635 0
-0.796266 2.91163 0
-2.20851 -4.02953 0
-1.46343 -5.8758 0
-1.03895 -0.369022 0
-1.42259 3.28612 0
-1.73842 -1.36917 0
-1.4959 -2.05165 0
-2.77601 3.73639 0
-0.645078 1.58131 0
-1.10415 -2.65936 0
-1.7571 2.22979 0
-0.760159 -0.948119 0
-1.95547 -0.283099 0
-1.72866 -1.02241 0
-1.48009 -2.21058 0
-2.39632 -5.49369 0
-1.64565 -3.33787 0
-1.81999 5.83543 0
-0.393243 -4.07877 0
-1.23642 -0.360126 0
-0.581073 -1.5359 0
-1.23186 -6.26366 0
-1.72952 -1.79533 0
-1.87517 0.743269 0
-1.80282 -7.08635 0
-1.43531 -3.38475 0
-1.31992 -2.73932 0
-1.59313 -4.48875 0
-2.5128 1.26475 0
-1.47386 6.88499 0
-1.2305 -2.65396 0
-1.93345 -2.08584 0
-0.544758 -4.38697 0
-0.795673 0.925695 0
-0.940656 2.47485 0
-1.75308 -0.974181 0
-1.32423 -3.909 0
-2.45694 -2.92144 0
-1.65958 -4.27207 0
-2.86406 4.06492 0
-1.90786 -0.767512 0
-1.50052 -2.31878 0
-0.849121 0.108983 0
-1.20258 1.57619 0
-1.64493 -1.55029 0
-0.944452 -4.66367 0
-2.16561 -7.11224 0
-1.21434 3.47756 0
-1.26693 -2.75863 0
-1.96095 6.18991 0
-0.817195 -6.81856 0
-1.08614 0.0804483 0
-1.2363 -0.920912 0
-1.13184 -5.20554 0
-1.25735 -1.43534 0
-1.85243 0.127599 0
-0.936119 -4.91063 0
-1.14229 2.63433 0
-1.58952 0.566743 0
-0.936045 3.53255 0
-1.32863 -0.728908 0
-1.4705 0.407204 0
-0.780746 -5.46768 0
-1.57983 2.38123 0
-0.368817 2.79743 0
-2.13686 -3.10878 0
-1.32361 1.14513 0
-0.607294 1.43911 0
-1.62983 1.29869 0
-0.988353 -1.75478 0
-0.812731 -3.09302 0
-0.0567401 0.732097 0
-0.817213 -1.11695 0
-0.7664 0.125829 0
-1.01358 4.51534 0
-1.43501 2.76332 0
-0.628148 -2.35159 0
-2.74767 -0.91601 0
-2.2532 -4.1795 0
-1.81584 -5.00011 0
-1.85936 -1.35041 0
-1.54021 3.83416 0
-1.64164 2.71055 0
-0.756059 0.276589 0
-2.01967 -7.83976 0
-1.18753 -1.37879 0
-1.36375 -3.21696 0
-2.0643 -2.18297 0
-1.93795 -2.27844 0
-0.928876 -4.01769 0
-0.78997 0.292738 0
-2.54462 2.97489 0
-2.38483 -2.66094 0
-0.771216 -0.144426 0
-1.8303 0.913153 0
-1.60535 -1.94144 0
-2.23706 -1.95436 0
-1.07267 -3.75111 0
-1.65466 1.50579 0
-1.69642 3.8212 0
-1.83655 0.153006 0
-1.29228 -1.34394 0
-1.49367 0.611098 0
-1.76106 6.74672 0
-1.48618 -2.30637 0
-0.352785 -3.4002 0
-1.01013 -9.70535 0
-1.63261 -0.115115 0
-0.881141 0.875407 0
-1.15568 -3.76405 0
-1.34508 -0.788252 0
-2.04285 -4.44325 0
-1.51154 2.78753 0
-0.646461 -0.741878 0
-2.68595 -2.20122 0
-0.995778 -0.817439 0
-1.77324 1.58289 0
-0.430603 -0.596982 0
-1.43227 1.25269 0
-2.02964 4.96255 0
-1.41835 -5.19078 0
-1.55144 0.265415 0
-1.19433 0.977581 0
-1.42461 -4.3895 0
-1.49434 0.466864 0
-1.49135 0.762033 0
-0.042283 2.31638 0
-0.227831 2.6416 0
-1.09243 -2.26451 0
-1.45389 0.631332 0
-1.48893 0.16369 0
-0.915699 -1.5931 0
-2.00133 -1.44672 0
-0.878479 1.91303 0
-0.710333 -1.27482 0
-1.60291 2.24852 0
0.0685315 -0.256202 0
-1.54342 -4.39725 0
-1.41978 -1.65377 0
-1.82932 -4.61954 0
-1.39947 -4.89163 0
-1.32548 -1.35745 0
-1.51781 -1.23155 0
-1.06925 -0.989307 0
-2.07262 -1.76171 0
-2.26843 -2.63716 0
-1.00808 -1.68382 0
-0.671569 -5.07905 0
-1.64805 0.541024 0
-2.2547 -2.99959 0
-1.84625 -1.46069 0
-0.656644 0.810471 0
-2.3397 -3.94938 0
1.12521 -1.39001 0
-0.942644 -8.07981 0
-2.00052 1.81571 0
-0.668986 -5.00181 0
-1.2313 -0.432585 0
-1.86324 -7.12686 0
-1.90289 -3.83144 0
-3.15976 -7.82994 0
-0.376866 1.17027 0
-1.83043 -2.82489 0
-1.54707 -8.57087 0
-0.609966 -5.98294 0
-0.407453 0.777597 0
-1.54486 -7.25789 0
-1.98882 -2.64296 0
-1.46591 -7.99329 0
-1.13795 -1.91227 0
-1.91633 5.1518 0
-0.85317 1.97713 0
-0.877573 -0.786276 0
-0.853007 -3.58748 0
-1.79961 -2.00321 0
-2.80337 0.83788 0
-1.32374 4.26401 0
-0.646779 -0.333223 0
-1.49012 -3.86295 0
-1.05783 -1.07166 0
-2.07537 -1.07356 0
-3.10072 0.799705 0
-1.52998 -1.88526 0
-1.23914 0.55884 0
-1.77269 -2.67784 0
-1.19429 -2.71198 0
-1.27251 -5.57598 0
-0.860774 2.93597 0
-0.805228 -3.64553 0
-1.55415 3.36236 0
-1.74981 1.78309 0
-1.85331 -1.73887 0
-1.1561 -2.92286 0
-2.12355 -1.89511 0
-0.650141 -0.455772 0
-2.14488 1.77464 0
-2.03122 0.121965 0
-1.68608 2.74461 0
-0.33006 -5.64227 0
-1.08623 -4.94795 0
-1.8702 -2.05443 0
-0.388771 -0.739667 0
-1.14993 -6.78096 0
-1.38662 -2.67979 0
-1.80123 -6.16506 0
-2.43239 1.67859 0
-0.885987 -4.2246 0
-2.08598 -1.31277 0
-0.74776 2.05131 0
-1.20861 -1.31634 0
-1.56939 -5.86838 0
-1.69819 -1.55516 0
-1.16099 -3.96437 0
-1.34713 1.81494 0
-1.8404 -2.54398 0
-0.679614 0.601116 0
-1.61401 -0.961542 0
-1.79241 -6.79258 0
-1.53102 2.15748 0
-0.87765 0.7454 0
-1.54826 -7.97748 0
-0.553141 -4.1855 0
-1.88451 -3.24509 0
-1.3565 -3.76697 0
-1.14474 -0.49729 0
-1.27113 0.397643 0
-1.50776 -0.23058 0
-2.10749 -4.5757 0
-0.366706 1.91227 0
-1.9714 -2.16055 0
-1.64018 -4.30463 0
-1.49 -4.31861 0
-1.25868 0.251505 0
-0.443969 0.467068 0
-1.83962 -5.1163 0
-1.66542 -3.7127 0
-1.18748 -1.11541 0
-0.535216 -4.03376 0
-0.981653 -2.34379 0
-2.00369 0.395571 0
-1.10605 5.38344 0
-1.42162 -3.61779 0
-2.4021 -5.0587 0
-1.00379 4.02141 0
-1.3393 -2.84662 0
-0.294174 -2.72573 0
-1.92319 -2.53694 0
-0.828005 0.174961 0
-0.648832 0.357862 0
-1.53009 -1.01137 0
-0.403212 -0.361707 0
-2.39299 0.25919 0
-1.77623 -3.3493 0
-1.51197 -0.386662 0
-0.605356 -3.2483 0
-1.98602 -0.504673 0
0.167167 -6.98046 0
-0.998034 -1.4786 0
-1.64075 -2.07014 0
-1.8986 -0.982185 0
-1.18492 -1.21132 0
-2.61143 -7.78692 0
-0.914148 -0.350166 0
-1.45927 0.749198 0
-2.0794 -6.97187 0
-0.819686 -6.54444 0
-2.82554 0.902695 0
-1.265 -3.32854 0
-1.48971 -2.71124 0
-1.76635 1.14817 0
-1.0338 2.07683 0
-1.67431 -3.0973 0
-0.922978 1.61798 0
-1.62272 0.295841 0
-1.52947 -0.843312 0
-1.98422 0.770651 0
-1.46144 0.254346 0
-1.51194 6.30352 0
-1.03986 2.39552 0
-0.977727 2.60994 0
-2.27671 -2.99635 0
-1.6925 1.27118 0
-2.43602 -1.5738 0
-1.28557 6.27707 0
-1.50682 0.466554 0
-0.498016 0.0990096 0
-2.01556 -6.39097 0
-2.51686 -7.54605 0
-2.62265 0.263655 0
-1.52959 2.23615 0
-0.513593 0.205128 0
-0.29079 1.41785 0
-2.42814 -1.46073 0
-1.20582 -4.01018 0
-0.509593 -0.299363 0
-1.14169 -7.26956 0
-2.69147 -1.23668 0
-1.0836 -2.80504 0
-1.4544 -1.82185 0
-1.72002 -0.177959 0
-1.11842 1.12513 0
-1.78229 -3.47836 0
-1.00885 2.80011 0
-1.61848 0.472807 0
-0.811352 3.08767 0
-2.00669 0.553626 0
0.48246 0.0303138 0
-1.37428 -3.86917 0
-0.767355 -1.26197 0
-2.67421 -6.52262 0
-0.425642 -2.24847 0
-1.32747 -7.83021 0
-2.29746 -0.897804 0
-1.29521 3.12902 0
-0.845688 -2.51479 0
-1.86468 -5.1437 0
-2.01061 5.37432 0
-1.12784 -0.71847 0
-1.45746 0.0382789 0
-2.14267 -4.84027 0
-1.38158 -1.81618 0
-1.22085 -6.73229 0
-0.897585 -3.45515 0
-2.00769 -5.29356 0
-1.63291 -3.55997 0
-1.2043 -5.64316 0
-1.78805 1.10793 0
-0.822975 -0.630317 0
-2.28575 4.85963 0
-0.550853 -4.98015 0
-1.03494 3.36303 0
-0.364703 3.44527 0
-1.42866 -0.325334 0
-1.24073 -3.49001 0
-1.5507 2.33392 0
-1.41176 -0.995842 0
-2.01515 0.732319 0
-0.89999 -1.09635 0
-1.23619 -4.43557 0
-1.79416 5.04035 0
-1.34087 -0.757728 0
-1.11233 0.420066 0
-1.1335 2.4825 0
-0.826619 4.56774 0
-0.279066 1.56609 0
-1.59581 -3.44427 0
-0.247336 -6.53299 0
-1.10537 1.68773 0
-1.89484 5.88664 0
-1.5694 -4.2012 0
-0.490079 4.4259 0
-0.517961 -6.40272 0
-0.932852 -6.14802 0
-0.73686 1.2083 0
-1.20632 0.0904556 0
-0.795941 -0.656472 0
-0.76301 -2.47213 0
-0.76795 -8.37038 0
-2.14754 0.744714 0
-1.59722 -1.27015 0
-2.46205 -3.70096 0
-1.5249 1.50929 0
-1.74026 -1.87266 0
-1.93222 -2.84712 0
-0.642224 -3.74323 0
-0.491857 2.03374 0
-0.975855 5.24545 0
7.18162 -9.64176 1
1.46944 -9.67571 1
3.61546 -9.79081 1
4.75592 -9.43722 1
5.75547 -9.53037 1
1.17712 -9.25229 1
3.19529 -9.43093 1
5.60215 -9.60311 1
6.06175 -9.73721 1
5.33997 -9.57639 1
4.9207 -9.8425 1
4.60895 -10.1931 1
6.76045 -9.63198 1
5.20193 -9.66695 1
6.6834 -9.61478 1
6.51626 -9.54035 1
5.70604 -9.70353 1
2.38586 -9.7417 1
3.68504 -9.73225 1
4.05041 -9.88003 1
6.49771 -9.74831 1
4.82013 -9.38394 1
0.870531 -9.49915 1
3.7719 -9.82699 1
6.52726 -9.63399 1
6.76743 -9.77827 1
7.62203 -9.62893 1
7.46087 -9.8708 1
5.20589 -9.66306 1
3.55945 -9.77543 1
3.93079 -9.58265 1
4.6982 -9.59735 1
4.3434 -9.58797 1
7.30344 -9.86651 1
7.31393 -9.64979 1
7.67397 -9.76269 1
5.24878 -9.79133 1
3.60884 -9.91346 1
7.17968 -9.59049 1
4.38038 -9.88995 1
2.64468 -9.62686 1
6.09556 -9.68721 1
3.79659 -9.19524 1
1.79912 -9.54712 1
5.33052 -10.0368 1
4.22811 -9.83568 1
2.71826 -9.9144 1
5.86202 -9.46897 1
4.06938 -9.67086 1
3.76742 -10.0179 1
6.73602 -9.87949 1
4.96759 -9.74236 1
3.98584 -9.91621 1
7.09907 -9.4824 1
4.84296 -9.45515 1
8.11141 -9.74085 1
4.62242 -9.51736 1
4.83231 -9.8502 1
6.43892 -10.013 1
5.15137 -9.76561 1
3.83126 -9.65443 1
4.98652 -9.66559 1
4.71925 -9.78386 1
10.16 -9.76483 1
4.96063 -9.91181 1
7.39591 -9.97357 1
4.75076 -9.84082 1
4.7157 -9.6598 1
4.4986 -9.81058 1
6.16926 -9.6927 1
6.85211 -9.56365 1
2.90523 -9.82621 1
6.62457 -9.56977 1
6.80534 -9.93238 1
2.79549 -9.74772 1
7.75694 -9.7669 1
2.95901 -9.59339 1
3.71867 -9.96397 1
5.813 -9.99715 1
5.42497 -9.76467 1
2.33437 -9.41304 1
6.41963 -9.72554 1
2.89033 -9.49615 1
4.88228 -9.79591 1
6.58915 -9.69088 1
8.73365 -9.58914 1
1.77491 -10.1389 1
6.24698 -9.45535 1
6.74322 -9.80319 1
5.44186 -9.69982 1
3.33878 -9.42079 1
5.55152 -9.8713 1
5.18507 -9.40484 1
5.17413 -9.68623 1
5.08383 -9.61029 1
5.80883 -9.4946 1
4.47418 -9.77139 1
6.60361 -9.33575 1
5.06946 -9.52817 1
8.68804 -9.75791 1
3.61705 -9.59712 1
6.45952 -9.36228 1
5.39896 -9.70451 1
5.29788 -9.64273 1
4.12416 -9.91012 1
3.35349 -9.69482 1
4.70238 -9.73038 1
4.70924 -9.70953 1
3.90627 -9.45247 1
6.05629 -9.51759 1
5.75697 -9.70419 1
3.49511 -9.94125 1
3.6344 -9.74908 1
7.75621 -9.58958 1
5.93825 -9.5718 1
2.84618 -9.82679 1
2.82309 -9.86013 1
4.9835 -9.41536 1
6.80613 -9.99693 1
5.73749 -9.55474 1
7.78829 -9.88433 1
5.87506 -9.78259 1
5.15504 -9.88472 1
6.58687 -9.54018 1
2.36613 -9.66075 1
7.36819 -9.93762 1
5.89823 -9.63058 1
6.58251 -9.44741 1
6.06106 -9.61715 1
4.92251 -9.4692 1
3.67889 -9.747 1
5.93248 -9.48311 1
4.95996 -9.54052 1
6.71446 -9.70631 1
6.76419 -9.42554 1
6.90704 -9.71704 1
6.19092 -9.66285 1
7.32664 -9.80206 1
5.96273 -9.80564 1
6.8097 -10.0974 1
4.65013 -9.80451 1
6.5373 -9.56741 1
7.99245 -9.44183 1
5.353 -9.557 1
8.32128 -9.59707 1
5.8005 -9.69314 1
4.72564 -9.55085 1
5.4795 -9.5416 1
4.88295 -9.7906 1
4.97312 -9.55818 1
6.55682 -9.57932 1
6.13828 -9.56948 1
1.60496 -9.54812 1
3.92943 -9.69355 1
5.19126 -9.86754 1
5.17642 -9.61912 1
8.87367 -9.81487 1
5.51324 -9.47969 1
3.76573 -9.82549 1
2.46787 -9.59941 1
5.8113 -9.69003 1
5.40173 -9.56992 1
3.46432 -9.52688 1
7.34847 -9.80889 1
5.621 -9.45426 1
3.57164 -9.94236 1
5.15202 -9.87373 1
4.69092 -9.96853 1
4.67673 -9.69743 1
3.78024 -9.67479 1
2.81676 -9.59743 1
5.34085 -9.50169 1
7.44251 -9.82536 1
5.49527 -9.75664 1
4.5967 -9.4332 1
4.32922 -9.53415 1
7.46029 -9.67448 1
4.99031 -9.61407 1
5.43526 -9.8524 1
7.49492 -9.76393 1
4.00073 -9.43035 1
4.22416 -9.49935 1
4.03471 -9.53485 1
5.73743 -9.49988 1
6.11696 -9.48299 1
4.66297 -9.70707 1
6.1401 -9.95655 1
2.85786 -9.75871 1
4.06613 -9.52323 1
4.6467 -9.78971 1
5.71421 -9.75335 1
3.87373 -9.57309 1
6.67796 -9.57079 1
8.34081 -9.80254 1
5.66346 -9.38543 1
7.04112 -9.70966 1
6.67471 -9.77205 1
3.11634 -9.5796 1
3.7385 -9.55824 1
5.55551 -9.76804 1
6.35926 -9.72629 1
6.06986 -9.83058 1
9.28618 -9.61525 1
4.40583 -9.99486 1
7.34644 -9.52857 1
4.79125 -9.68159 1
6.73947 -9.65836 1
6.85153 -9.92807 1
7.75667 -9.19894 1
3.39928 -9.53843 1
5.05107 -9.79925 1
3.84618 -9.5553 1
5.1911 -9.52217 1
7.07367 -9.89805 1
5.60836 -9.22921 1
5.90716 -9.62375 1
6.1752 -9.72247 1
5.48571 -9.83467 1
4.75444 -9.93989 1
7.38072 -9.44106 1
4.37609 -9.73594 1
5.5502 -9.73801 1
4.21921 -9.62805 1
3.95505 -9.53549 1
5.88118 -9.69775 1
4.96341 -9.61001 1
5.68994 -9.77961 1
5.53459 -9.68815 1
5.22105 -9.90761 1
5.62705 -9.69244 1
6.3959 -9.99105 1
5.71148 -9.63216 1
6.18 -9.33673 1
5.9211 -9.5606 1
8.47368 -9.50189 1
3.4756 -9.65765 1
5.41945 -9.68487 1
6.30272 -9.95101 1
7.47521 -9.96629 1
5.7021 -9.65749 1
3.02549 -9.45512 1
6.86471 -9.7732 1
4.22996 -9.4694 1
4.52438 -9.52854 1
4.97991 -9.65831 1
5.29784 -9.67051 1
5.60474 -9.59821 1
7.50354 -9.61982 1
5.10227 -9.86043 1
9.89838 -9.63202 1
4.67762 -9.55841 1
8.00737 -9.8337 1
3.98701 -9.42548 1
5.11849 -9.7004 1
3.94228 -9.77221 1
2.42539 -9.68871 1
5.43671 -9.7788 1
6.56945 -9.63044 1
6.09784 -9.4568 1
5.43567 -9.50209 1
4.52209 -9.86789 1
7.66209 -9.60484 1
2.46079 -9.47995 1
6.8168 -9.46499 1
4.88424 -9.85883 1
4.00658 -9.75071 1
3.4982 -9.77109 1
6.79014 -9.705 1
4.12317 -9.94008 1
6.38497 -9.76324 1
5.0593 -9.98555 1
5.43721 -9.39634 1
4.52227 -9.7501 1
7.05165 -9.69945 1
3.59278 -9.49341 1
5.84976 -9.68349 1
5.24821 -9.81993 1
7.981 -9.53191 1
4.41071 -9.66677 1
5.35839 -9.88677 1
4.74645 -9.50562 1
6.19958 -9.56354 1
2.92878 -9.67545 1
3.12623 -9.59915 1
7.1437 -9.78489 1
5.01956 -9.39371 1
6.02297 -9.69999 1
2.80003 -9.76383 1
5.26986 -9.65813 1
5.24102 -9.39535 1
5.58884 -9.33884 1
6.37476 -9.65337 1
8.04372 -9.48266 1
5.18182 -9.88697 1
4.13127 -9.83505 1
4.70132 -9.6184 1
4.22525 -9.73051 1
7.43295 -9.46211 1
7.12251 -9.66886 1
3.69467 -9.5538 1
4.79032 -9.57027 1
3.61648 -9.54128 1
6.02063 -9.46208 1
3.99195 -9.79538 1
6.45875 -9.83152 1
9.30679 -9.83023 1
6.37275 -9.78941 1
6.96187 -9.62185 1
2.53911 -9.55657 1
5.42406 -9.70351 1
6.2777 -9.57079 1
3.45483 -9.40308 1
7.13718 -9.41381 1
6.01439 -9.65209 1
3.47864 -9.69649 1
2.55739 -9.4935 1
7.62963 -9.59648 1
2.61272 -9.30242 1
6.46764 -9.68105 1
2.92641 -9.73316 1
4.66283 -9.87747 1
5.40726 -9.56344 1
4.62767 -9.67034 1
4.7525 -9.44829 1
5.88106 -9.55018 1
1.70496 -9.66779 1
5.1374 -9.81919 1
5.06247 -9.70654 1
5.4985 -9.60961 1
3.38226 -9.53929 1
4.16916 -9.60735 1
5.45147 -9.49227 1
6.93029 -9.60227 1
4.46976 -9.89072 1
5.32366 -9.43007 1
6.42184 -9.73343 1
5.02477 -9.36751 1
3.54326 -9.84658 1
5.33326 -9.54064 1
5.00216 -9.93874 1
5.66566 -9.81465 1
5.17906 -9.63306 1
4.44572 -9.52694 1
6.06709 -9.92597 1
5.70045 -9.37 1
4.46026 -9.77752 1
4.79972 -9.38615 1
5.62951 -9.55751 1
7.05944 -9.55954 1
7.82058 -9.82932 1
3.99605 -9.91869 1
6.5533 -9.48159 1
8.507 -9.72057 1
5.2619 -9.68004 1
5.81833 -9.66731 1
5.21286 -9.40855 1
3.81165 -9.50541 1
3.65748 -9.70807 1
4.029 -9.56915 1
4.78598 -9.62038 1
5.01518 -9.66836 1
5.97472 -9.73219 1
4.89131 -9.46222 1
5.16309 -9.75545 1
2.50777 -9.74217 1
6.16682 -9.6816 1
8.74724 -9.69513 1
4.36888 -9.73991 1
7.53848 -9.4805 1
5.29264 -9.65025 1
5.6034 -9.39832 1
5.16504 -9.62942 1
3.28897 -9.8259 1
1.5885 -9.35764 1
5.4557 -9.64812 1
4.59153 -9.56896 1
5.25752 -9.70771 1
3.38752 -9.79695 1
4.77568 -9.59515 1
6.29806 -9.66542 1
5.13431 -9.53175 1
2.89844 -9.42293 1
7.44442 -9.79346 1
5.1574 -9.81406 1
6.8651 -9.62417 1
4.55492 -9.79991 1
8.72248 -9.52885 1
6.78231 -9.56432 1
3.5161 -9.80308 1
3.32052 -9.5552 1
2.8343 -9.26166 1
5.30612 -9.64051 1
4.49577 -9.80382 1
3.05956 -9.67138 1
4.67465 -9.52718 1
3.58785 -9.51292 1
8.09847 -9.48507 1
6.1499 -9.94284 1
4.73852 -9.86499 1
4.96516 -9.72282 1
6.55753 -9.57567 1
7.3909 -9.56352 1
5.86967 -9.61259 1
3.86564 -9.49969 1
6.87279 -9.65647 1
2.59391 -9.54485 1
2.82522 -9.58346 1
4.3078 -9.56899 1
7.22408 -9.71687 1
6.15111 -9.83003 1
6.73927 -9.69237 1
5.00639 -9.94417 1
5.26685 -9.63341 1
5.65166 -9.76564 1
4.89816 -9.66606 1
5.07579 -9.82539 1
4.16531 -9.54806 1
6.65366 -9.64136 1
5.08229 -9.39649 1
-11.0105 8.27801 2
-8.86149 7.91027 2
-11.9395 7.308 2
-11.044 8.26269 2
-10.1643 8.47974 2
-9.60384 8.57259 2
-10.3428 8.02224 2
-9.09195 8.39328 2
-8.75703 8.32014 2
-10.8434 8.18559 2
-10.8874 7.89838 2
-10.8234 7.78012 2
-10.1653 7.35418 2
-10.1182 8.58648 2
-10.8419 8.04206 2
-8.7406 9.26246 2
-9.65311 7.57375 2
-10.8293 7.76515 2
-9.53093 7.21667 2
-11.5216 8.80884 2
-11.1621 8.27597 2
-12.6286 7.824 2
-11.7067 8.35932 2
-9.47876 8.72376 2
-10.5439 7.75917 2
-12.1552 7.90639 2
-11.6906 8.24748 2
-9.27868 8.47613 2
-11.6383 7.89338 2
-9.92767 7.98783 2
-8.42936 8.32079 2
-8.59826 8.07261 2
-11.0347 8.58744 2
-9.79939 8.71874 2
-12.515 8.95961 2
-9.30532 7.72794 2
-11.3372 8.32934 2
-7.40373 9.06703 2
-9.9341 7.55594 2
-10.452 7.3596 2
-11.5135 7.62964 2
-10.0912 8.45551 2
-8.54026 8.76105 2
-12.5477 7.52473 2
-8.48515 8.1683 2
-11.483 7.91061 2
-9.88581 8.23632 2
-10.7782 8.78182 2
-8.08345 8.65783 2
-10.6948 7.42526 2
-8.51333 8.36154 2
-8.67229 7.23387 2
-9.66054 9.30951 2
-9.60517 9.17608 2
-8.14341 8.67058 2
-6.45509 7.80819 2
-8.9322 8.62854 2
-8.53741 9.20922 2
-10.0771 7.98226 2
-10.0332 7.91034 2
-12.5345 8.37413 2
-8.95531 7.84711 2
-8.86824 8.93027 2
-8.49193 8.81573 2
-8.22607 8.27357 2
-9.37773 7.30185 2
-7.6434 8.47162 2
-10.6708 7.12865 2
-10.5895 7.68107 2
-8.8041 8.01207 2
-10.6059 8.48737 2
-7.3659 8.39912 2
-10.8251 8.5094 2
-11.7377 8.04057 2
-8.35035 7.7454 2
-9.09695 8.35477 2
-11.5855 7.8709 2
-10.2182 8.901 2
-9.59551 9.03448 2
-10.3556 8.18628 2
-8.37635 8.30781 2
-10.9357 8.44612 2
-10.1953 8.64315 2
-10.2307 8.50078 2
-9.94956 8.63428 2
-10.0019 7.81669 2
-12.5396 7.84494 2
-10.79 7.4876 2
-10.9976 7.93983 2
-10.2533 8.63611 2
-12.1101 7.43744 2
-8.82258 8.35748 2
-10.4109 8.34009 2
-9.08365 7.96867 2
-11.9333 7.91642 2
-10.5375 8.54413 2
-9.01119 7.2627 2
-8.2979 7.31135 2
-9.57593 8.00273 2
-9.13776 7.853 2
-11.2182 8.41747 2
-12.1027 8.30743 2
-7.81098 8.01273 2
-7.12968 8.57193 2
-11.2366 7.66402 2
-8.15869 7.69081 2
-8.48088 9.19196 2
-12.0936 8.65233 2
-8.95938 8.70041 2
-11.345 8.01912 2
-9.76765 7.54627 2
-10.1024 7.88442 2
-11.1207 8.22417 2
-9.30658 8.55361 2
-9.91091 8.22763 2
-8.74407 7.02836 2
-11.0755 7.79866 2
-11.2073 8.01854 2
-9.43557 7.08186 2
-10.4574 7.95679 2
-7.85731 8.67803 2
-10.3217 9.38857 2
-9.53957 7.39527 2
-10.274 8.8249 2
-7.61259 7.89792 2
-9.33506 8.64806 2
-9.48768 7.31632 2
-8.59479 8.0823 2
-9.7178 9.00543 2
-9.87372 9.00635 2
-9.72355 8.73221 2
-9.20371 8.69133 2
-9.68688 8.07443 2
-9.5122 8.52595 2
-10.0936 8.59142 2
-11.365 7.71521 2
-9.44298 8.22972 2
-10.6325 7.84698 2
-9.93939 7.67582 2
-11.0233 7.89216 2
-10.7343 8.45593 2
-12.1899 7.41638 2
-9.75519 8.55844 2
-9.48122 9.1294 2
-10.839 8.06835 2
-9.20272 9.39889 2
-9.39289 7.37676 2
-11.6012 8.07902 2
-12.6739 9.14043 2
-11.0558 8.92822 2
-11.8405 9.44409 2
-9.4719 7.63608 2
-9.45178 7.86089 2
-9.15444 8.31364 2
-12.9768 8.47544 2
-8.90598 7.76505 2
-7.49183 7.44757 2
-10.6596 8.61832 2
-9.03716 8.65191 2
-11.1415 8.25062 2
-10.9356 7.96344 2
-9.46367 8.87815 2
-8.13457 7.89252 2
-7.97777 9.88903 2
-8.62987 9.04872 2
-10.0477 7.45006 2
-11.6876 8.46198 2
-11.007 8.50087 2
-9.1226 7.47635 2
-8.87088 7.8797 2
-11.7686 8.17685 2
-9.34489 6.9146 2
-10.4813 8.57666 2
-6.52235 8.45676 2
-14.201 7.47064 2
-8.49999 9.17403 2
-11.054 8.54368 2
-10.1004 9.07302 2
-7.76072 7.97733 2
-8.54296 6.90266 2
-10.0118 7.57148 2
-7.79757 7.90446 2
-8.5874 8.03513 2
-8.29149 8.81654 2
-10.0732 7.5585 2
-7.66211 8.26053 2
-10.0951 7.94765 2
-11.9852 6.8218 2
-11.4279 8.0184 2
-8.79959 8.81585 2
-11.0512 6.9903 2
-6.26287 9.26009 2
-6.71532 8.12357 2
-10.0869 8.15875 2
-9.30115 8.33475 2
-9.89647 7.3505 2
-8.80727 9.51426 2
-8.42949 8.49554 2
-9.66443 7.00315 2
-8.40573 8.71554 2
-10.1513 8.6906 2
-11.7388 8.11471 2
-8.24255 7.74319 2
-13.1835 8.59744 2
-11.8772 7.86884 2
-11.2549 8.46564 2
-10.0875 7.84339 2
-7.04702 8.49795 2
-8.31458 8.93527 2
-9.76776 8.95375 2
-9.36062 7.49386 2
-9.77154 6.76825 2
-9.57992 8.95267 2
-9.90054 9.02734 2
-9.37837 7.62739 2
-11.5301 8.95137 2
-10.1488 7.33404 2
-6.26949 7.95576 2
-10.2203 8.16247 2
-12.1817 8.50213 2
-7.95533 8.91594 2
-8.54676 7.69061 2
-10.2348 8.67814 2
-10.6016 8.50466 2
-8.94122 7.70905 2
-13.2944 7.22789 2
-13.411 8.45829 2
-9.95777 7.1566 2
-10.6481 7.27521 2
-8.72938 7.69083 2
-10.3285 8.61323 2
-10.974 8.04431 2
-7.49815 7.90747 2
-7.33547 7.43106 2
-10.189 7.62674 2
-9.78143 8.08132 2
-9.20631 9.08077 2
-9.72756 9.85961 2
-8.85466 8.41996 2
-9.40225 8.55101 2
-11.0568 7.5891 2
-9.734 6.3508 2
-7.86437 9.52233 2
-8.29684 9.36404 2
-10.3599 8.22056 2
-8.06806 9.0437 2
-8.06992 8.43858 2
-11.432 7.71728 2
-9.37407 8.75595 2
-8.55824 6.72834 2
-8.16265 8.7764 2
-9.34744 8.10001 2
-12.0268 8.39725 2
-6.31163 9.26522 2
-7.81259 8.56714 2
-9.78637 8.21065 2
-8.11137 7.69739 2
-9.84157 8.11081 2
-8.89017 9.3623 2
-12.282 8.33697 2
-9.25911 7.8984 2
-8.5173 9.3667 2
-7.43523 9.26254 2
-9.68009 7.72054 2
-8.76527 9.27168 2
-12.3707 8.47966 2
-7.78001 8.62988 2
-10.075 7.18067 2
-8.63892 8.76731 2
-10.7185 7.80071 2
-9.92185 7.93801 2
-9.4316 7.92207 2
-7.78563 8.47872 2
-10.6464 8.40842 2
-11.133 7.78559 2
-11.1185 8.46756 2
-9.08935 8.27205 2
-11.6975 8.81748 2
-10.0698 8.4419 2
-12.1361 8.2232 2
-11.8217 7.89303 2
-9.60964 7.95307 2
-14.8072 7.71083 2
-8.23052 8.89952 2
-11.2254 8.40105 2
-10.486 8.08762 2
-12.902 8.23855 2
-6.70405 7.58077 2
-11.6197 8.17369 2
-8.15976 8.11277 2
-8.6653 9.13298 2
-9.00742 7.05642 2
-9.88279 7.66522 2
-7.76025 7.98979 2
-8.72783 7.25004 2
-14.1835 7.39523 2
-10.8316 8.54084 2
-11.0211 8.57297 2
-7.96914 7.72199 2
-8.7266 8.26863 2
-8.49911 8.22101 2
-7.97643 8.49368 2
-13.9878 7.10178 2
-9.19697 8.37923 2
-10.2043 7.879 2
-8.85316 7.71691 2
-8.75549 7.6814 2
-11.4841 8.43776 2
-7.62789 8.00289 2
-7.63205 7.68044 2
-9.40224 8.40217 2
-8.23439 8.38666 2
-9.48782 7.88079 2
-8.97751 8.523 2
-10.9918 9.17117 2
-12.5788 7.95145 2
-10.4045 8.08553 2
-11.2163 7.18723 2
-10.5668 9.59725 2
-8.91574 8.84152 2
-7.15816 8.02377 2
-10.722 8.17525 2
-10.4301 8.34102 2
-8.45546 7.6495 2
-10.596 8.28486 2
-9.06058 8.21206 2
-8.55214 9.20518 2
-11.4794 8.25899 2
-7.39549 7.54529 2
-12.2659 8.25751 2
-7.98631 8.32359 2
-8.30723 8.7168 2
-10.3807 7.34474 2
-11.9297 8.37562 2
-9.54596 8.8037 2
-8.36925 9.0489 2
-9.45025 8.32348 2
-10.2811 8.27295 2
-10.0352 8.44744 2
-8.43774 8.53694 2
-11.8216 7.98429 2
-11.6559 8.78608 2
-9.14248 8.23528 2
-8.99418 8.52475 2
-12.8064 8.175 2
-8.07195 8.80313 2
-11.8884 8.05187 2
-10.47 7.94216 2
-9.90238 8.18589 2
-9.15881 8.58124 2
-11.402 8.55632 2
-12.4352 7.10092 2
-9.63433 9.15247 2
-8.65637 8.78719 2
-10.2565 7.95619 2
-9.39755 8.20337 2
-9.32283 9.59253 2
-8.88273 9.16862 2
-11.0208 7.33352 2
-10.6774 9.61521 2
-7.80951 7.99876 2
-12.0811 7.61383 2
-10.702 8.53128 2
-9.01357 8.12267 2
-12.733 8.34169 2
-10.3795 9.3134 2
-8.26346 7.63554 2
-10.1145 8.82607 2
-8.22489 7.99229 2
-9.73633 8.67305 2
-8.28762 8.22022 2
-9.38141 8.42817 2
-9.14458 8.61561 2
-11.283 8.67025 2
-9.81692 8.96149 2
-9.87949 8.07991 2
-10.5855 7.03401 2
-11.2895 8.74819 2
-10.7238 8.14741 2
-10.1285 8.59253 2
-12.5953 8.3914 2
-6.83418 7.5966 2
-11.5045 8.26649 2
-10.6542 8.29971 2
-11.8029 7.10425 2
-9.14288 8.30584 2
-9.68852 8.44908 2
-13.0676 8.54761 2
-8.5808 8.48153 2
-10.2345 7.64334 2
-10.7161 9.03987 2
-8.55807 8.4391 2
-11.4028 8.45384 2
-8.61517 8.21857 2
-8.18649 7.59848 2
-8.55874 7.70567 2
-8.74896 8.54974 2
-7.23071 7.59373 2
-10.2899 8.06653 2
-8.58607 8.68107 2
-7.13852 7.81456 2
-5.41954 8.46442 2
-12.3256 8.12148 2
-7.38669 7.40863 2
-9.73454 7.86116 2
-8.33107 8.61196 2
-7.06903 8.16002 2
-8.12526 8.32477 2
-9.3378 7.61308 2
-9.8856 7.82354 2
-8.17785 8.45133 2
-9 8.78361 2
-11.5638 7.89854 2
-8.33933 7.17304 2
-6.4479 7.0841 2
-13.0002 8.01443 2
-12.1802 7.93207 2
-10.2851 8.63427 2
-9.60557 8.72439 2
-11.0527 8.03127 2
-9.28978 8.50021 2
-10.2603 8.22418 2
-10.3956 8.12206 2
-11.3401 7.18181 2
-12.3899 7.92964 2
-10.1715 7.06716 2
-10.8283 8.12555 2
-9.85424 8.35126 2
-8.51624 8.92644 2
-9.55749 8.40494 2
-8.64298 8.36212 2
-11.2873 9.10014 2
-8.55555 8.36725 2
-10.3449 8.21997 2
-11.5707 8.21772 2
-9.30539 8.25494 2
-10.9954 8.96176 2
-11.4582 7.94231 2
-7.29786 8.10633 2
-9.11913 7.23387 2
-11.3865 7.66453 2
-9.53333 7.87817 2
-12.0001 6.84068 2
-8.56785 9.17407 2
-8.87106 9.14152 2
-9.05061 8.20968 2
-8.02032 8.32645 2
-9.44186 8.65301 2
-13.3727 6.37494 2
-9.7753 9.57562 2
-13.0961 8.6696 2
-7.3551 8.00917 2
-8.88959 8.37096 2
-10.2213 8.08083 2
-7.977 9.05579 2
-7.38559 9.40804 2
-11.8747 7.76501 2
-10.9218 8.33353 2
-8.96185 7.40118 2
-11.329 8.78152 2
-10.6725 7.49836 2
-10.2742 9.92254 2
-8.5526 7.73463 2
-9.49196 8.42065 2
-8.77299 8.24819 2
-8.09401 8.22579 2
-10.3029 6.87638 2
-8.1915 7.24479 2
-7.88668 7.84943 2
-11.1873 8.33023 2
-9.31607 8.6699 2
-11.8855 9.54921 2
-9.91807 9.07554 2
-10.2594 7.66478 2
-7.79736 8.46138 2
-10.0041 8.34297 2
-10.0947 8.08653 2
-11.0115 9.10173 2
-12.1398 7.97254 2
-11.3867 7.66091 2
-7.26497 8.54238 2
-9.13797 8.21174 2
-9.41838 9.15223 2
-10.203 8.07686 2
-10.4045 8.81593 2
-9.41947 8.24033 2
-9.87428 9.00104 2
-12.0138 8.03889 2
-6.79863 8.51922 2
-10.9786 7.72633 2
-12.3782 8.08055 2
-11.6672 7.75693 2
-9.02297 7.99191 2
-12.3023 7.78962 2
-9.72023 8.5306 2
-10.9479 8.24983 2
-8.29077 9.04616 2
-10.9562 8.85074 2
-9.98641 7.65564 2
-10.0743 8.64837 2
-8.95261 7.96486 2
-8.23856 8.03783 2
-12.0491 9.20848 2
-8.38022 8.13465 2
-10.947 8.38081 2
-11.3857 8.77082 2
5.63444 2.78728 3
6.46791 5.57798 3
5.46141 4.02558 3
5.64059 4.22042 3
5.78754 2.86408 3
5.09196 5.71473 3
6.13368 4.19013 3
5.08913 5.26193 3
6.18846 4.10761 3
5.99872 4.69933 3
4.27575 5.61686 3
6.07966 4.04504 3
5.50484 4.00063 3
5.89292 3.34957 3
6.81009 4.07945 3
4.94884 3.94367 3
7.17982 3.00675 3
6.0126 4.58805 3
5.83097 3.57121 3
4.55373 3.83863 3
5.73086 4.30785 3
4.3065 3.64567 3
5.39543 4.77171 3
6.44867 1.64428 3
7.73651 3.85306 3
5.98642 4.12145 3
6.85905 4.8249 3
6.31921 2.19605 3
4.69797 3.4084 3
7.01181 5.30586 3
5.74235 3.87133 3
5.84762 3.74425 3
5.97331 4.74884 3
4.76924 5.23312 3
6.18517 2.1724 3
6.28948 3.6186 3
4.91281 3.8499 3
5.97828 3.369 3
5.41903 5.1711 3
6.84339 3.60365 3
5.8092 3.77937 3
5.33972 1.70207 3
6.09566 5.06891 3
5.8931 5.35508 3
4.83121 3.30669 3
4.41825 4.49189 3
6.52935 4.93157 3
6.54972 3.47238 3
5.19924 4.226 3
4.99413 2.21942 3
6.05317 4.20021 3
4.82479 3.47555 3
6.629 3.66565 3
5.09304 3.59708 3
5.98509 3.27681 3
7.2668 3.04773 3
6.15319 5.49979 3
7.00917 3.11204 3
6.07578 5.00538 3
5.89888 3.24563 3
5.03328 4.97002 3
6.70237 4.65261 3
6.0738 5.06939 3
5.39387 4.56052 3
4.28471 6.49909 3
4.75313 5.61709 3
5.85697 5.28166 3
7.5833 3.58914 3
6.45456 3.09989 3
5.19984 5.22925 3
5.20452 5.36159 3
6.01211 3.03079 3
5.35899 4.93366 3
4.59562 5.26932 3
4.11366 3.31246 3
6.09913 3.49972 3
5.40421 3.221 3
7.10757 3.80584 3
5.73486 2.64637 3
5.46481 2.89959 3
6.16306 5.22331 3
7.36448 4.63123 3
6.45088 4.73594 3
5.87611 3.02372 3
7.04644 4.0765 3
6.78273 2.13969 3
5.73986 2.82474 3
4.7961 5.43681 3
4.92726 3.4544 3
6.49788 1.61374 3
5.21004 3.82607 3
4.72182 4.82026 3
5.26809 5.42926 3
5.41261 3.53922 3
5.79278 4.64921 3
5.98179 5.81512 3
5.81645 4.30377 3
6.75842 4.37685 3
7.17631 4.38066 3
4.91485 2.94675 3
6.55534 3.74969 3
6.59207 3.78919 3
5.04137 3.16497 3
4.75249 2.15347 3
6.49636 4.63956 3
6.09659 4.47148 3
6.30611 4.98036 3
7.19233 3.89587 3
6.27783 4.93803 3
5.02268 5.35505 3
4.92653 4.19683 3
5.3466 3.58883 3
7.59859 2.73596 3
6.16804 3.49641 3
6.77843 3.54614 3
6.76661 5.14183 3
5.54129 2.26747 3
6.23097 3.39212 3
5.00589 3.55665 3
8.00874 3.04653 3
5.79926 3.3133 3
6.80018 3.58156 3
6.53298 5.54411 3
6.55319 5.63254 3
4.2683 5.42356 3
5.86013 4.53751 3
5.34146 3.69861 3
4.2539 5.25496 3
6.35327 3.32986 3
7.21484 2.31081 3
6.63032 2.52396 3
6.0401 2.22847 3
7.19393 3.0772 3
6.58795 3.38402 3
5.50538 5.66658 3
5.76277 3.92377 3
7.13355 5.4349 3
6.25428 3.09493 3
6.70674 4.01851 3
7.49576 4.52027 3
6.87362 4.20528 3
6.63827 2.74798 3
5.12994 3.64107 3
4.82391 2.61926 3
6.16724 3.24221 3
4.6236 3.32391 3
7.01618 2.57018 3
7.46983 3.81658 3
5.32635 2.21907 3
5.52443 3.93571 3
6.5855 4.67901 3
5.4509 3.658 3
6.42701 2.73351 3
6.2439 3.37791 3
5.02002 3.28884 3
6.75879 4.19429 3
5.10545 6.07706 3
7.14429 3.81736 3
4.89689 4.0723 3
5.28392 2.86964 3
4.74483 5.21367 3
5.6271 4.11663 3
6.98021 3.40246 3
5.30115 3.57198 3
4.95105 4.89126 3
4.69621 5.771 3
4.68378 4.81131 3
5.18862 3.71369 3
6.7374 2.55863 3
-5.67349 -4.35274 4
-6.80373 -2.89546 4
-10.0459 -4.45022 4
-8.63474 -7.61846 4
-9.72515 -4.03555 4
-7.03892 -3.71264 4
-8.44441 -5.51375 4
-9.08134 -3.33821 4
-6.53797 -7.00312 4
-8.7593 -5.43722 4
-6.76861 -5.89328 4
-11.0764 -7.6872 4
-8.75282 -3.342 4
-10.4291 -5.27141 4
-5.05207 -4.95167 4
-8.96793 -5.62872 4
-8.6971 -5.41754 4
-6.50772 -5.61195 4
-7.57351 -3.82291 4
-9.85259 -3.99021 4
-8.43532 -1.55174 4
-8.96857 -2.61074 4
-6.86672 -11.084 4
-10.778 -4.14525 4
-9.14157 -3.17396 4
-7.69708 -5.30942 4
-8.12674 -0.619744 4
-7.62575 -4.28835 4
-7.9265 -1.86526 4
-7.03141 -5.88001 4
-8.37651 -3.97963 4
-9.24626 -11.264 4
-8.0129 -7.72566 4
-10.7949 -5.57396 4
-6.43238 -5.8979 4
-9.03305 -2.80386 4
-8.88078 -2.87074 4
-11.413 -7.24336 4
-9.38691 -5.89037 4
-7.67532 -2.48178 4
-10.1684 -7.34428 4
-8.91194 -2.79145 4
-7.44327 -5.69367 4
-6.87769 -3.33712 4
-7.03654 -1.61896 4
-9.3154 -9.42491 4
-6.56442 -2.16913 4
-9.4319 -3.85797 4
-7.13415 -0.451678 4
-11.5438 -8.98189 4
-6.44962 -6.91395 4
-7.6666 -4.27933 4
-7.03472 -4.30044 4
-10.1372 -4.25949 4
-7.68012 -2.98876 4
-8.34135 -4.19771 4
-9.13978 -4.5276 4
-9.08407 -4.28048 4
-6.39854 -4.46464 4
-9.0624 -5.95158 4
-6.74563 -6.50726 4
-8.68637 -5.41117 4
-8.13013 -1.74476 4
-10.4353 -3.95205 4
-10.0447 -4.62909 4
-8.49809 -2.59433 4
10.6589 -3.98215 5
8.36439 -3.76209 5
10.5601 -4.26181 5
7.57958 -4.00467 5
4.27821 -3.7349 5
5.78546 -2.91822 5
9.85346 -5.26321 5
10.8526 -3.05799 5
15.9606 -6.86717 5
10.3593 -4.77664 5
6.50086 -3.09215 5
6.27038 -2.97642 5
7.32002 -2.44641 5
8.35513 -3.2167 5
8.51889 -3.76824 5
5.16507 -2.80844 5
8.17573 -3.70915 5
8.38942 -2.83851 5
5.52017 -1.75405 5
8.3782 -6.09746 5
11.6854 -3.1333 5
4.74839 -3.04507 5
8.87819 -3.77003 5
11.9382 -5.55706 5
11.0391 -2.89883 5
8.37353 -2.75981 5
13.363 -3.78322 5
15.8741 -3.621 5
9.10494 -3.86878 5
4.85384 -3.36756 5
7.05342 -4.44536 5
9.21196 -3.27226 5
6.03158 -3.06568 5
7.86798 -3.32057 5
6.79238 -2.79399 5
9.49851 -4.12899 5
12.5912 -3.60893 5
8.93865 -3.12888 5
10.237 -4.36087 5
10.498 -4.33479 5
8.57531 -1.94666 5
10.1292 -3.86246 5
8.25798 -3.67677 5
2.77096 -1.4036 5
6.92274 -4.62353 5
4.49641 -2.19866 5
6.80367 -4.46364 5
10.4617 -3.81602 5
11.6913 -4.27323 5
8.78086 -2.35019 5
7.29681 -3.16172 5
7.77722 -3.97395 5
9.28217 -2.79179 5
3.34965 -2.91416 5
11.2546 -4.53965 5
7.91728 -1.71756 5
7.16166 -1.22188 5
6.42131 -3.11531 5
8.26277 -3.68897 5
10.4378 -4.14373 5
7.02102 -2.8571 5
5.65708 -3.13882 5
8.38287 -3.37033 5
9.7956 -3.00815 5
14.2573 -4.04098 5
10.8517 -3.31708 5
8.14956 -3.31022 5
9.41128 -3.94968 5
6.6563 -2.44942 5
8.19237 -2.17884 5
6.88807 -4.56315 5
6.52543 -2.45981 5
6.35101 -4.01268 5
9.8581 -3.18378 5
8.435 -2.67825 5
6.79399 -1.63028 5
8.15669 -3.97612 5
7.10544 -2.64345 5
4.80347 -1.25109 5
11.0862 -3.01798 5
8.79408 -2.81003 5
8.11472 -4.50854 5
4.36046 -2.8208 5
10.8928 -3.63188 5
8.49015 -4.09884 5
9.59879 -3.85596 5
11.3421 -3.59094 5
9.73132 -3.09279 5
11.8178 -3.8978 5
9.12144 -2.27677 5
13.0466 -3.82257 5
8.252 -1.73811 5
7.57646 -3.87732 5
9.91089 -2.66254 5
10.5981 -2.98528 5
10.8231 -3.53734 5
6.56637 -1.59831 5
9.23737 -2.77135 5
6.15184 -2.59953 5
7.7189 -3.95053 5
10.6036 -5.45088 5
7.68382 -3.55042 5
7.66312 -4.42366 5
5.12158 -4.598 5
7.30214 -3.23621 5
6.7707 -2.37681 5
10.3302 -4.35291 5
7.63234 -1.32751 5
8.78352 -2.96357 5
10.4419 -3.71135 5
10.5487 -2.30262 5
10.1831 -4.88414 5
12.1837 -4.20782 5
5.80864 -3.89696 5
8.30431 -3.1972 5
4.24886 -4.156 5
9.02525 -3.14655 5
3.39686 -3.55959 5
10.2319 -2.74353 5
6.92651 -3.12314 5
6.82076 -2.09671 5
5.97053 -2.69768 5
9.09424 -4.62044 5
10.2895 -4.63034 5
6.46992 -4.20297 5
8.92994 -1.70056 5
7.78846 -3.002 5
5.51355 -1.33071 5
1.77053 -2.24278 5
7.23434 -3.20917 5
11.6196 -3.66421 5
10.1969 -3.36489 5
8.51535 -3.9586 5
7.87696 -3.0828 5
7.13759 -5.03696 5
1.74588 -2.3887 5
11.2814 -4.27592 5
5.55242 -2.39753 5
12.0744 -4.76223 5
10.2896 -2.4225 5
4.24429 -3.12045 5
10.0925 -4.04097 5
12.2625 -4.19065 5
6.56387 -4.10757 5
7.88863 -3.56266 5
8.94217 -2.11052 5
8.78324 -2.0765 5
11.5514 -3.54269 5
5.81558 -3.42636 5
11.808 -1.90745 5
8.13943 -4.81824 5
10.0704 -2.59542 5
4.61008 -4.20238 5
7.27151 -3.60167 5
10.4985 -2.71778 5
10.8992 -2.75792 5
8.69894 -3.95619 5
9.79969 -2.58376 5
7.13934 -2.14869 5
8.75872 -3.17357 5
4.59819 -4.70077 5
7.55355 -4.01676 5
8.2098 -3.03863 5
11.0457 -2.18029 5
7.16343 -3.2624 5
10.2953 -6.53801 5
4.64145 -3.7842 5
4.72944 -2.41463 5
7.55638 -1.93153 5
9.86358 -4.20911 5
6.57234 -4.77163 5
7.47969 -2.65102 5
7.22893 -4.14596 5
8.94933 -4.39246 5
6.28811 -3.18507 5
5.70652 -1.42083 5
7.3702 -3.39859 5
8.98073 -4.69443 5
14.8466 -4.06069 5
11.7076 -3.43529 5
15.7263 -4.99528 5
4.70999 -1.15714 5
12.6814 -4.02575 5
7.24957 -3.0533 5
10.4738 -4.15429 5
6.04888 -3.6387 5
8.21423 -3.24144 5
11.1409 -2.65173 5
9.85305 -3.07635 5
6.28243 -3.65603 5
7.20504 -2.60192 5
7.09714 -0.819234 5
13.1711 -4.85327 5
5.65114 -2.93594 5
10.5394 -4.67169 5
5.90065 -3.79398 5
6.25971 -2.6586 5
10.423 -4.05177 5
9.91572 -3.63371 5
10.8468 -4.20726 5
9.83744 -1.97731 5
6.45435 -3.94798 5
9.02867 -3.92103 5
6.85607 -2.94438 5
7.48994 -3.3066 5
10.3311 -3.74285 5
8.82421 -3.66441 5
10.2166 -1.8203 5
6.97902 -3.13904 5
8.85125 -4.0805 5
2.25009 -2.96298 5
5.33171 -3.13409 5
8.95719 -4.79528 5
2.26514 -2.36858 5
6.84377 -3.97424 5
8.45822 -4.52186 5
10.377 -3.74073 5
9.89658 -3.65889 5
8.97214 -3.72277 5
9.27863 -4.40627 5
12.691 -2.85952 5
10.7415 -4.25214 5
10.4032 -4.92299 5
6.24598 -2.02695 5
6.67211 -3.75735 5
11.4297 -5.42771 5
10.0275 -3.25845 5
4.21455 -3.25405 5
6.76821 -2.90295 5
9.35169 -4.46148 5
7.42976 -4.30593 5
7.2124 -1.94933 5
9.85965 -4.47304 5
8.97581 -5.32889 5
7.72881 -4.20891 5
7.80815 -4.57042 5
11.839 -4.05146 5
9.70525 -4.41899 5
10.3616 -5.47182 5
7.21589 -3.65725 5
14.0647 -5.12136 5
8.49961 -3.85891 5
7.34918 -3.33942 5
10.0487 -3.77596 5
10.9228 -3.56663 5
7.89339 -3.7453 5
4.71991 -3.30725 5
11.0871 -3.19944 5
6.8305 -3.86524 5
8.35626 -3.34414 5
5.64806 -2.56538 5
6.86458 -2.49802 5
7.30614 -2.79103 5
9.3812 -2.09174 5
11.2775 -4.02275 5
5.54918 -1.90951 5
6.08497 -3.06126 5
7.34322 -2.3975 5
6.35525 -4.78299 5
9.74221 -3.6646 5
10.913 -4.78752 5
9.46043 -2.37293 5
9.84369 -3.89325 5
7.58465 -3.81729 5
7.34207 -3.63247 5
7.82689 8.66758 6
7.62319 8.09187 6
11.8536 8.73196 6
10.7272 8.96105 6
6.77136 8.90154 6
8.42334 8.31049 6
11.9517 9.02086 6
3.11081 9.14236 6
9.79519 8.56325 6
6.20626 8.89109 6
9.18101 9.63808 6
8.56874 8.77615 6
6.6829 8.98339 6
6.32208 8.83134 6
11.1424 8.94199 6
10.3228 8.40827 6
6.76854 8.99427 6
11.289 8.83258 6
3.59974 8.52279 6
8.83586 8.30392 6
10.084 8.3947 6
6.33671 8.75147 6
7.18172 8.41306 6
6.0895 9.5887 6
11.3893 8.76165 6
8.41122 8.16805 6
8.48466 8.74692 6
6.38803 9.28875 6
8.76744 9.16624 6
12.6334 8.40465 6
5.87192 9.03098 6
6.29282 9.04148 6
9.41102 9.33413 6
10.6764 8.87773 6
11.2836 9.14528 6
6.00072 8.64193 6
7.21978 9.0129 6
11.9475 9.39346 6
6.01257 8.36814 6
6.08194 8.44806 6
8.28899 8.91999 6
13.6301 8.70613 6
9.55778 8.1053 6
8.10777 9.07248 6
5.70587 9.07276 6
10.4813 8.73367 6
11.6536 8.56767 6
8.07837 8.82766 6
10.7843 8.74199 6
6.661 8.40026 6
12.1188 9.0777 6
8.45301 8.59977 6
3.83229 8.59589 6
8.79443 7.79427 6
7.16859 8.88772 6
13.4853 8.40535 6
9.82139 8.95797 6
11.1547 8.5813 6
10.3504 8.28369 6
8.02526 8.91494 6
10.4156 8.77111 6
4.30853 8.87322 6
5.53141 8.63549 6
6.9099 8.55199 6
6.05232 7.88325 6
3.29213 8.51822 6
9.86613 8.46914 6
7.65995 9.16182 6
9.40396 8.51016 6
11.3678 8.86595 6
7.88828 8.30007 6
8.84335 9.0305 6
8.16735 8.64888 6
4.70195 9.10356 6
5.41438 8.45039 6
4.5833 8.69878 6
5.79491 8.38596 6
8.4452 9.30549 6
8.45204 9.38467 6
4.32507 9.52108 6
10.7526 8.36845 6
14.3207 8.53997 6
4.24968 8.68194 6
3.88019 8.15533 6
6.55185 8.58907 6
7.44814 8.97014 6
7.97941 8.94267 6
8.14541 8.49319 6
14.776 8.64722 6
8.02619 8.98942 6
9.35941 8.74352 6
8.38777 9.42992 6
9.40752 8.76291 6
4.94792 8.70426 6
9.2852 8.37091 6
7.72717 8.63618 6
12.1321 8.50876 6
7.48524 8.86097 6
10.6671 9.54428 6
6.4758 9.05734 6
5.73722 8.35962 6
8.59343 8.63496 6
11.327 9.95477 6
9.52984 8.73576 6
10.3324 9.53985 6
8.07338 9.10653 6
8.69738 8.76414 6
4.25256 8.94522 6
8.1904 8.8037 6
4.70321 9.22523 6
8.92434 8.48749 6
3.05676 8.76616 6
5.70808 8.41952 6
6.86517 8.93975 6
14.1532 8.61553 6
6.31574 8.42183 6
6.3335 7.93876 6
0.922357 9.03078 6
6.53974 8.74556 6
10.3405 9.39836 6
15.5395 8.10586 6
9.09667 7.81304 6
9.25751 8.73053 6
13.3842 9.11363 6
12.0444 8.23923 6
16.5211 8.58794 6
12.5875 8.66446 6
6.04638 8.32783 6
9.90958 9.28568 6
10.294 8.39748 6
6.7499 8.4132 6
5.57739 8.48993 6
9.18475 9.07468 6
10.8161 8.71967 6
5.54153 9.19818 6
6.21572 8.56389 6
8.78405 8.36808 6
4.95199 8.72749 6
5.93316 8.80581 6
9.73773 9.12352 6
12.3396 8.69131 6
13.0525 9.45557 6
10.6313 8.76958 6
10.3482 9.65791 6
8.95232 8.78542 6
10.0755 8.39503 6
7.48232 9.19211 6
10.785 8.55328 6
7.64056 8.83235 6
6.14939 9.53502 6
14.2833 8.76108 6
7.91504 8.31738 6
7.35826 9.40925 6
6.0429 8.59412 6
9.32118 8.89978 6
10.0295 8.12816 6
5.28393 7.90283 6
6.09505 8.67493 6
12.097 8.22823 6
10.0323 8.15141 6
9.79231 8.62928 6
5.09853 8.14981 6
10.2125 8.763 6
17.1194 8.02289 6
5.52744 8.38566 6
10.4523 8.65241 6
6.61473 8.19945 6
15.3009 8.22489 6
8.81045 9.57543 6
13.6133 7.82417 6
4.12528 8.70154 6
11.1895 8.86172 6
12.1417 9.27588 6
7.05346 9.00304 6
8.68993 8.65961 6
8.1086 9.00297 6
6.87792 9.17227 6
7.60313 8.87923 6
10.49 9.12576 6
6.67054 8.49171 6
8.41612 8.931 6
10.0488 8.57965 6
9.67258 8.2005 6
16.0557 8.1557 6
13.3139 8.57215 6
12.5939 8.80889 6
13.0705 8.80866 6
8.37377 9.00569 6
9.76286 8.48971 6
8.12338 9.14615 6
4.18362 9.37889 6
8.06032 8.25571 6
5.49426 8.59243 6
9.78339 8.90385 6
9.04489 8.17267 6
10.1851 8.65952 6
6.86316 8.64703 6
6.27442 8.82895 6
7.4224 8.82532 6
4.66163 8.43154 6
6.05899 8.58171 6
9.40755 8.55416 6
3.49951 8.21701 6
12.7027 8.35585 6
8.85886 8.67982 6
9.1304 8.99269 6
6.75865 9.66654 6
12.4242 9.06995 6
6.62015 8.08527 6
9.29942 7.82817 6
7.20785 8.86818 6
11.0016 9.30964 6
7.95163 8.56796 6
13.0308 7.907 6
2.65946 8.93923 6
3.5058 8.64416 6
7.8993 9.07366 6
12.4964 7.98137 6
13.4299 9.27253 6
5.13505 8.83196 6
6.85132 8.39244 6
1.01876 9.28939 6
5.89843 8.43904 6
15.2888 9.06941 6
11.2555 8.84869 6
6.98416 9.05812 6
10.5039 8.5691 6
10.7907 9.16692 6
11.7457 9.40081 6
7.13073 8.63628 6
14.2115 8.73593 6
9.78213 8.77231 6
10.5527 8.72929 6
8.51581 8.59897 6
12.3071 9.13916 6
8.96776 8.88682 6
9.83666 8.73691 6
7.94483 8.61613 6
8.53702 9.31112 6
10.4821 8.98325 6
14.2173 9.29406 6
8.03319 8.56165 6
8.16386 8.15668 6
12.1825 8.70863 6
-1.84946 8.84442 7
-3.14003 8.19928 7
-2.1186 10.1877 7
-1.89618 9.18601 7
-1.75855 8.37759 7
-2.33667 9.66015 7
-2.19727 8.66803 7
-2.17038 8.85955 7
-1.84308 8.59123 7
-1.94323 9.40239 7
-1.34593 9.35106 7
-2.39111 9.37467 7
-2.62676 8.737 7
-2.04212 8.58301 7
-2.00666 8.80647 7
-1.61285 9.90236 7
-2.40493 9.66217 7
-2.25214 8.60385 7
-2.35925 10.2395 7
-1.49469 8.55883 7
-2.37889 9.12191 7
-1.38099 9.26727 7
-2.45582 8.22381 7
-1.75861 9.1718 7
-3.05441 8.93882 7
-2.54595 9.16816 7
-1.98253 10.0396 7
-1.58612 9.07456 7
-2.62009 8.38457 7
-2.52079 8.73427 7
-2.02971 8.69978 7
-2.98974 8.34977 7
-1.86084 8.8824 7
-2.1669 8.66159 7
-2.2824 8.30658 7
-2.35231 8.78073 7
-2.40056 8.29753 7
-2.02732 8.46798 7
-2.07371 9.47807 7
-2.34619 9.91914 7
-1.33672 8.94843 7
-1.89338 8.38256 7
-2.03498 9.72156 7
-1.97622 8.98247 7
-1.84248 7.47388 7
-2.92719 8.61282 7
-2.69743 9.11027 7
-2.04451 9.88823 7
-2.34577 9.95519 7
-2.47472 9.56637 7
-1.78485 7.5509 7
-1.71612 9.409 7
-2.50793 9.45665 7
-2.41406 8.22369 7
-2.61159 8.87426 7
-2.85658 10.0848 7
-2.1041 9.26575 7
-1.88429 9.67029 7
-1.71309 9.08682 7
-2.18573 8.79239 7
-2.18348 10.0709 7
-2.13308 8.67063 7
-1.76514 8.18125 7
-1.58192 9.09218 7
-3.31581 9.93577 7
-2.24034 9.18217 7
-2.24365 8.98256 7
-2.22784 8.25507 7
-2.16903 9.62362 7
-2.56965 8.96464 7
-2.3446 9.11613 7
-1.90349 9.46679 7
-2.41311 8.50814 7
-2.31275 8.48686 7
-1.97727 9.47698 7
-2.19045 10.1458 7
-2.49072 8.85966 7
-1.59638 8.15976 7
-1.73179 8.88483 7
-2.09198 8.41224 7
-2.30679 8.40418 7
-2.33834 9.35762 7
-2.34343 9.12834 7
-2.51257 9.45532 7
-1.27289 9.10843 7
-1.69944 9.41364 7
-1.83445 7.65208 7
-2.14467 8.43638 7
-2.00061 9.28206 7
-1.94208 8.86475 7
-1.74236 8.345 7
-1.60431 9.90272 7
-2.3107 8.91904 7
-2.35575 9.3146 7
-1.88286 8.31997 7
-1.9576 8.43909 7
-1.70416 9.24139 7
-2.70446 9.49931 7
-2.43739 8.85342 7
-1.66072 9.68133 7
-1.93319 8.13259 7
-1.69334 7.95535 7
-2.5131 10.2705 7
-2.23342 9.38096 7
-2.13116 8.75192 7
-2.61832 7.41754 7
-2.70558 10.3323 7
-2.17556 7.7433 7
-2.41615 9.65116 7
-1.76969 8.07161 7
-2.10445 9.21991 7
-3.17986 9.41314 7
-1.062 9.38235 7
-2.10386 9.37895 7
-2.29529 8.55977 7
-2.82937 9.28831 7
-2.66877 9.17203 7
-2.15861 9.02095 7
-2.7739 8.8032 7
-2.57015 8.53379 7
-1.67967 9.07985 7
-2.82463 9.87354 7
-1.89194 8.47868 7
-2.39243 10.8177 7
-2.2679 9.15906 7
-2.43182 9.44921 7
-1.68373 8.78061 7
-1.91768 9.45015 7
-2.2095 8.18284 7
-2.46687 9.23439 7
-2.34798 11.0048 7
-2.14924 9.30222 7
-2.04068 9.37642 7
-1.76428 8.01554 7
-2.1401 8.54212 7
-2.17051 9.2738 7
-2.21671 8.30547 7
-1.95567 8.7325 7
-2.09677 8.97929 7
-2.25227 8.44045 7
-2.14123 9.02886 7
-2.20707 9.5027 7
-2.07715 9.36692 7
-2.82787 9.31557 7
-3.09599 9.55506 7
-1.8686 8.73022 7
-1.85155 8.57759 7
-2.80103 8.44943 7
-2.1187 8.14127 7
-1.98814 8.67413 7
-2.63947 8.28138 7
-1.51517 8.98491 7
-2.57692 9.08623 7
-2.2579 8.67721 7
-1.71466 9.85755 7
-1.97253 7.94315 7
-1.54962 8.37314 7
-1.93104 8.89419 7
-2.77941 8.66263 7
-2.06873 7.88524 7
-2.06199 10.47 7
-1.92687 9.47105 7
-1.95762 8.93367 7
-2.20051 9.64631 7
-1.85687 8.71929 7
-3.06618 8.67213 7
-2.05441 10.0296 7
-2.19583 9.73008 7
-1.7454 8.18852 7
-1.79774 9.17299 7
-1.94391 10.3409 7
-1.58099 10.0961 7
-2.43546 10.0112 7
-1.96452 9.07588 7
-1.82672 9.91781 7
-1.5644 9.18173 7
-2.03124 9.09093 7
-1.76768 9.55996 7
-2.04519 9.73585 7
-1.68808 10.514 7
-1.96136 8.82743 7
-2.53508 8.69475 7
-2.71194 9.70603 7
-2.49792 9.41981 7
-2.24663 9.15034 7
-2.44332 10.0661 7
-1.8063 9.26261 7
-1.99441 8.12688 7
-1.88934 9.54267 7
-2.54536 9.20204 7
-1.66098 8.66283 7
-2.8648 9.28614 7
-2.24516 9.54121 7
-2.23811 9.76831 7
-1.24934 8.82879 7
-1.77491 8.51753 7
-1.95438 9.57838 7
-1.90087 7.90049 7
-1.82353 8.71836 7
-1.97634 9.38524 7
-2.42025 8.73769 7
-2.08741 9.69862 7
-2.59821 8.99974 7
-2.14357 8.23222 7
-1.58207 8.48027 7
-2.44509 9.56981 7
-1.0849 9.26211 7
-2.36589 8.65957 7
-2.6113 9.41975 7
-1.97414 9.73354 7
-1.98123 8.92781 7
-1.7753 9.64852 7
-1.99501 9.80949 7
-10.1469 4.48917 8
-6.34464 4.48142 8
-10.1086 4.47029 8
-4.97166 4.46938 8
-6.32983 4.46874 8
-10.4564 4.26802 8
-6.5561 4.44733 8
-8.3301 4.42762 8
-11.9645 4.44105 8
-10.534 4.37732 8
-11.3314 4.33404 8
-7.47772 4.4149 8
-9.57508 4.44077 8
-8.03537 4.39575 8
-7.54873 4.37271 8
-6.76018 4.40607 8
-8.12873 4.40364 8
-8.88921 4.4405 8
-7.55899 4.38439 8
-8.11853 4.43419 8
-9.13227 4.3363 8
-11.9213 4.37825 8
-6.62875 4.39965 8
-8.09035 4.34728 8
-10.0496 4.49494 8
-10.9258 4.36272 8
-8.88775 4.5005 8
-9.97406 4.40642 8
-9.22607 4.38009 8
-7.51535 4.43701 8
-11.7265 4.3777 8
-11.6118 4.47458 8
-8.14216 4.45066 8
-12.4349 4.41847 8
-11.1068 4.46333 8
-6.71697 4.42331 8
-10.2858 4.45116 8
-9.51117 4.39712 8
-9.99896 4.40782 8
-10.1678 4.52731 8
-10.0781 4.32572 8
-8.52775 4.44104 8
-8.58434 4.38306 8
-10.4131 4.42664 8
-8.28172 4.44425 8
-13.052 4.44244 8
-10.7173 4.40438 8
-12.5943 4.34328 8
-9.97483 4.46336 8
-11.8905 4.40673 8
-12.3404 4.42267 8
-13.9374 4.38665 8
-9.18861 4.44164 8
-9.96017 4.37565 8
-8.69879 4.47492 8
-11.7694 4.41661 8
-9.98837 4.44342 8
-10.4568 4.56102 8
-5.81699 4.36768 8
-9.20505 4.34326 8
-12.1078 4.42078 8
-9.48549 4.41685 8
-9.96304 4.43348 8
-7.63229 4.4191 8
-13.4996 4.53099 8
-10.664 4.4026 8
-8.71008 4.35273 8
-9.40616 4.40194 8
-12.8654 4.51488 8
-10.5767 4.3274 8
-11.9846 4.49479 8
-9.01437 4.43161 8
-9.60751 4.41898 8
-12.1201 4.43985 8
-8.03055 4.4689 8
-11.4623 4.33819 8
-13.8098 4.46781 8
-7.70041 4.39889 8
-12.9666 4.40132 8
-6.62027 4.42578 8
-9.19504 4.45801 8
-9.88473 4.3827 8
-9.40036 4.4529 8
-12.9447 4.43599 8
-13.1649 4.35527 8
-7.95442 4.39534 8
-9.86216 4.48477 8
-9.97827 4.4113 8
-10.6821 4.41734 8
-9.99846 4.40045 8
-6.15561 4.41363 8
-8.58783 4.43956 8
-10.6361 4.45039 8
-10.438 4.45419 8
-12.1344 4.43183 8
-8.30279 4.30991 8
-9.98927 4.38063 8
-10.0865 4.4104 8
-13.0295 4.36922 8
-8.22107 4.3809 8
-9.49451 4.3141 8
-7.3738 4.40445 8
-13.5033 4.44754 8
-9.8737 4.39232 8
-13.815 4.45216 8
-6.60008 4.40291 8
-10.9469 4.38683 8
-8.5105 4.42129 8
-7.44755 4.39867 8
-7.14451 4.47162 8
-7.5793 4.39194 8
-13.15 4.36047 8
-8.27816 4.44285 8
-9.55388 4.43649 8
-11.1636 4.45864 8
-12.7565 4.38314 8
-8.01765 4.40103 8
-6.59766 4.42184 8
-10.4238 4.40604 8
-11.9613 4.45709 8
-8.53845 4.42146 8
-12.8088 4.44482 8
-16.705 4.42875 8
-13.684 4.43643 8
-9.18604 4.32069 8
-9.29486 4.43806 8
-7.75019 4.4331 8
-10.8316 4.39817 8
-9.29157 4.43268 8
-7.4866 4.45733 8
-10.2829 4.47987 8
-9.3821 4.44371 8
-11.9312 4.35295 8
-9.49785 4.41903 8
-5.47513 4.46086 8
-6.35754 4.45387 8
-8.9874 4.45877 8
-14.2356 4.38953 8
-9.13919 4.37242 8
-9.93587 4.4839 8
-10.384 4.39636 8
-10.8509 4.40076 8
-8.96793 4.41106 8
-13.0812 4.44143 8
-8.58438 4.37282 8
-7.19865 4.41318 8
-11.3756 4.28805 8
-13.2999 4.42341 8
-10.1805 4.35507 8
-10.7556 4.44734 8
-9.97247 4.37826 8
-8.20051 4.4699 8
-9.77908 4.44581 8
-10.706 4.46171 8
-6.3349 4.43486 8
-10.2804 4.4584 8
-8.85453 4.38539 8
-6.0105 4.43564 8
-8.03301 4.37186 8
-5.69027 4.41809 8
-10.3515 4.35297 8
-11.4052 4.38037 8
-10.4573 4.38241 8
-7.00684 4.45007 8
-11.5752 4.43857 8
-10.0707 4.43712 8
-6.41577 4.4422 8
-8.27255 4.46445 8
-11.2685 4.48208 8
-9.52835 4.48561 8
-9.65737 4.4367 8
-6.88609 4.4056 8
-8.13698 4.35166 8
-10.9765 4.42725 8
-10.3891 4.42306 8
-9.59741 4.31091 8
-11.1182 4.44357 8
-11.2506 4.40947 8
-7.95552 4.39765 8
-11.8353 4.42586 8
-10.9376 4.40956 8
-11.9287 4.3453 8
-11.6582 4.46444 8
-6.5391 4.41778 8
-12.6714 4.33616 8
-12.6253 4.43787 8
-10.6009 4.5092 8
-7.26619 4.4389 8
-8.34187 4.42041 8
-8.18912 4.39505 8
-9.3081 4.39049 8
-9.18079 4.43371 8
-9.69585 4.44939 8
-11.1347 4.41491 8
-12.8001 4.45088 8
-7.50659 4.43432 8
-7.40566 4.41003 8
-7.48046 4.45166 8
-9.9034 4.44492 8
-11.8154 4.36567 8
-8.48497 4.42415 8
-9.05604 4.52254 8
-12.7555 4.43021 8
-6.60585 4.4512 8
-7.79701 4.37977 8
-12.2883 4.37265 8
-7.05714 4.50422 8
-6.00095 4.39146 8
-11.1626 4.40971 8
-10.0863 4.32871 8
-9.68081 4.41125 8
-11.4375 4.4186 8
-14.2586 4.47143 8
-10.8981 4.4643 8
-13.5008 4.46038 8
-9.97722 4.47132 8
-12.718 4.45646 8
-9.57048 4.45857 8
-9.80484 4.4106 8
-11.6319 4.47898 8
-10.5727 4.46174 8
-5.98977 4.43835 8
-7.83949 4.39648 8
-9.82252 4.33941 8
-9.25612 4.399 8
-10.1699 4.50098 8
-12.1072 4.42927 8
-7.32731 4.41423 8
-7.90806 4.3153 8
-10.195 4.43517 8
-9.7145 4.37577 8
-10.9487 4.46877 8
-11.2371 4.43858 8
-9.15069 4.40862 8
-10.9374 4.47286 8
-11.1008 4.3843 8
-9.3829 4.32022 8
-12.0516 4.41294 8
-7.12762 4.38886 8
-9.43329 4.42842 8
-13.3938 4.37436 8
-7.75827 4.4356 8
-13.9392 4.36834 8
-12.5141 4.36147 8
-8.89627 4.39741 8
-6.27395 4.42064 8
-10.9174 4.42654 8
-9.5548 4.36391 8
-10.3906 4.40928 8
-10.4522 4.49432 8
-1.57219 -10.225 9
-2.21387 -9.90805 9
-2.03847 -10.2506 9
-2.17165 -10.2665 9
-2.22847 -9.22733 9
-2.88908 -9.39006 9
-1.58617 -9.74771 9
-1.90027 -10.3103 9
-2.14728 -9.78968 9
-2.62446 -10.1697 9
-2.27135 -9.55962 9
-2.38258 -10.1464 9
-2.34827 -10.2969 9
-1.70922 -10.5364 9
-1.96661 -10.9024 9
-2.79529 -8.81066 9
-2.0471 -10.6658 9
-2.64004 -9.27997 9
-2.39497 -9.74501 9
-1.99164 -10.6513 9
-3.37975 -9.00033 9
-2.92693 -10.048 9
-1.64109 -10.6037 9
-2.87043 -9.98349 9
-2.41355 -9.2303 9
-1.78498 -10.147 9
-2.65101 -9.38691 9
-2.35656 -10.4304 9
-2.57484 -9.63632 9
-2.94994 -9.1913 9
-2.84276 -9.47323 9
-2.19354 -9.7925 9
-2.53267 -9.93696 9
-2.52412 -9.73853 9
-2.61241 -9.50492 9
-1.75388 -10.9612 9
-1.81772 -10.9402 9
-2.27271 -9.50453 9
-2.50709 -9.3735 9
-1.78054 -9.72909 9
-2.31908 -10.0049 9
-2.06986 -9.45463 9
-2.30392 -9.21683 9
-2.07645 -10.2346 9
-2.48665 -9.92851 9
-1.81653 -10.0781 9
-1.81388 -10.6702 9
-1.77505 -10.5834 9
-2.65618 -9.95293 9
-2.07384 -10.325 9
-1.81483 -9.6556 9
-2.31096 -10.2109 9
-1.46621 -10.1751 9
-2.54168 -10.0456 9
-2.38429 -9.73867 9
-2.17475 -10.16 9
-2.79214 -9.24994 9
-1.42058 -10.8851 9
-3.60438 -8.70372 9
-1.68257 -10.7053 9
-2.07482 -10.2038 9
-2.6687 -9.24697 9
-1.98055 -9.81 9
-2.33191 -10.0451 9
-1.97851 -10.1672 9
-2.17328 -10.3502 9
-1.88241 -10.3456 9
-2.35437 -9.50086 9
-1.32734 -10.7541 9
-1.51092 -10.1964 9
-2.30781 -9.53522 9
-2.12611 -10.5665 9
-2.20531 -9.63523 9
-2.23797 -10.5372 9
-1.48969 -11.1448 9
-2.64279 -10.2041 9
-1.86212 -10.3204 9
-2.49399 -10.1111 9
-3.33458 -8.40266 9
-2.48178 -9.75237 9
-2.61751 -9.58471 9
-2.50064 -9.19902 9
-2.70211 -8.86665 9
-2.08967 -10.4471 9
-2.63866 -9.36413 9
-2.44752 -10.3977 9
-1.92398 -10.0074 9
-2.3205 -9.92134 9
-2.2451 -10.0995 9
-2.15777 -10.3963 9
-1.97066 -9.51615 9
-1.30135 -10.3951 9
-2.31764 -10.3747 9
-0.921063 -11.0172 9
-1.93625 -9.92785 9
-2.37016 -10.3072 9
-1.68053 -10.3324 9
-2.28511 -10.0728 9
-2.17886 -9.96428 9
-1.87322 -10.6418 9
-2.03177 -9.79709 9
-1.64085 -10.7787 9
-2.61627 -9.9916 9
-2.0672 -10.1421 9
-1.78639 -10.216 9
-2.5669 -10.0397 9
-2.56383 -10.002 9
-1.87061 -9.90016 9
-2.4541 -9.58105 9
-2.26665 -9.62456 9
-1.94279 -10.3797 9
-2.11855 -10.0274 9
-2.30503 -9.96903 9
-2.84043 -8.91042 9
-2.65611 -9.06541 9
-1.96376 -9.88497 9
-2.37225 -9.68743 9
-2.01762 -10.5878 9
-2.30235 -9.78671 9
-1.86297 -10.5044 9
-2.04774 -9.89811 9
-1.9131 -10.8699 9
-1.53852 -10.0672 9
-2.06984 -9.68397 9
-1.73285 -9.71081 9
-2.14437 -10.3276 9
-1.99644 -10.3046 9
-2.06443 -9.76157 9
-2.50527 -10.2461 9
-1.95555 -9.65587 9
-2.15407 -10.0133 9
-1.88053 -10.0668 9
-1.4131 -10.0482 9
-2.16194 -9.71603 9
-0.949443 -11.4821 9
-1.14382 -11.255 9
-1.3605 -10.711 9
-2.54958 -10.4688 9
-2.56537 -9.53008 9
-2.34195 -10.7081 9
-2.32819 -10.2688 9
-1.42266 -10.6295 9
-1.76801 -10.4184 9
-2.07329 -9.59469 9
-2.37829 -9.87884 9
-2.09372 -9.78813 9
-2.6633 -9.28325 9
-2.29861 -10.3024 9
-2.00654 -9.81849 9
-1.87305 -10.154 9
-2.07582 -9.77906 9
-2.01646 -10.3651 9
-1.96991 -10.7927 9
-1.6366 -10.977 9
-2.34582 -10.1254 9
-2.5895 -9.76553 9
-2.86674 -8.8984 9
-2.2816 -9.73244 9
-2.20551 -9.4304 9
-2.76497 -9.17414 9
-2.20081 -10.2678 9
-2.76495 -9.34903 9
-2.08313 -10.9456 9
-2.30974 -9.45473 9
-2.62253 -10.0018 9
-2.39545 -10.1233 9
-2.13225 -9.49569 9
-3.01026 -9.27246 9
-2.83353 -9.05567 9
-1.89913 -9.53193 9
-1.47605 -10.4789 9
-1.82647 -9.91062 9
-2.06731 -10.7008 9
-2.0593 -10.258 9
-1.66655 -9.69075 9
-2.71394 -9.96916 9
-2.2615 -10.6701 9
-2.57275 -9.70915 9
-1.46786 -10.1444 9
-2.33525 -9.20205 9
-2.16695 -9.72462 9
-2.07896 -9.60095 9
-2.10124 -10.0179 9
-1.97156 -10.0126 9
-1.836 -10.5564 9
-2.63725 -8.73781 9
-2.38802 -9.8815 9
-2.3008 -10.1684 9
-2.14479 -10.4482 9
-2.22394 -9.57983 9
-2.37849 -10.0614 9
-1.66123 -10.1103 9
-2.03623 -10.132 9
-1.87409 -9.56066 9
-2.18669 -9.99969 9
-1.62561 -10.4632 9
-2.8612 -9.59724 9
-2.51946 -9.80452 9
-2.31347 -9.7323 9
-2.1681 -10.5243 9
-1.79015 -9.79904 9
-1.92104 -10.395 9
-2.46882 -9.86413 9
-1.95279 -10.5277 9
-2.49707 -9.25344 9
-2.15911 -9.8579 9
-2.9288 -9.2922 9
-2.22111 -9.82148 9
-2.01233 -10.7095 9
-2.50804 -9.63926 9
-2.72761 -9.57325 9
-1.66168 -10.814 9
-2.07504 -9.77883 9
-2.68927 -9.9389 9
-1.90363 -10.173 9
-1.4622 -11.0741 9
-2.37347 -9.65904 9
-2.04427 -10.3623 9
-1.61911 -10.1965 9
-2.65028 -9.22048 9
-2.19381 -9.50919 9
-1.98137 -10.3434 9
-1.67267 -10.5377 9
-1.83921 -9.85868 9
-2.99592 -8.88532 9
-2.50589 -9.75619 9
-3.15112 -8.99019 9
-1.60979 -10.929 9
-2.0195 -10.4945 9
-2.24462 -9.96861 9
-2.28335 -9.4536 9
-2.87469 -9.20421 9
-1.74608 -9.74673 9
-1.93334 -10.4448 9
-2.23691 -9.82799 9
-2.16899 -9.93999 9
-2.31959 -10.2666 9
-2.64439 -9.72959 9
-2.10561 -10.0615 9
-1.78575 -10.1812 9
-1.95712 -10.3092 9
-2.37476 -9.7896 9
-2.28972 -10.1784 9
-2.74062 -9.50111 9
-1.81005 -9.8652 9
-2.35744 -10.1341 9
-1.65137 -10.4286 9
-1.64855 -10.2603 9
-1.75787 -9.82853 9
-1.50049 -10.8068 9
-1.54246 -11.3801 9
-2.10018 -10.3076 9
-1.58847 -10.406 9
-2.21667 -10.2414 9
-1.54273 -11.0955 9
-1.63469 -10.3387 9
-2.79346 -9.36658 9
-2.31593 -9.80125 9
-1.99986 -10.3094 9
-1.5814 -10.5029 9
-2.65316 -9.72729 9
-2.19329 -9.56849 9
-2.6306 -9.51245 9
-2.58415 -10.2539 9
-2.36352 -10.1504 9
-2.97368 -8.45526 9
-2.11836 -10.9691 9
-3.33568 -9.26305 9
-1.82976 -9.8625 9
-2.45801 -9.85205 9
-2.16891 -10.1129 9
-2.06527 -9.81405 9
-2.83351 -9.02369 9
-2.48589 -9.22902 9
-2.1096 -10.5963 9
-2.86829 -9.03848 9
-2.28058 -10.1438 9
-2.49085 -10.1882 9
-3.57099 -9.36239 9
-2.27851 -9.73434 9
-1.48062 -10.2521 9
-1.91691 -9.79393 9
-1.78623 -9.8825 9
-1.90574 -9.54956 9
-2.16413 -10.4377 9
-2.14 -9.41958 9
-1.91864 -10.0766 9
-1.97602 -10.6211 9
-2.12013 -9.76467 9
-1.8522 -10.6332 9
-1.36201 -11.1575 9
-2.12539 -9.99856 9
-1.84442 -10.3004 9
-2.09269 -10.0792 9
-1.99479 -9.42716 9
-1.7047 -9.80855 9
-2.15702 -9.98665 9
-2.33349 -9.48 9
-1.97442 -9.85976 9
-2.04145 -10.7789 9
-1.74209 -10.3254 9
-1.91157 -10.7838 9
-2.1084 -10.1063 9
-1.8019 -10.0758 9
-2.19842 -9.96852 9
-2.4075 -9.36948 9
-1.71967 -10.2143 9
-1.98501 -10.1547 9
-2.038 -9.94033 9
-2.54236 -9.88291 9
-2.12758 -9.67972 9
-2.34879 -9.69869 9
-2.77791 -9.69279 9
-1.5081 -10.8452 9
-2.49093 -9.97018 9
-2.5158 -9.54831 9
-2.35221 -10.5317 9
-1.6134 -10.6422 9
-2.59743 -10.2596 9
-2.09021 -9.81134 9
-2.12241 -9.84826 9
-2.57056 -9.68313 9
-2.28588 -9.34574 9
-2.07414 -10.5649 9
-1.81418 -10.3893 9
-2.4668 -9.28293 9
-2.25598 -9.0014 9
-3.06226 -9.24053 9
-1.92265 -10.5202 9
-2.50388 -9.49666 9
-2.51772 -9.69242 9
-1.87869 -9.94175 9
-2.45512 -9.91796 9
-1.66491 -9.73256 9
-2.7793 -9.33214 9
-2.31376 -9.97601 9
-2.34318 -10.1758 9
-2.45855 -9.81157 9
-2.38865 -10.7366 9
-3.54843 -9.20242 9
-2.63416 -9.56608 9
-2.43848 -10.0072 9
-2.04045 -9.61202 9
-1.55222 -10.4137 9
-1.9838 -9.66617 9
-2.34272 -9.61035 9
-2.07992 -9.397 9
-1.39283 -10.6221 9
-2.03555 -11.005 9
-2.32639 -10.1561 9
-2.08544 -10.0806 9
-2.3284 -9.6368 9
-1.68184 -10.8306 9
-2.3247 -9.28103 9
-1.92154 -9.80819 9
-2.2728 -9.99269 9
-2.02087 -9.78203 9
-1.81615 -11.047 9
-2.87059 -9.35739 9
-2.04199 -9.87199 9
-2.05096 -10.164 9
-2.64112 -9.40258 9
-1.99186 -10.0478 9
-1.52047 -10.9206 9
-1.8237 -10.256 9
-1.80478 -10.1719 9
-2.41874 -9.84197 9
-1.96633 -9.55882 9
-2.29267 -10.2645 9
-2.83936 -9.25907 9
-2.06381 -10.3049 9
-2.2342 -10.1275 9
-2.4191 -9.4085 9
-2.42552 -9.8687 9
-1.58951 -10.6168 9
-2.23486 -10.3698 9
-1.58592 -10.2369 9
-2.1497 -9.77859 9
-2.40624 -9.93933 9
-2.23844 -10.1604 9
-1.76098 -9.82456 9
-3.13296 -8.71707 9
-2.0499 -9.67573 9
-2.51293 -9.10239 9
-1.43513 -10.5398 9
-1.78797 -9.9864 9
-1.25731 -10.5877 9
-2.88264 -9.69871 9
-1.5782 -10.75 9
-2.2483 -9.92802 9
-1.61666 -10.7396 9
-2.18041 -10.1122 9
-2.42207 -9.82549 9
-1.59005 -10.4252 9
-2.34969 -10.3113 9
-2.67784 -9.52053 9
-2.79089 -9.20267 9
-1.35504 -10.3777 9
-2.10174 -9.41411 9
-2.56588 -9.60365 9
-1.75599 -10.544 9
-2.27165 -10.887 9
-2.95404 -9.22052 9
-2.39451 -10.3105 9
-1.68394 -10.413 9
-2.93538 -9.06524 9
-2.85416 -9.36009 9
-2.31055 -9.99136 9
-2.48072 -9.71894 9
-1.99051 -9.93249 9
-2.38434 -9.89231 9
-2.65686 -9.56983 9
-2.49212 -9.61142 9
-1.73552 -10.4724 9
-1.66262 -9.7082 9
-2.30632 -10.0872 9
-1.62977 -10.4968 9
-2.37426 -9.6138 9
-2.75634 -9.60603 9
-1.97358 -10.4601 9
-2.92149 -9.12805 9
-3.286 -9.3478 9
-2.31971 -10.1656 9
-2.43178 -9.62891 9
-1.46 -10.3542 9
-2.27623 -9.52881 9
-1.79707 -10.2042 9
-2.69811 -9.37848 9
-1.77932 -9.74547 9
-1.85341 -9.96319 9
-2.31808 -9.98534 9
-1.85526 -10.8599 9
-1.62577 -11.1824 9
-2.45365 -9.46776 9
-2.52041 -9.43438 9
-1.85159 -9.13559 9
-2.94998 -9.29605 9
-2.20986 -9.82904 9
-2.62034 -9.47034 9
-2.72188 -9.5403 9
-1.89861 -9.69158 9
-2.22087 -10.5295 9
-1.96774 -9.99817 9
-2.32747 -9.75689 9
-2.62407 -8.87717 9
-2.16501 -10.0629 9
-2.56766 -10.0182 9
-2.87545 -9.15755 9
-1.56158 -10.2429 9
-2.34526 -9.89726 9
-1.50495 -10.5472 9
-1.96945 -10.1443 9
-2.54696 -9.81027 9
-2.78644 -9.73859 9
-1.83934 -10.7587 9
-1.80697 -10.2646 9
-2.11222 -10.7324 9
-2.10344 -10.4256 9
-2.68852 -9.65267 9
-2.31499 -9.80056 9
-2.19311 -10.0307 9
-2.30354 -10.0611 9
