-3.16854 2.49177 0
3.42715 3.65762 0
-1.15045 10.1287 0
1.37127 -3.20378 0
3.15024 9.39837 0
-3.74051 -2.29475 0
-2.99848 7.62028 0
-4.13985 2.4109 0
-2.21235 -3.74437 0
2.64536 -3.5104 0
1.61526 1.53354 0
-1.95228 4.57837 0
-3.71104 1.64302 0
0.478177 1.09584 0
-3.84754 -5.66738 0
-7.27896 4.72717 0
-3.42927 5.54453 0
-1.55719 0.18067 0
-5.38637 2.81914 0
-5.27215 3.79985 0
1.42597 1.40086 0
-5.94814 3.1064 0
-1.69273 -0.054211 0
0.427053 -0.161577 0
-6.7265 3.37322 0
-0.439923 8.51058 0
-7.57838 3.31068 0
-5.08837 4.00637 0
0.98788 6.41657 0
-2.67674 -0.956761 0
-0.682719 2.55834 0
-0.832666 0.934266 0
-3.00749 0.568039 0
-2.55625 -7.6207 0
0.531044 4.74096 0
7.34611 2.86106 0
-4.92556 4.38114 0
-1.83255 -1.79721 0
-3.57239 -3.4432 0
1.11112 3.77011 0
-3.81125 0.0595046 0
-0.709179 0.620119 0
-1.3236 1.80914 0
-4.02391 -4.75537 0
-0.636835 -1.28724 0
-4.62874 -0.159988 0
-5.67672 5.4216 0
-4.31903 -5.40894 0
-3.19604 4.14579 0
-5.24333 -2.05762 0
-0.092807 1.8357 0
-4.77704 2.01047 0
-1.77363 5.27786 0
-6.34579 -4.55345 0
-3.00232 6.45897 0
-4.19859 3.52362 0
-2.46105 5.95745 0
-3.32983 -2.91046 0
2.30632 -1.44086 0
-1.43091 0.517091 0
0.117565 4.64868 0
0.538065 6.00661 0
3.45104 13.2374 0
0.534726 -0.78899 0
-2.44676 1.85922 0
-6.50054 4.76604 0
3.3675 -3.33503 0
-1.16271 -1.91615 0
-4.64367 1.44839 0
-1.2637 -1.85392 0
-1.53282 5.58533 0
-4.04801 1.91608 0
-6.37453 4.73221 0
-6.02005 3.07442 0
-2.35916 -3.32277 0
-1.97658 6.08611 0
-6.63148 8.87139 0
-3.54944 9.41452 0
-1.05923 -5.85503 0
-1.45485 1.94047 0
-1.06888 3.06581 0
1.79703 2.34444 0
4.69424 4.89268 0
-5.33048 -3.99773 0
-1.58017 2.56847 0
-3.38719 5.814 0
3.69277 4.82296 0
-2.2739 5.46614 0
-0.455354 3.3756 0
-3.132 -0.0305761 0
-4.5484 1.00017 0
-8.40132 0.209469 0
-1.76515 6.06971 0
-0.854003 3.9573 0
-5.54363 -4.27883 0
0.0911136 6.83093 0
-3.85418 -0.339027 0
-4.9046 1.13274 0
0.409629 2.33811 0
2.84788 -1.88248 0
0.0837038 -1.18474 0
-2.85422 8.66263 0
-1.29217 4.84523 0
-1.60131 5.69401 0
-3.39578 1.81913 0
1.04199 2.56689 0
-3.46727 2.95718 0
-5.21229 4.83499 0
-1.31498 4.387 0
-0.631372 -1.52833 0
-2.16418 5.91517 0
-1.06018 7.03669 0
-4.96108 -1.20172 0
-2.51689 1.28003 0
-6.29193 -2.78361 0
-3.1253 1.02891 0
2.74613 -1.89057 0
-6.7289 0.41221 0
-1.67314 6.44992 0
-9.36807 0.708876 0
-4.53632 -5.00376 0
-5.3785 0.314685 0
-4.35993 3.24731 0
-0.877986 -2.95595 0
1.82391 3.2408 0
-0.876638 -1.36904 0
-4.19091 -2.22114 0
-3.64534 -0.0530475 0
0.266752 -5.58665 0
0.0482974 1.62025 0
4.15065 5.57882 0
-5.84256 -1.17803 0
1.9485 1.97535 0
-0.566254 5.48203 0
-7.22396 1.33227 0
0.505735 1.29536 0
-6.88034 -2.14816 0
-4.23806 9.18209 0
-0.41581 8.53144 0
-1.53459 3.80428 0
-4.5495 -2.65284 0
-7.47885 -3.25983 0
-3.67347 5.13703 0
2.05931 1.2704 0
-3.69783 6.69296 0
-2.98249 -1.96307 0
-3.48058 -7.82112 0
-2.80407 -1.49784 0
-1.35485 -1.64891 0
4.63183 0.161971 0
-4.69365 0.722229 0
-2.76777 0.123441 0
1.95121 1.71846 0
-3.22131 2.89526 0
-3.08315 -2.05274 0
-2.36626 2.67509 0
-3.983 2.69414 0
-10.7757 1.20545 0
-1.84097 4.35636 0
0.58703 -12.0492 0
-2.45293 5.89074 0
-6.87789 3.47961 0
-3.2486 -0.895306 0
-2.19489 2.26855 0
-0.33342 -0.732605 0
1.14131 -3.57069 0
0.411506 0.312897 0
1.67403 2.01169 0
-2.76117 -2.53066 0
-4.69901 5.1875 0
4.06781 -0.531929 0
2.10387 5.56194 0
2.46981 -0.137611 0
-0.718041 1.81708 0
-4.54465 3.86886 0
1.20352 -0.241742 0
-6.66289 -2.86978 0
-4.90024 0.87554 0
-1.59067 3.62156 0
-3.66962 -4.96159 0
1.17715 0.08848 0
2.32274 1.50598 0
-4.4441 7.83076 0
-6.12854 0.869911 0
-3.55787 4.55274 0
2.07808 11.4503 0
-4.57224 0.614213 0
-4.71468 6.67318 0
-1.77104 1.29936 0
-1.35835 -4.25355 0
-2.98206 6.22298 0
2.57068 -1.62696 0
-3.49014 1.64489 0
0.896564 6.24783 0
-3.92289 4.24421 0
-3.7181 2.36932 0
-8.06817 5.97039 0
-2.35952 2.58191 0
-3.71629 -5.3229 0
-4.06113 3.39214 0
0.154947 -2.48045 0
-3.55977 4.6711 0
1.44783 5.00857 0
-5.98946 -1.37474 0
-4.12053 8.37295 0
-0.587795 -2.41344 0
0.991315 6.27209 0
-3.58529 8.41696 0
1.44097 -1.80211 0
-2.85949 -4.55696 0
0.308913 -3.24356 0
-4.04693 5.6202 0
-4.1284 6.05123 0
0.65626 3.40477 0
-5.02774 3.92679 0
-1.28562 -5.12473 0
-0.382275 2.12786 0
-1.95311 8.14069 0
-1.93865 -2.91482 0
-3.80283 3.11616 0
-2.73589 -0.0989942 0
6.85067 2.98185 0
-3.00357 0.853957 0
-3.51089 4.91901 0
2.01564 1.72137 0
-3.58643 2.27959 0
1.087 -1.3834 0
-3.63065 2.50681 0
-1.52026 1.13467 0
-7.13108 1.48419 0
-0.831159 -1.76529 0
5.80103 0.417576 0
-7.95231 6.8246 0
-2.17783 4.30303 0
-2.64926 5.40498 0
0.906721 3.91862 0
-4.89588 5.71837 0
-3.50943 -7.18648 0
-5.03127 3.04528 0
-5.9165 4.12474 0
0.650239 6.54118 0
-2.64214 -1.59932 0
-3.73694 9.06946 0
1.41403 -1.76389 0
-7.64345 3.50797 0
-0.198235 7.0469 0
1.25488 2.15919 0
-2.13125 5.23141 0
-2.4167 1.50428 0
-2.08643 1.28603 0
-1.07111 2.39613 0
-6.74172 0.744549 0
-8.67364 -2.18262 0
-4.14959 3.02146 0
-1.43171 3.30463 0
-3.42352 4.51705 0
-5.07576 6.54843 0
-1.60118 3.70355 0
-3.67137 2.91535 0
-6.91536 5.88126 0
1.60388 -4.23084 0
-2.79165 -0.97586 0
-0.123474 4.10208 0
-5.21938 9.67904 0
-1.86329 -1.65347 0
-0.314341 -4.20144 0
-2.93612 1.61399 0
-1.71251 5.72374 0
2.63313 2.33191 0
-1.64887 7.71901 0
-4.33294 1.1134 0
-4.36926 3.49229 0
-2.33648 2.7423 0
-1.45231 1.74089 0
-5.04848 3.15089 0
-6.68604 3.33966 0
-2.10735 4.38052 0
2.12832 -0.774048 0
0.963629 -3.8489 0
0.275723 5.64359 0
-2.93971 -9.65914 0
-0.64626 5.29394 0
-8.65178 -2.93634 0
-3.41835 -0.342716 0
-4.58717 -1.79682 0
-2.8737 1.72955 0
-1.08465 4.04813 0
-0.940609 1.24883 0
-1.52803 1.09434 0
0.0602075 0.878304 0
-3.11637 1.88593 0
-5.24763 3.26903 0
-1.51943 -0.346183 0
-4.59597 0.415353 0
-4.1131 0.717007 0
-1.51311 3.57132 0
0.362318 0.570713 0
-3.44807 -0.867802 0
-3.8578 -0.720744 0
2.18722 5.45023 0
-7.68337 -0.245458 0
-2.95079 -4.33276 0
1.47999 -5.70469 0
-4.51479 -2.30152 0
1.62374 -1.1688 0
-2.82924 2.56264 0
-2.83844 9.34937 0
-4.08177 -5.63156 0
-1.76227 11.057 0
-0.273288 0.796016 0
-1.13039 -3.17267 0
-0.903234 0.312245 0
-2.8151 0.0674516 0
-3.14407 1.54438 0
-2.1303 -1.45087 0
-1.14883 8.15954 0
-1.65611 0.389895 0
0.212675 1.27227 0
-6.82593 5.45491 0
-6.61794 0.722894 0
-1.05294 2.83321 0
-1.4587 0.424082 0
-0.817803 0.677815 0
-2.98432 3.52768 0
1.08493 4.37752 0
-4.58319 -1.21527 0
0.989528 1.94776 0
-5.48803 -1.3689 0
-4.86827 1.28628 0
-4.12592 4.57254 0
-5.32727 1.91636 0
-6.60795 -1.0357 0
-0.266062 3.93317 0
-7.07418 -4.11152 0
-1.38031 3.90391 0
-1.47782 2.49104 0
-7.39613 4.87791 0
0.00901985 -6.4261 0
-3.92944 -1.12961 0
1.28747 8.06199 0
-5.02724 7.81685 0
0.455188 -1.47348 0
-0.990475 5.26342 0
0.501635 4.58709 0
-0.0488244 -0.278558 0
-10.3643 7.21666 0
-4.05704 4.89087 0
-3.72334 1.18738 0
-3.61787 3.52726 0
-4.18336 2.85104 0
-2.77833 5.43601 0
-5.15426 2.08363 0
-3.75471 6.56986 0
-0.505261 -6.50998 0
6.76201 0.274461 0
-9.54111 -0.0111192 0
-2.38328 1.92387 0
0.0862648 -2.01219 0
-2.84738 5.54571 0
-2.3956 4.55009 0
-1.4096 1.63886 0
-2.82117 5.55972 0
-3.11436 3.59959 0
-3.057 8.7521 0
-4.59195 1.70739 0
4.84214 -1.34865 0
-5.09253 -1.54106 0
-3.31862 1.26316 0
-2.86538 0.615935 0
-1.01449 3.71674 0
-1.20968 -0.28941 0
-8.15665 1.55354 0
-10.3515 -4.8785 0
-3.66939 4.55442 0
0.38428 -1.19266 0
-4.2344 -0.465293 0
-4.23669 6.31379 0
-4.22029 9.33576 0
0.90595 0.383004 0
-4.67411 3.38158 0
0.0534816 1.52597 0
-4.3338 1.90651 0
-1.57723 7.74383 0
-4.55229 -1.35511 0
-5.91111 -1.68474 0
-2.07259 6.29753 0
-3.07494 8.08508 0
-5.08568 6.84819 0
-0.267914 -0.685203 0
1.07076 4.67932 0
-4.19251 2.61651 0
2.31318 2.39861 0
-6.2622 -4.76316 0
-0.61948 3.88943 0
-0.418681 -2.01849 0
-2.53121 -0.363324 0
-0.241275 -2.79607 0
-1.97866 -2.93103 0
-6.24058 6.15743 0
-0.295123 0.462675 0
-4.80195 -2.00064 0
-2.1328 3.08132 0
-3.48587 -1.01105 0
-0.816096 5.10845 0
-7.13221 -3.0433 0
-4.45819 -4.09533 0
2.19086 -0.0240387 0
0.239012 -1.2697 0
-2.10902 -1.42101 0
-0.475641 0.0166803 0
-4.92646 3.01324 0
-3.66722 3.62942 0
-2.12327 -0.136077 0
-1.39063 1.6264 0
-0.823581 6.68805 0
1.9456 -1.65887 0
-1.22324 -5.6242 0
-3.64518 -0.17661 0
-2.02228 3.42822 0
-7.18271 2.39393 0
-2.71998 0.526478 0
-2.49398 3.36197 0
2.04306 1.92034 0
2.49766 5.26939 0
-3.18743 4.09484 0
-5.80146 -2.0899 0
-0.547558 -3.46852 0
-8.96453 -1.19935 0
-3.38363 -2.59015 0
-4.58894 7.2581 0
0.62707 4.61467 0
4.82435 -0.443026 0
-1.49188 0.30132 0
-1.94559 -0.052784 0
-4.4798 4.86991 0
-5.09168 6.23152 0
-5.21169 -2.863 0
-3.00021 -0.547513 0
4.54683 1.29285 0
-5.70308 0.391683 0
-2.40842 0.427811 0
-9.28722 2.22632 0
-0.833219 0.871964 0
-4.08832 2.32434 0
-5.20978 4.84972 0
0.9477 3.11429 0
-6.06756 5.8849 0
0.480519 1.02636 0
-1.40376 10.5172 0
-1.71384 -2.60466 0
-6.4377 -0.818886 0
-3.12955 4.79037 0
-4.41493 0.448034 0
0.381698 -4.92856 0
-0.012285 -0.0930383 0
-2.42099 -3.18802 0
-3.44096 -0.173558 0
-2.69915 1.08212 0
-0.407161 5.97469 0
-6.72662 4.98159 0
-3.52883 -1.85548 0
-2.59896 0.290106 0
0.606057 1.07022 0
-2.14617 6.95118 0
0.898821 1.7726 0
-5.27897 -2.04217 0
-1.0651 1.67887 0
-2.1812 -0.539393 0
-2.81873 6.65821 0
-1.76147 0.00749582 0
-1.08938 -8.78657 0
-3.9156 1.94013 0
-3.84497 2.91194 0
-5.78766 -5.6158 0
-2.10015 -3.83608 0
-5.18592 11.9326 0
-1.35257 3.95235 0
-1.31634 -1.09987 0
2.69723 3.53935 0
-1.4642 0.502978 0
0.237865 8.91075 0
-9.88894 -1.31672 0
-0.716485 1.64399 0
-1.63728 4.93777 0
-0.378943 -5.22987 0
3.84267 1.91042 0
-7.37716 5.1851 0
-7.08106 6.6865 0
-2.90967 4.77205 0
-3.47116 4.88059 0
-3.23168 2.52306 0
-2.91623 2.4307 0
-1.28941 -1.36838 0
-3.19684 -4.48353 0
-5.05069 6.74793 0
-1.05419 -5.82224 0
-4.18138 3.15118 0
-4.02866 5.31007 0
-1.11742 2.11704 0
-0.127258 1.52421 0
-2.98516 -3.00141 0
-0.182132 -1.10962 0
0.633344 1.97198 0
-2.80196 0.60234 0
0.659551 -1.54105 0
1.33538 1.62021 0
-3.98753 -7.83233 0
-4.26487 3.95555 0
-0.0518098 8.19119 0
-3.1398 -5.63855 0
-3.87223 4.66594 0
3.60488 6.2628 0
-0.515209 1.16777 0
-7.41607 5.90787 0
-0.296591 10.7571 0
-0.513909 3.18477 0
-4.41379 5.00869 0
-1.58882 3.8672 0
-2.4827 3.38809 0
-4.27561 -2.8482 0
-5.61966 0.717574 0
-6.76118 1.33409 0
0.982074 6.94924 0
-2.35911 0.737476 0
-2.55127 0.172155 0
1.53773 4.38777 0
-2.0965 9.83619 0
10.9583 7.50554 1
9.96274 7.62904 1
10.0697 7.62314 1
8.74553 7.47681 1
9.60508 8.69388 1
10.2268 6.50028 1
9.70378 6.85703 1
9.08476 8.3708 1
9.39603 7.33755 1
9.04907 8.63339 1
10.4559 8.34141 1
8.42576 7.73189 1
9.59686 6.96213 1
9.69333 7.2388 1
9.57927 7.43021 1
9.83741 6.99048 1
9.15075 7.48759 1
9.3041 6.77115 1
10.4169 8.28635 1
9.85861 8.31632 1
11.8637 6.51493 1
9.95 7.42259 1
9.04193 7.45853 1
9.19268 7.85055 1
9.51131 7.00239 1
9.07472 7.32963 1
9.57164 9.19568 1
10.5445 9.01983 1
9.88541 7.05976 1
8.98787 6.063 1
9.25451 7.69666 1
8.86585 7.36187 1
10.6915 8.39501 1
9.80947 6.33307 1
9.79991 6.20209 1
8.76765 7.06649 1
8.99813 7.27284 1
10.789 6.94851 1
9.2415 5.81761 1
10.9337 9.65328 1
9.21457 8.65441 1
9.61728 7.77254 1
9.78727 6.85553 1
9.24103 7.42842 1
9.23891 7.81671 1
10.1552 7.87829 1
10.4444 7.47043 1
9.72885 7.9242 1
9.20233 7.51528 1
9.63076 8.08262 1
8.53275 6.11517 1
10.6154 8.85589 1
11.7944 7.72509 1
9.14455 6.35329 1
10.0261 8.11016 1
9.33026 7.82912 1
10.5558 7.91656 1
9.33228 7.41964 1
9.35292 7.70414 1
9.46976 7.35592 1
9.63936 7.38979 1
8.32366 7.6129 1
9.81692 8.1761 1
9.79753 6.59547 1
9.2519 6.97165 1
10.2723 6.93271 1
9.62689 7.97357 1
10.3552 7.80763 1
8.89123 7.30657 1
8.78603 6.56035 1
9.19929 9.44817 1
9.92017 7.5238 1
10.8889 7.91729 1
8.75646 7.95763 1
9.93862 6.68486 1
9.63866 6.88789 1
9.61736 6.56363 1
9.66976 6.91163 1
10.9862 8.04103 1
9.60825 9.08776 1
8.72968 7.55785 1
8.27421 6.8602 1
9.36917 6.92264 1
10.4036 8.05584 1
8.81297 7.83699 1
9.62791 7.6281 1
10.4487 6.94881 1
10.4253 7.43432 1
8.90922 6.98305 1
10.7831 7.37699 1
10.0018 7.07651 1
9.11303 6.13894 1
8.11108 8.62636 1
9.59349 7.02044 1
10.2325 6.89762 1
9.57238 6.577 1
10.3656 7.28381 1
9.62288 6.30327 1
10.3774 7.43053 1
10.04 8.5373 1
10.8618 9.46365 1
8.93472 7.13018 1
9.84439 7.67262 1
9.80534 6.26489 1
10.1617 8.26399 1
8.63732 7.8178 1
9.40612 6.87268 1
9.0548 7.96568 1
8.92067 6.29349 1
10.0713 8.07944 1
9.31177 7.30658 1
3.32915 -5.35404 2
2.93072 -5.00308 2
3.2726 -5.28163 2
2.63965 -5.26599 2
3.43012 -5.23083 2
2.65196 -5.03983 2
3.56355 -5.2447 2
1.95655 -4.76526 2
3.90128 -5.21106 2
3.42908 -5.20427 2
3.61488 -5.0117 2
4.31711 -5.40843 2
4.17446 -5.36525 2
3.90838 -5.40207 2
2.49313 -5.09079 2
3.43622 -5.29235 2
3.20498 -5.36303 2
3.32039 -5.28652 2
3.0298 -5.3571 2
2.49757 -5.33279 2
3.51139 -5.22304 2
3.82604 -5.51345 2
3.48376 -5.46677 2
3.13858 -5.37718 2
2.71902 -5.19842 2
3.55606 -5.09382 2
3.02203 -5.45122 2
3.30332 -5.35394 2
2.41351 -5.33354 2
3.39174 -4.9413 2
3.97989 -5.38173 2
3.38218 -5.0537 2
3.7682 -4.90928 2
3.29844 -5.1514 2
3.34799 -5.04156 2
2.53818 -4.94124 2
3.33019 -4.95146 2
3.40048 -4.96535 2
2.62966 -5.42763 2
3.24537 -5.24276 2
1.98176 -5.02414 2
3.36536 -5.2546 2
3.16266 -5.09602 2
2.47 -5.33606 2
2.81457 -5.30347 2
4.26161 -5.78684 2
3.50013 -4.95838 2
2.84292 -5.36232 2
3.34911 -5.31714 2
3.37827 -5.36381 2
4.16355 -5.3074 2
2.87206 -4.95634 2
3.36681 -5.28626 2
3.42995 -5.21663 2
2.99607 -5.19658 2
2.09851 -4.90264 2
3.39071 -5.20265 2
3.96309 -5.41102 2
3.83038 -5.44538 2
2.32458 -5.37632 2
3.03462 -5.16691 2
3.5827 -5.31965 2
3.91012 -5.30778 2
3.04755 -5.33164 2
3.56713 -5.26754 2
2.92893 -5.06074 2
3.62298 -5.11305 2
3.13436 -5.11001 2
3.31467 -5.55319 2
2.88552 -4.83041 2
3.23607 -5.22311 2
3.1319 -5.13743 2
3.96174 -5.31364 2
2.96698 -5.33799 2
2.37434 -5.08973 2
3.10862 -5.20344 2
2.6748 -5.24424 2
3.48488 -5.44777 2
3.79175 -5.30965 2
3.43155 -5.4317 2
3.10177 -5.16419 2
3.7015 -5.12006 2
4.68654 -5.59297 2
2.86085 -5.41401 2
3.19631 -5.30877 2
3.14088 -5.47375 2
2.57758 -5.16408 2
3.36939 -5.37553 2
3.15427 -4.93501 2
3.4669 -5.30755 2
2.54111 -4.96688 2
3.22481 -5.39444 2
3.23402 -5.08627 2
2.97104 -5.37348 2
3.44128 -5.1179 2
2.50512 -5.25604 2
1.90334 -4.9503 2
4.19639 -5.1218 2
2.41324 -5.18238 2
3.65491 -5.36459 2
2.7889 -5.06314 2
3.86537 -5.18701 2
3.28818 -4.85755 2
2.93071 -5.03215 2
3.55842 -4.97335 2
3.64937 -5.60279 2
3.28894 -5.10895 2
3.42742 -4.9832 2
2.30309 -5.13847 2
2.73428 -5.38525 2
3.38787 -4.92088 2
3.28384 -5.06393 2
3.08932 -5.07313 2
2.73677 -5.35719 2
3.49617 -5.42173 2
3.4568 -4.9849 2
3.00714 -4.90651 2
2.89163 -5.24653 2
2.80497 -5.17114 2
3.45557 -5.05008 2
3.35553 -5.44694 2
4.18033 -5.49447 2
3.12194 -5.23706 2
3.50065 -5.29432 2
3.01838 -4.82398 2
3.161 -4.88922 2
3.02466 -5.48098 2
3.7379 -5.26091 2
3.35594 -5.54591 2
3.63817 -5.28646 2
3.55582 -5.12791 2
3.36912 -5.5523 2
3.77586 -5.05798 2
3.51586 -4.96569 2
3.71947 -5.16968 2
2.60451 -5.15312 2
3.53595 -5.4976 2
3.50359 -5.23888 2
3.28968 -5.68557 2
4.11029 -5.37259 2
3.94313 -5.43523 2
2.78951 -5.567 2
2.69306 -5.12352 2
2.96204 -5.39068 2
2.38468 -5.03592 2
2.64078 -5.1068 2
2.91531 -5.00453 2
3.24928 -5.2965 2
2.51662 -4.82151 2
3.67533 -4.95153 2
3.31796 -5.1729 2
4.38373 -5.48803 2
3.16876 -4.84408 2
3.07692 -4.98245 2
2.52928 -5.20448 2
3.66947 -4.99206 2
3.64101 -5.60911 2
3.39092 -5.38008 2
3.07866 -5.4056 2
2.69514 -4.98631 2
3.22967 -5.18329 2
3.23846 -5.1566 2
2.62053 -5.17192 2
4.10518 -5.1474 2
2.97342 -5.19181 2
3.04323 -5.34637 2
2.98376 -5.33853 2
3.59587 -5.05952 2
3.21411 -5.087 2
2.18463 -5.2954 2
3.14473 -4.81098 2
3.01924 -5.10869 2
3.06625 -5.38318 2
2.82115 -5.15846 2
3.29359 -5.15113 2
3.35603 -5.08003 2
3.73377 -5.26213 2
2.22397 -4.96859 2
3.25715 -5.21714 2
3.21092 -5.12469 2
2.48163 -5.45808 2
3.21897 -5.37475 2
3.74852 -5.14676 2
3.09687 -4.87492 2
3.27588 -5.44326 2
3.77549 -5.22454 2
2.6586 -4.93266 2
3.03386 -5.44023 2
4.04516 -5.3541 2
2.9418 -4.9012 2
2.65442 -4.99373 2
3.23626 -5.04689 2
3.1828 -5.19701 2
3.36671 -5.09952 2
4.43994 -5.40658 2
3.03946 -5.05619 2
3.40019 -4.97175 2
3.94127 -5.38091 2
3.34326 -5.21322 2
3.28448 -5.30278 2
3.46771 -5.56424 2
3.39049 -5.26848 2
3.37601 -5.24265 2
2.47434 -5.00956 2
3.40759 -5.35881 2
3.12294 -5.32067 2
2.6193 -5.40827 2
2.73963 -4.98211 2
3.63019 -5.10143 2
2.65281 -5.01796 2
2.5833 -5.40416 2
2.84757 -5.02934 2
3.01816 -5.35553 2
3.2485 -5.3111 2
2.62575 -4.97822 2
3.29679 -5.31986 2
2.55213 -5.16125 2
3.49742 -5.06596 2
3.22793 -5.20705 2
3.45047 -5.45732 2
3.94399 -5.12413 2
2.39565 -4.89705 2
3.37277 -5.07847 2
3.31394 -5.01165 2
3.4573 -4.98901 2
4.08964 -5.61684 2
2.98526 -4.93772 2
3.68512 -5.06914 2
3.55736 -5.45543 2
3.23967 -5.32231 2
2.30487 -5.0769 2
2.88152 -5.14486 2
2.39285 -4.88181 2
3.89602 -5.33213 2
3.08553 -5.16085 2
3.10269 -5.15444 2
4.37822 -5.38265 2
3.44824 -5.31972 2
3.67021 -5.66129 2
3.52755 -5.37666 2
2.08377 -4.86575 2
3.20817 -5.12594 2
3.41981 -5.1101 2
2.80732 -4.94601 2
3.31726 -5.32994 2
2.01939 -4.54018 2
1.86053 -4.97299 2
3.54331 -5.22671 2
3.58626 -4.75149 2
3.04907 -5.23975 2
2.26532 -4.97705 2
2.74998 -4.72808 2
2.25009 -5.08616 2
2.60004 -5.02819 2
2.95996 -5.25599 2
3.02398 -4.95725 2
3.01736 -5.13779 2
3.50556 -5.27676 2
2.14643 -5.08411 2
3.05028 -5.0704 2
2.76982 -5.29535 2
3.51535 -5.57912 2
3.11342 -5.20441 2
3.38319 -5.06602 2
3.2384 -5.19034 2
3.72864 -5.38207 2
3.20811 -5.4272 2
3.07501 -5.5457 2
3.50955 -5.18344 2
3.45006 -5.12092 2
3.47609 -5.24565 2
2.70253 -4.93596 2
2.92496 -5.50442 2
2.95667 -5.09727 2
3.18307 -5.26997 2
3.106 -5.14056 2
3.24215 -5.10049 2
3.71428 -5.21644 2
2.96767 -5.50803 2
2.84648 -4.5524 2
3.09779 -5.09997 2
2.17872 -4.99135 2
2.46611 -5.39137 2
3.06434 -5.23654 2
3.38511 -4.91055 2
3.80721 -5.18313 2
3.48206 -4.97686 2
3.13802 -5.29828 2
2.82965 -4.99446 2
4.15443 -5.20754 2
2.23168 -4.82073 2
3.55205 -5.35421 2
3.22014 -5.45045 2
2.94558 -5.21347 2
3.6376 -5.31496 2
3.18844 -5.49479 2
2.86157 -4.98233 2
2.8349 -4.79894 2
3.24575 -4.87343 2
3.95078 -5.1361 2
2.81748 -5.32985 2
2.62753 -5.14306 2
2.41788 -4.86844 2
3.28245 -5.3265 2
2.45602 -5.01973 2
3.63429 -5.3574 2
4.37084 -5.20474 2
3.26688 -4.76545 2
2.37809 -5.22964 2
3.67762 -5.61648 2
2.68676 -5.04115 2
3.58883 -5.14982 2
3.80014 -5.20031 2
2.80174 -5.03693 2
3.25367 -5.00117 2
3.07058 -5.35765 2
2.98751 -5.27206 2
3.02363 -5.29829 2
2.89245 -5.77347 2
2.2223 -5.29337 2
3.40713 -5.39723 2
4.31036 -5.17648 2
4.14451 -5.30954 2
3.21531 -5.40366 2
3.03308 -5.11906 2
3.46694 -5.09752 2
3.06785 -4.79982 2
3.42839 -5.22812 2
3.27221 -5.07958 2
3.21255 -5.31265 2
3.21415 -5.18227 2
3.19938 -5.08387 2
3.24836 -4.79092 2
3.07536 -5.42938 2
2.46467 -4.52414 2
3.31395 -5.14725 2
3.17677 -5.2481 2
3.40315 -5.46195 2
2.58614 -5.18611 2
3.08466 -4.9401 2
3.1908 -5.09794 2
2.49166 -4.99568 2
3.34314 -5.17522 2
2.97263 -4.84855 2
3.71405 -5.53323 2
3.70223 -4.88789 2
3.18521 -5.07342 2
3.26298 -5.07079 2
3.19891 -5.06549 2
2.91582 -5.17814 2
3.58095 -5.15719 2
2.64541 -5.28923 2
2.48608 -5.02153 2
3.48424 -5.31715 2
3.94937 -5.33673 2
2.58024 -5.05383 2
2.79002 -4.9962 2
2.66948 -4.92902 2
2.99417 -5.20704 2
3.01147 -5.19231 2
3.88157 -5.41443 2
3.95477 -5.82614 2
3.82573 -5.58374 2
3.29747 -5.38336 2
3.64987 -5.2931 2
2.72001 -4.9942 2
2.6237 -9.46767 3
2.23365 -10.472 3
1.84731 -9.97569 3
2.09608 -9.43628 3
2.77661 -8.61147 3
1.94328 -10.3699 3
1.28873 -9.77907 3
1.72501 -9.76767 3
2.20589 -10.4629 3
1.67411 -9.02204 3
0.626953 -10.6479 3
2.52711 -9.02246 3
2.45783 -9.07696 3
1.1264 -9.23424 3
2.11548 -8.45332 3
2.78455 -8.07477 3
1.90403 -8.46044 3
3.19056 -9.29732 3
1.48655 -9.72477 3
2.64943 -7.89361 3
1.79651 -9.70763 3
1.18708 -9.64696 3
2.48456 -8.97946 3
2.16162 -9.56375 3
1.6865 -8.24519 3
2.22615 -10.1474 3
2.73428 -7.50894 3
1.63382 -9.69076 3
2.13429 -9.03553 3
2.24275 -8.66569 3
2.44471 -9.4971 3
2.57334 -8.8374 3
0.149335 -11.2143 3
2.16049 -7.9939 3
0.84421 -10.0241 3
2.76092 -8.46426 3
1.59601 -8.9045 3
1.67573 -9.8366 3
2.14958 -9.76001 3
1.98614 -8.83525 3
1.93007 -8.88086 3
1.87913 -10.3383 3
2.27177 -8.77647 3
1.83847 -8.98037 3
2.67747 -8.26633 3
3.39515 -8.17465 3
1.915 -10.7142 3
1.79309 -10.4473 3
2.26106 -9.40898 3
2.89751 -7.32805 3
1.93687 -9.49175 3
2.18997 -9.8136 3
2.52825 -9.21077 3
1.99388 -9.3412 3
1.63458 -10.2681 3
2.64073 -8.50756 3
2.1236 -9.70025 3
1.67635 -9.00289 3
0.725796 -11.0188 3
2.4448 -7.57105 3
1.26194 -9.22598 3
1.30773 -9.80023 3
1.90156 -10.2064 3
1.87857 -9.22795 3
1.8296 -10.007 3
2.00811 -9.22747 3
0.899049 -10.9002 3
2.18189 -8.76082 3
2.64643 -7.81322 3
3.07018 -8.06033 3
2.46052 -9.26875 3
2.10667 -8.8316 3
1.17437 -11.0083 3
2.79646 -8.85837 3
1.64732 -9.89064 3
2.04204 -9.29856 3
1.58435 -9.46421 3
0.708375 -11.0262 3
2.23527 -9.57618 3
1.46542 -9.44245 3
2.34696 -8.94316 3
1.62134 -8.64476 3
1.62894 -9.4947 3
1.75155 -9.9306 3
2.88727 -10.043 3
2.16736 -8.0262 3
2.23434 -10.3496 3
1.18484 -10.2383 3
2.21309 -9.85049 3
1.94024 -9.05888 3
3.04087 -9.31776 3
1.27625 -9.66766 3
1.75523 -9.81374 3
1.8713 -10.2751 3
2.26709 -9.55129 3
3.0303 -7.99168 3
2.62715 -8.53323 3
2.14219 -9.47326 3
2.34189 -9.62828 3
2.01475 -9.92497 3
1.59462 -9.68498 3
0.922113 -10.4433 3
2.43822 -9.29235 3
2.08587 -8.14109 3
3.05963 -8.98573 3
1.92369 -8.31113 3
1.99239 -9.70151 3
1.38052 -9.62197 3
1.30492 -10.2232 3
2.41661 -8.91648 3
1.39479 -9.95367 3
2.27338 -9.16203 3
1.43037 -9.40238 3
3.24106 -8.29439 3
1.56449 -8.84882 3
2.32712 -8.5592 3
2.71144 -8.97031 3
2.53997 -8.07648 3
1.88942 -8.32511 3
2.91003 -8.87613 3
0.843275 -10.1657 3
1.59358 -9.83463 3
3.0252 -8.31135 3
2.31783 -9.45273 3
3.47561 -7.56746 3
1.52006 -9.48918 3
2.49156 -8.86785 3
0.594637 -11.1856 3
2.89737 -9.4103 3
1.09762 -10.4565 3
2.39932 -9.07312 3
0.947518 -10.7044 3
3.36504 -7.41549 3
2.3593 -8.41003 3
1.5939 -9.7854 3
2.1119 -8.26214 3
1.54315 -10.8731 3
1.8787 -9.31571 3
1.51663 -11.3978 3
1.89249 -9.57632 3
1.035 -9.53392 3
1.71783 -9.65861 3
2.62599 -9.88593 3
3.5927 -9.15043 3
0.274498 -11.012 3
2.0277 -9.14685 3
1.84178 -8.10605 3
0.881294 -10.7038 3
2.66205 -7.65042 3
2.36202 -9.36238 3
1.93243 -9.87037 3
3.02001 -7.11191 3
2.17522 -9.03111 3
1.36904 -11.3814 3
1.97803 -9.75718 3
1.89905 -8.79448 3
1.49054 -9.10735 3
1.69257 -9.68504 3
3.02014 -8.30987 3
2.03822 -8.76206 3
1.56014 -10.284 3
1.5096 -9.56419 3
2.27809 -9.71202 3
2.09949 -8.77527 3
2.27545 -9.34292 3
2.56499 -8.87417 3
1.36272 -9.5604 3
1.9954 -9.95185 3
2.15093 -9.13747 3
1.91516 -9.75216 3
1.5898 -8.84713 3
1.83483 -8.50751 3
1.66149 -8.38231 3
1.86201 -10.2208 3
1.22247 -10.0439 3
2.96886 -7.64126 3
2.26961 -8.21362 3
2.59001 -8.18857 3
1.69695 -10.7367 3
2.80461 -8.19667 3
2.16624 -9.07596 3
2.08365 -10.1501 3
1.72878 -9.6956 3
2.549 -8.92242 3
2.0074 -8.84462 3
3.0012 -8.04994 3
1.93798 -9.78363 3
2.3299 -7.26043 3
2.38803 -8.47205 3
1.8316 -9.98173 3
1.47465 -10.6666 3
2.95303 -7.77003 3
1.77528 -8.89849 3
2.60156 -8.82189 3
2.07004 -8.63746 3
1.98755 -9.96411 3
1.8898 -7.90086 3
2.46915 -10.4795 3
2.35815 -8.9895 3
1.91933 -11.0079 3
1.83714 -8.83166 3
2.11937 -8.83366 3
3.20708 -7.67528 3
2.70448 -8.36057 3
2.02514 -9.34467 3
3.03399 -8.16004 3
2.71208 -8.01656 3
2.47009 -8.98446 3
2.56013 -9.54831 3
2.16966 -9.32669 3
2.0971 -9.87089 3
2.54475 -9.30679 3
1.0312 -10.4182 3
2.76881 -9.01153 3
2.18514 -9.21356 3
2.84421 -8.23547 3
1.99052 -9.41917 3
1.5404 -9.34525 3
2.06261 -9.63082 3
1.12853 -10.985 3
1.39254 -9.6756 3
2.77457 -8.0529 3
1.2579 -10.1732 3
1.62257 -9.34333 3
1.78369 -9.28078 3
1.65301 -10.0868 3
2.49113 -8.63369 3
1.4188 -10.2026 3
2.2413 -8.15276 3
1.51426 -10.2775 3
3.36917 -7.73307 3
1.00647 -10.2741 3
0.895958 -10.5877 3
1.84397 -9.83506 3
1.45515 -10.6604 3
1.8895 -10.3793 3
1.25625 -9.42486 3
2.12555 -9.82195 3
1.57697 -9.41877 3
1.74314 -8.5053 3
1.79865 -10.2691 3
2.88819 -8.46838 3
2.09202 -8.93232 3
1.74133 -9.12167 3
2.37875 -8.04223 3
1.00632 -10.2951 3
1.13137 -9.35542 3
0.650402 -10.9879 3
1.24772 -8.83175 3
1.57244 -9.58021 3
2.65911 -9.15323 3
1.73334 -9.36681 3
1.83611 -10.1473 3
2.10611 -9.25822 3
2.03329 -7.84133 3
3.058 -8.63708 3
2.01868 -9.1696 3
1.34429 -10.3948 3
1.47003 -9.78748 3
1.21108 -10.5416 3
1.83817 -9.75234 3
2.83288 -8.22844 3
1.77373 -8.95698 3
2.12265 -8.85312 3
1.79084 -10.0111 3
2.14732 -8.61204 3
1.77473 -10.3876 3
1.2972 -10.1384 3
2.17215 -8.78399 3
1.25641 -10.417 3
2.31012 -8.71204 3
2.08416 -8.62962 3
2.32998 -8.566 3
1.11397 -9.17629 3
2.59134 -9.04968 3
1.17586 -10.5356 3
1.92239 -10.1398 3
3.246 -7.2732 3
2.61899 -9.98218 3
1.71991 -9.60584 3
2.35029 -9.79007 3
2.52295 -9.00246 3
2.62391 -7.88695 3
1.6896 -9.18462 3
1.10222 -8.55299 3
1.71511 -9.42843 3
2.26206 -8.798 3
1.57662 -8.5521 3
1.84257 -9.1793 3
2.2102 -8.97002 3
2.31627 -8.87912 3
1.4278 -10.4309 3
1.59924 -10.188 3
2.11641 -7.77945 3
1.12023 -9.55388 3
2.67769 -9.47112 3
1.7083 -9.29868 3
1.77042 -9.38241 3
2.49856 -9.44237 3
2.24289 -7.82518 3
2.34991 -9.30585 3
2.99555 -9.63599 3
1.76208 -8.97746 3
2.40512 -9.69596 3
2.7582 -8.47384 3
1.23227 -10.5064 3
2.2902 -8.26117 3
2.0367 -10.2364 3
2.49456 -9.11327 3
1.31994 -9.55667 3
2.21727 -8.72829 3
1.53255 -10.2441 3
2.99076 -8.15728 3
2.1357 -9.36485 3
2.73928 -8.29738 3
1.41925 -9.71198 3
2.26843 -8.93118 3
2.49514 -9.42173 3
1.57045 -8.01946 3
1.72024 -8.46538 3
2.77268 -8.65086 3
1.79435 -9.57052 3
2.16294 -9.29647 3
2.38997 -8.7262 3
1.23311 -9.45517 3
2.27343 -8.76422 3
2.13353 -8.40806 3
2.77448 -8.38329 3
1.87401 -8.69685 3
3.31821 -7.83375 3
1.40281 -10.0473 3
1.13831 -10.0031 3
1.17408 -10.5554 3
1.72774 -9.70722 3
0.844458 -10.0368 3
1.9096 -9.39403 3
2.4755 -9.46227 3
1.49545 -9.95784 3
2.82088 -9.42253 3
2.12473 -8.09177 3
1.90402 -8.93536 3
2.56273 -9.36599 3
1.90983 -9.10912 3
2.41296 -8.71965 3
1.44477 -10.2688 3
2.12532 -10.0879 3
1.90794 -9.82211 3
2.59591 -8.57555 3
1.80185 -9.41745 3
2.27338 -9.75321 3
2.09899 -8.23681 3
1.99916 -8.82762 3
2.03628 -9.28228 3
2.12634 -10.1038 3
1.84665 -10.2838 3
1.91301 -9.20207 3
1.96066 -9.6342 3
1.53347 -10.4775 3
2.53501 -8.36757 3
1.39943 -10.9237 3
1.45833 -9.90034 3
0.893669 -10.7018 3
2.39148 -9.51047 3
2.28687 -9.46923 3
3.12743 -8.17129 3
1.05851 -10.443 3
2.51376 -8.94875 3
1.09962 -9.6424 3
2.55631 -8.5702 3
2.21012 -9.19681 3
2.11517 -8.60188 3
2.16848 -8.87383 3
1.75721 -8.59964 3
2.23021 -9.45551 3
1.35402 -9.07698 3
2.14329 -8.42279 3
0.960785 -9.23203 3
1.17804 -8.57858 3
2.17525 -8.69592 3
1.6382 -9.79407 3
1.92992 -9.65721 3
2.07042 -9.76213 3
2.46514 -9.0468 3
1.31498 -10.5787 3
2.09423 -9.03511 3
1.55015 -8.45786 3
2.92988 -8.23823 3
1.69023 -8.33514 3
0.705077 -9.87585 3
1.92467 -9.29855 3
2.17546 -8.90318 3
1.4628 -9.69537 3
2.08255 -9.07372 3
0.55289 -10.6296 3
1.83784 -9.11277 3
2.20894 -8.50066 3
0.701139 -11.3081 3
2.32558 -8.3726 3
1.68973 -10.5164 3
1.82089 -9.28339 3
3.12152 -8.149 3
1.99919 -10.372 3
1.81279 -9.087 3
1.28694 -10.4145 3
1.9134 -9.8025 3
2.40524 -8.11216 3
2.04746 -10.7858 3
1.55645 -9.53356 3
2.46928 -8.69068 3
1.6582 -8.92026 3
2.43398 -9.3991 3
2.38757 -9.11852 3
0.932416 -10.3659 3
1.99876 -8.57435 3
2.71696 -8.86016 3
3.51074 -8.28102 3
1.71895 -8.56323 3
1.41162 -8.64465 3
1.18463 -9.59083 3
3.05256 -9.51027 3
1.3499 -10.6253 3
3.02038 -8.94559 3
1.68305 -8.80473 3
1.80462 -9.83337 3
2.0909 -9.5169 3
1.79618 -8.72113 3
2.77999 -8.37494 3
0.958361 -10.606 3
1.90374 -10.0406 3
1.99735 -8.58097 3
0.538113 -10.3895 3
0.88071 -9.40643 3
1.94988 -9.50427 3
1.77828 -9.8098 3
1.78633 -9.35454 3
1.01258 -11.6324 3
1.48804 -10.9145 3
1.15539 -9.51391 3
1.16571 -10.7561 3
3.29485 -8.82886 3
2.00838 -8.8994 3
2.17284 -9.86719 3
1.54917 -9.55322 3
2.59311 -8.538 3
2.23213 -9.00254 3
2.47256 -8.10411 3
2.68858 -8.51284 3
1.17428 -9.69527 3
1.58062 -11.1136 3
2.52789 -8.40901 3
0.795331 -10.6268 3
1.94922 -9.19616 3
2.5701 -9.21251 3
1.3687 -9.52953 3
1.62839 -8.58186 3
1.2099 -10.6043 3
2.93938 -8.116 3
2.50016 -8.53946 3
1.005 -10.2037 3
2.08185 -8.82897 3
1.53516 -9.02416 3
0.279781 -11.2849 3
1.96509 -8.69147 3
2.19638 -8.99183 3
2.56944 -8.04049 3
2.96276 -6.9047 3
1.5084 -8.41865 3
0.882608 -10.1071 3
3.3261 -7.92462 3
2.40334 -10.0745 3
3.35352 -7.06548 3
1.36541 -10.3164 3
2.90107 -9.19284 3
2.41034 -8.99081 3
0.951777 -10.8727 3
1.95879 -9.32168 3
1.5024 -10.3206 3
1.96464 -9.30323 3
1.52478 -9.80571 3
1.17785 -10.7407 3
1.74465 -9.08052 3
0.954518 -10.2729 3
1.97875 -9.4218 3
1.96636 -8.58828 3
2.47981 -8.03738 3
2.6113 -9.82923 3
0.558461 -9.60179 3
1.16011 -10.7707 3
1.55896 -9.28007 3
1.1049 -9.8678 3
2.21031 -9.65352 3
0.727559 -11.5907 3
2.26579 -9.13186 3
1.03363 -10.3719 3
0.490262 -10.3482 3
1.87805 -9.6306 3
1.81816 -10.2082 3
1.73117 -9.0346 3
1.32995 -9.81925 3
1.28431 -9.18781 3
1.44964 -9.67694 3
1.84162 -8.96544 3
3.09715 -8.80482 3
0.793195 -10.03 3
2.29428 -8.80878 3
1.80782 -9.27171 3
2.62915 -8.60146 3
1.10277 -10.8319 3
2.29981 -8.24269 3
1.96462 -9.26172 3
2.36519 -9.45696 3
1.45656 -9.0144 3
0.998139 -9.95743 3
5.84985 10.4488 4
6.8068 9.89808 4
6.33904 8.9355 4
5.97454 10.0316 4
6.95085 10.315 4
5.42588 9.44255 4
5.99032 9.42287 4
7.31655 10.6386 4
4.97193 8.99994 4
6.22104 8.7959 4
5.69336 10.494 4
7.36915 10.9701 4
6.47162 9.27478 4
6.45003 9.92248 4
5.57533 10.7341 4
5.70487 9.86712 4
6.03558 10.5333 4
4.96302 10.2605 4
5.30195 9.48189 4
6.37802 10.3387 4
7.0149 9.78904 4
6.56699 8.26549 4
5.08438 9.41409 4
6.91368 9.17708 4
6.20665 10.5529 4
6.89501 9.64082 4
5.69792 9.96951 4
5.58604 8.56419 4
6.42978 10.3042 4
5.85181 9.12927 4
7.02375 9.50992 4
5.90327 9.1471 4
6.28509 8.75493 4
5.12712 9.52979 4
5.21954 9.68456 4
5.21628 9.79613 4
6.13163 10.0897 4
6.12555 9.85221 4
6.34219 10.8848 4
6.91577 11.7118 4
5.30038 10.728 4
6.35973 11.1107 4
6.59181 8.96179 4
6.66186 9.32819 4
6.68525 10.2034 4
4.49492 9.69997 4
5.88869 9.31975 4
6.10183 9.96367 4
5.03324 8.98994 4
6.02386 11.4268 4
4.73675 9.18851 4
6.06688 9.65591 4
5.62166 10.3755 4
9.46676 -8.11546 5
9.23266 -10.6634 5
9.61573 -7.97161 5
8.52033 -2.22635 5
9.53679 -12.1468 5
7.79619 -10.8035 5
9.24798 -7.8495 5
8.70608 -6.44909 5
8.4641 -7.75476 5
7.86016 -1.82993 5
8.18297 -10.3501 5
10.2615 -7.98068 5
9.413 -3.8127 5
7.0716 -11.0865 5
9.37677 -5.43595 5
7.01116 -6.12585 5
9.26348 -3.88669 5
9.83266 -10.2867 5
9.22533 -14.0122 5
8.11995 -8.01335 5
8.05314 -0.417299 5
9.31568 -4.02944 5
8.24922 -5.52766 5
8.36784 -6.80203 5
9.34369 -5.72833 5
9.57467 -12.0356 5
9.64645 -5.05089 5
8.6218 -13.648 5
9.68117 -9.5732 5
9.39293 -6.03773 5
8.14458 -3.58481 5
9.34404 0.204609 5
10.3023 -8.82559 5
10.3769 -6.853 5
9.94986 -6.49541 5
7.73764 -3.55035 5
9.20559 -9.04079 5
7.64479 -11.5366 5
8.00673 -8.11192 5
10.1772 -11.2306 5
7.62405 -0.868886 5
9.62752 -11.4343 5
8.06716 -8.61623 5
10.671 -3.73508 5
9.31422 -3.39394 5
8.80544 -4.25195 5
8.2834 -10.8992 5
8.2016 -9.6504 5
9.03409 -4.75765 5
8.58327 -3.98695 5
9.93809 -7.81924 5
8.86603 -8.71703 5
8.93272 -4.26804 5
8.62728 -5.56998 5
8.89899 -15.9487 5
9.87288 -4.81633 5
9.49562 -5.08193 5
7.99524 0.937958 5
9.27653 -8.8916 5
10.5984 -8.43266 5
9.21345 -9.4584 5
7.79519 -9.34294 5
9.38411 -8.69191 5
8.64653 -10.8521 5
10.6568 -7.36506 5
10.2522 -10.8517 5
8.70839 -9.73416 5
8.33764 -8.64272 5
9.82401 -5.29408 5
9.66368 -5.01449 5
9.89908 -11.0472 5
8.43194 -6.56218 5
9.03032 -6.86303 5
9.7513 -7.50018 5
9.2843 -8.67044 5
8.73648 -8.6103 5
7.56743 -10.6475 5
9.51413 -13.6425 5
9.13477 -4.02994 5
10.6028 -3.97302 5
9.06135 -10.0685 5
9.01809 -6.50345 5
9.87809 -11.3612 5
9.73116 -2.68656 5
10.2469 -6.84685 5
10.2643 -6.17348 5
10.1551 -5.32288 5
8.81833 -2.07421 5
8.24882 -5.52804 5
9.82863 -5.86713 5
7.65485 -10.304 5
10.0394 -7.7742 5
9.50423 -8.00768 5
8.10615 -3.86008 5
9.72857 -6.29136 5
8.68769 -9.20908 5
10.2415 -5.55735 5
10.4993 -7.24875 5
9.27849 -6.22301 5
8.25952 -11.4153 5
8.54332 -1.15906 5
10.0227 -6.72134 5
9.97076 -12.0032 5
9.22627 -10.9633 5
10.4341 -14.2243 5
9.65068 -4.88885 5
9.18494 -11.4922 5
8.58074 -4.45062 5
8.61913 -3.8616 5
9.65787 -8.49479 5
8.46092 -12.5988 5
7.20559 -7.42741 5
8.64315 -5.57581 5
9.68146 -3.8488 5
9.13871 -6.06533 5
7.62876 -2.72843 5
7.71039 -10.4652 5
8.59934 -5.10051 5
10.116 -8.6099 5
9.95301 -9.76419 5
9.9411 -8.30339 5
8.37551 -7.44115 5
9.40409 -11.7287 5
9.51232 -16.6 5
9.63195 -13.2485 5
10.7416 -11.329 5
9.66041 -8.58612 5
9.18274 -3.75772 5
9.30804 -11.9471 5
8.28488 -4.69542 5
8.02124 -11.1135 5
7.2265 -7.24234 5
8.80165 -7.57745 5
10.0502 -10.4666 5
8.00306 -5.11602 5
7.53727 -13.5908 5
9.7742 -8.63211 5
8.55422 -9.58204 5
8.76558 -9.94801 5
9.16556 -9.44124 5
9.88757 -7.40652 5
10.592 -6.87598 5
10.5497 -8.15165 5
8.00578 -10.8996 5
10.5205 -6.69057 5
9.09427 -5.93597 5
9.43764 -15.2709 5
8.42931 -11.1231 5
9.30963 -7.30112 5
7.12815 -1.3315 5
10.2755 -7.81569 5
9.78417 -13.0605 5
8.44656 -3.83885 5
9.31079 -1.84553 5
9.34778 -7.86193 5
8.79586 -5.12847 5
7.97465 -0.322093 5
9.02397 -14.0938 5
8.84245 -10.5129 5
8.69154 -5.11086 5
7.61085 -6.49737 5
9.0309 -2.30349 5
9.05461 -13.3844 5
10.2474 -5.07548 5
9.86436 -9.58033 5
9.4806 -7.03177 5
10.4796 -13.5128 5
8.43782 -11.3109 5
9.19464 -8.3649 5
7.76045 -11.6925 5
8.82217 -4.35075 5
9.83137 -4.10568 5
9.33335 -15.6624 5
10.4938 -5.8431 5
9.42355 -8.33521 5
8.89004 -7.31701 5
7.24104 -7.64685 5
8.95802 -9.25836 5
9.36874 -4.18474 5
9.25455 -6.06171 5
9.17826 -9.01331 5
9.31123 -11.4227 5
9.39357 -5.05955 5
8.74303 -6.49519 5
8.95608 3.48398 5
8.89933 -4.35637 5
7.14478 -6.64476 5
8.44251 -7.11467 5
7.71969 -6.61302 5
10.6759 -4.61018 5
9.78889 -6.31527 5
8.44372 -11.5782 5
7.96612 -4.42929 5
9.06317 -7.10703 5
9.05286 -3.66195 5
8.90311 -4.90288 5
10.1627 -5.049 5
9.3361 -6.58159 5
9.32045 -4.57566 5
8.9726 -6.49694 5
8.58687 -5.59937 5
8.48837 -8.72089 5
10.1853 -6.97114 5
7.03849 -9.11822 5
9.5652 -0.194979 5
9.14996 -11.1323 5
9.83436 -14.5803 5
8.76696 -11.1112 5
9.97914 -7.80619 5
8.56666 -9.15329 5
9.20198 -5.8749 5
9.28879 -9.51169 5
8.13574 -6.17572 5
7.94108 -9.5052 5
9.66175 2.47937 5
7.02657 -6.2022 5
9.96302 -5.51366 5
9.02993 -7.47694 5
9.41703 -9.96748 5
8.33413 -6.68835 5
9.53358 -7.70935 5
9.90197 -8.3373 5
8.78271 -10.0992 5
7.65046 -10.3085 5
9.06868 -12.6817 5
10.6918 -9.90436 5
8.93401 -9.36208 5
9.87839 -10.0587 5
7.66067 -7.62165 5
8.19999 -8.27468 5
9.14609 -11.8736 5
10.1324 -3.41159 5
9.93914 -10.9094 5
8.72313 -8.07201 5
9.37223 -11.4407 5
10.9901 -8.43058 5
8.62425 -5.10411 5
8.66607 -7.86955 5
9.68368 -11.4 5
10.0901 -5.29421 5
8.95335 -8.00718 5
8.60861 -6.00417 5
9.79794 -11.6374 5
8.56081 -6.99035 5
9.21784 -11.3026 5
9.4122 -16.6289 5
9.00238 -8.83134 5
8.54533 -4.94388 5
9.23008 -8.7915 5
8.38564 -4.54564 5
8.30681 -12.4525 5
10.7044 -6.88092 5
8.65537 -3.36015 5
8.20935 -13.0514 5
8.88726 -10.515 5
9.68288 -10.6611 5
8.64343 -7.11368 5
8.93563 -14.8664 5
9.32209 -11.5084 5
9.07632 -11.6361 5
8.02022 -9.93668 5
9.88896 -8.00008 5
9.91833 -9.59181 5
8.28447 -10.7745 5
8.04663 -5.80386 5
10.3265 -8.49689 5
9.64123 -9.11059 5
11.2342 -7.89049 5
10.1212 -6.33121 5
8.13861 -4.05747 5
9.43854 -8.49016 5
8.41312 -6.38273 5
9.47194 -13.2753 5
8.71105 -6.92043 5
7.0709 -5.05824 5
8.55717 -7.15272 5
9.3422 -5.39028 5
9.05298 -4.929 5
10.3582 -10.5189 5
9.94095 -6.32597 5
9.72884 -5.9547 5
8.37141 -11.0774 5
10.4785 -7.80372 5
9.00673 -6.40609 5
9.11382 -6.95843 5
9.5126 -9.2922 5
8.25076 -11.8007 5
9.61929 -10.3893 5
9.08826 -6.45548 5
10.2509 -13.9831 5
9.37868 -9.25154 5
8.4514 -8.70201 5
10.9339 -7.20446 5
9.54949 -9.72159 5
8.90674 -12.4246 5
9.92551 -7.32032 5
7.95699 -7.81318 5
10.6306 -4.44422 5
9.04984 -7.44197 5
7.90893 -5.32765 5
7.62126 -9.49379 5
8.40488 -8.93178 5
7.95107 -7.24114 5
8.90162 -6.08472 5
9.3347 -9.91404 5
9.0558 -13.5076 5
9.12033 -10.9674 5
8.16241 -4.97146 5
8.91712 -4.15408 5
7.89281 -9.95414 5
8.22008 -8.96376 5
9.83257 -10.1688 5
8.49348 -11.9415 5
10.4023 -9.08064 5
8.0049 -11.5353 5
8.84604 -7.07361 5
11.121 -4.20602 5
9.14492 -4.75563 5
8.73788 -7.33228 5
9.0176 -8.03839 5
9.4179 -2.39127 5
9.63242 -14.6629 5
9.13273 -5.32041 5
7.90304 -3.3107 5
6.08183 -7.17193 5
7.83313 -8.99524 5
9.02576 -12.9914 5
9.17794 -10.7255 5
9.57874 -6.05255 5
10.5495 -7.09562 5
11.1559 -6.32584 5
9.1797 -8.07842 5
8.96023 -7.6961 5
8.47825 -10.2971 5
8.91616 -11.7985 5
8.80702 -8.08559 5
9.05778 -10.7688 5
9.00403 -10.7019 5
9.61432 -7.9541 5
9.67959 -2.71957 5
7.53044 -13.0747 5
8.46633 -10.0883 5
8.6815 -11.6195 5
9.07051 -7.00403 5
9.04132 -7.27959 5
8.37761 -6.23036 5
8.29386 -2.96627 5
8.82335 -5.11027 5
8.04085 -7.59682 5
10.1451 -6.91961 5
10.9363 -12.1448 5
8.76549 -8.36253 5
9.4917 -8.88005 5
10.4836 -13.6408 5
8.9036 -8.21344 5
9.9161 -14.1812 5
7.83001 -7.07915 5
8.74375 -7.18199 5
10.3594 -3.55504 5
10.3412 -15.3258 5
9.6934 -8.05842 5
7.36595 -0.294354 5
9.65408 -8.96909 5
9.00848 -4.73776 5
8.84922 -7.44855 5
10.8073 -3.73738 5
8.69185 -6.71732 5
8.92626 -11.6553 5
8.41438 -11.2095 5
10.3053 -10.5746 5
9.32275 -11.5507 5
8.3429 -9.32023 5
9.21467 -3.48689 5
9.00788 -9.3389 5
9.52139 -10.713 5
9.42001 -6.94748 5
8.32676 -10.2794 5
8.84136 -11.5439 5
9.00532 -10.427 5
8.67648 -12.205 5
9.35556 -8.84576 5
8.98286 -8.05159 5
9.53738 -7.44331 5
8.00787 -7.14513 5
8.75415 -9.49467 5
8.73625 -12.5833 5
9.83367 -5.138 5
8.34874 -6.79178 5
8.31128 -8.74334 5
8.58394 -13.9643 5
11.5325 -4.77618 5
8.62417 -5.35478 5
9.38587 -6.77684 5
9.59883 -5.86309 5
8.86861 -9.13752 5
7.2293 -8.12916 5
8.16527 -4.45657 5
8.22723 -10.5102 5
10.6859 -5.09891 5
8.37791 -11.1173 5
9.23921 -5.17211 5
9.22261 -3.33279 5
10.2851 -10.8179 5
9.24 -6.23414 5
8.40533 -5.15337 5
9.23117 -12.8736 5
9.99596 0.534378 5
8.54449 -1.65415 5
9.46788 -4.52816 5
9.97993 -4.86959 5
9.22975 -7.14358 5
9.56227 -5.47235 5
8.82627 -16.0053 5
8.88436 -7.54339 5
10.3289 -8.15747 5
9.19213 -7.0666 5
8.48652 -5.82585 5
8.49769 -8.59317 5
8.16563 -1.3226 5
9.1672 -7.30753 5
9.63877 -0.0656555 5
9.01267 -2.26876 5
7.63945 -9.66309 5
9.56176 -6.41515 5
9.06784 -2.82789 5
8.63798 -11.1642 5
9.10335 -3.40974 5
8.70512 -10.5149 5
8.28527 -3.85919 5
10.3949 -7.5323 5
8.61487 -12.1351 5
9.5325 -8.88658 5
7.80032 -6.74093 5
9.80663 -0.685443 5
9.88848 -12.1349 5
9.22129 -4.03701 5
8.42616 -5.21438 5
8.93126 -7.64172 5
8.30962 -8.63671 5
9.03488 -15.6298 5
8.33117 -5.85988 5
8.87185 -10.2396 5
7.98213 -2.04867 5
8.08545 -2.91349 5
7.58812 -2.00369 5
8.29324 -6.92799 5
10.3101 -4.91569 5
9.75589 -5.97006 5
10.5542 -8.65359 5
10.554 -8.63011 5
9.1617 -4.70103 5
9.23676 -6.09186 5
9.5845 -6.1789 5
9.23049 -6.93964 5
10.1173 -11.5198 5
9.63928 -7.36277 5
9.97152 -5.7908 5
8.61547 -9.83173 5
9.71012 -4.67309 5
9.02752 -8.60982 5
8.88932 -7.46031 5
8.35373 -7.9718 5
10.5457 -7.65471 5
8.87571 -12.0692 5
-7.86188 -9.22116 6
-9.62725 -6.33038 6
-8.01264 -7.17062 6
-7.51329 -8.12453 6
-9.8493 -7.10247 6
-8.03466 -8.73947 6
-6.67107 -9.19139 6
-7.53114 -9.97868 6
-7.25861 -9.48594 6
-7.20062 -8.8067 6
-8.44641 -9.22342 6
-7.64536 -9.28733 6
-7.36708 -9.10505 6
-8.1687 -9.01089 6
-7.08299 -7.54668 6
-7.62378 -10.1724 6
-7.81632 -9.15249 6
-7.87624 -9.10898 6
-7.272 -8.01612 6
-7.10605 -9.78344 6
-7.03214 -10.6858 6
-8.50233 -6.64181 6
-9.19303 -7.19945 6
-8.80471 -8.76223 6
-8.80037 -6.45815 6
-8.25092 -7.74759 6
-8.18016 -7.38361 6
-8.45636 -9.27843 6
-8.33655 -7.72597 6
-8.71151 -7.1876 6
-8.99783 -8.26603 6
-6.89644 -8.54212 6
-8.56451 -8.86403 6
-7.91734 -9.46532 6
-8.59036 -7.70398 6
-8.3116 -8.62862 6
-8.20659 -8.76922 6
-7.72942 -5.60777 6
-8.40326 -7.2044 6
-8.41579 -7.88524 6
-7.79783 -9.60042 6
-7.85467 -8.77834 6
-8.61118 -8.25596 6
-9.06363 -8.58324 6
-7.56315 -7.2314 6
-7.74515 -10.0578 6
-8.79976 -8.33196 6
-7.53411 -8.88902 6
-6.92297 -9.96968 6
-7.26419 -8.74 6
-8.4713 -7.69796 6
-8.25991 -9.44547 6
-6.86528 -9.47592 6
-8.20834 -7.81547 6
-8.39294 -8.64019 6
-8.19988 -8.37692 6
-8.23449 -10.1474 6
-8.0619 -7.68498 6
-8.65768 -7.61362 6
-7.68952 -8.37447 6
-7.29598 -9.17121 6
-8.72229 -8.78507 6
-7.81051 -7.85672 6
-8.4054 -7.38104 6
-7.57391 -8.79233 6
-8.0764 -7.53438 6
-7.9842 -8.26004 6
-7.12945 -7.45051 6
-8.47701 -8.30937 6
-7.18462 -10.4501 6
-7.15411 -10.1283 6
-6.93523 -9.13782 6
-8.08815 -8.42238 6
-7.21264 -10.0885 6
-7.24197 -11.5107 6
-7.84105 -8.44939 6
-8.65033 -6.93013 6
-8.65547 -9.0031 6
-7.47868 -8.77449 6
-8.1574 -7.70134 6
-7.72098 -7.00505 6
-6.65966 -8.6298 6
-7.72933 -8.78241 6
-7.93864 -9.90418 6
-8.30226 -9.0391 6
-6.86986 -10.4996 6
-7.27068 -10.9824 6
-7.7112 -9.07389 6
-8.7272 -7.70599 6
-8.4321 -8.39087 6
-7.71507 -7.85875 6
-6.13936 -11.2553 6
-8.2551 -9.53809 6
-7.97121 -8.21458 6
-8.12156 -8.09065 6
-7.11599 -8.34913 6
-6.82832 -9.75292 6
-8.93658 -5.55475 6
-8.38098 -9.02089 6
-7.75697 -10.0185 6
-7.82023 -9.10694 6
-8.34036 -9.0121 6
-9.40444 -6.82325 6
-7.75601 -9.86687 6
-7.86795 -7.96732 6
-8.07966 -8.4248 6
-8.09392 -8.27133 6
-8.51978 -7.73749 6
-7.63053 -9.32617 6
-8.78854 -8.14122 6
-7.87689 -8.8231 6
-9.09423 -7.17555 6
-8.75428 -8.05151 6
-7.64422 -8.04067 6
-8.35586 -8.29902 6
-8.07525 -7.5666 6
-7.42103 -9.50365 6
-8.46371 -7.30233 6
-8.25818 -7.77779 6
-8.0279 -6.54771 6
-8.494 -8.99999 6
-7.4328 -9.913 6
-8.22706 -8.29895 6
-7.99753 -8.91852 6
-7.28796 -9.31196 6
-9.01245 -6.71852 6
-8.28106 -8.82759 6
-8.38147 -7.56922 6
-6.68311 -10.7072 6
-8.46303 -7.86939 6
-8.5741 -9.55166 6
-7.93528 -8.98809 6
-10.0543 -8.07365 6
-8.03386 -7.18276 6
-7.64193 -10.4061 6
-8.17382 -8.82706 6
-8.39823 -8.83195 6
-9.28335 -7.37375 6
-8.33816 -7.28483 6
-7.26938 -8.92883 6
-7.3442 -9.46569 6
-7.98464 -7.04723 6
-9.00616 -8.70651 6
-8.04315 -8.36101 6
-7.65371 -9.18997 6
-7.92791 -9.00785 6
-8.03896 -6.81718 6
-7.49842 -8.31986 6
-7.45621 -8.08843 6
-8.60518 -8.04352 6
-8.75516 -7.30888 6
-7.71979 -7.52448 6
-9.76815 -7.28169 6
-8.43049 -8.28177 6
-8.34353 -8.46515 6
-8.10442 -8.31427 6
-7.59102 -10.2972 6
-7.48704 -9.20276 6
-7.96932 -8.14546 6
-7.97639 -9.7213 6
-7.83747 -7.86291 6
-6.83276 -8.9556 6
-8.17937 -8.70026 6
-7.574 -10.2648 6
-8.87804 -7.08956 6
-8.27068 -7.36673 6
-8.23847 -7.81368 6
-8.12884 -10.2523 6
-7.17387 -9.43364 6
-8.30161 -9.90049 6
-8.05417 -9.19385 6
-9.13556 -6.04589 6
-8.41343 -8.20039 6
-7.88161 -10.0635 6
-8.57972 -7.35124 6
-7.31299 -10.8109 6
-9.80283 -7.66249 6
-6.46959 -10.0715 6
-7.91639 -8.78627 6
-7.42043 -7.96089 6
-7.84826 -7.58565 6
-8.66264 -7.51479 6
-9.01816 -8.24176 6
-7.52561 -8.35596 6
-7.71294 -10.0324 6
-8.21214 -8.69405 6
-8.38889 -7.51666 6
-8.62855 -6.71198 6
-7.605 -9.09824 6
-8.62632 -7.92882 6
-8.81678 -9.89605 6
-7.55404 -10.535 6
-7.86235 -7.84425 6
-8.14195 -9.69445 6
-7.81416 -8.67883 6
-9.13862 -7.30851 6
-7.19077 -9.23123 6
-7.18225 -9.97415 6
-7.34714 -10.5903 6
-6.82806 -9.58436 6
-8.65682 -9.31768 6
-7.61567 -9.08156 6
-7.75572 -9.27706 6
-8.12599 -8.55556 6
-8.35065 -8.76397 6
-7.50358 -8.40336 6
-8.14619 -9.53306 6
-7.82302 -8.62843 6
-9.32367 -6.32063 6
-8.56539 -6.54207 6
-8.98562 -6.80912 6
-7.84933 -9.37138 6
-7.88856 -8.74352 6
-8.15791 -7.95645 6
-7.62972 -10.4917 6
-7.78742 -7.92124 6
-7.51904 -8.32788 6
-6.9249 -8.74806 6
-7.89774 -9.28446 6
-8.04438 -7.70669 6
-9.43944 -7.98566 6
-7.4056 -8.83076 6
-8.46762 -8.701 6
-8.86506 -6.87905 6
-7.90354 -8.31517 6
-7.27602 -7.5269 6
-8.56686 -7.82737 6
-8.10789 -7.8228 6
-8.00092 -8.75432 6
-7.95104 -6.88041 6
-7.73969 -9.66018 6
-7.96232 -10.312 6
-8.1808 -7.88739 6
-7.78139 -8.24042 6
-7.47161 -8.42151 6
-8.08583 -9.63232 6
-7.19568 -9.38786 6
-7.06364 -9.60379 6
-8.3189 -8.54041 6
-7.97281 -8.28584 6
-7.47577 -9.15902 6
-7.97734 -8.9967 6
-8.33623 -8.93406 6
-7.24623 -11.0056 6
-8.25196 -7.02813 6
-8.33602 -10.5301 6
-8.32767 -7.00674 6
-8.35181 -7.78891 6
-8.61184 -8.17771 6
-8.5295 -9.08693 6
-7.7113 -8.97323 6
-8.24665 -9.60233 6
-7.50834 -9.20533 6
-8.57239 -8.35887 6
-7.64009 -8.3119 6
-8.63259 -7.80249 6
-7.50312 -8.81722 6
-7.80905 -8.66033 6
-7.94695 -8.67734 6
-8.3359 -8.07764 6
-6.9192 -9.47709 6
-8.67146 -7.52777 6
-8.13676 -8.56426 6
-8.53768 -9.91849 6
-7.69342 -8.35248 6
-9.3195 -7.13128 6
-7.71967 -9.39466 6
-8.70501 -8.20228 6
-6.88888 -9.92344 6
-8.42422 -8.51918 6
-8.25556 -8.7599 6
-7.31982 -9.60323 6
-7.50659 -10.0511 6
-8.21637 -9.42451 6
-7.53996 -9.25696 6
-7.79424 -8.26782 6
-8.33728 -6.89888 6
-8.64581 -7.12253 6
-7.88023 -9.01727 6
-7.07994 -9.26878 6
-7.72559 -9.30432 6
-7.71579 -8.41604 6
-8.06766 -8.32798 6
-8.00762 -9.26926 6
-8.57067 -7.73883 6
-9.49712 -7.26643 6
-8.47155 -7.82942 6
-7.29929 -7.40744 6
-8.26432 -8.36228 6
-8.16886 -9.113 6
-8.76432 -6.77817 6
-7.19726 -9.87597 6
-8.13397 -8.15944 6
-8.72941 -7.49392 6
-8.15277 -7.5139 6
-8.74093 -8.08537 6
-7.74326 -10.3511 6
-8.52968 -7.36443 6
-7.59319 -9.62881 6
-7.95153 -6.88421 6
-7.55706 -8.2595 6
-7.508 -8.85524 6
-8.15758 -8.65989 6
-8.88925 -6.75355 6
-8.91494 -6.72589 6
-8.26598 -7.36642 6
-9.84277 -6.34395 6
-7.41155 -10.22 6
-7.81286 -9.33386 6
-8.05764 -8.06162 6
-7.26418 -9.51051 6
-7.22623 -11.3054 6
-7.95979 -8.89763 6
-7.61151 -8.693 6
-8.76033 -7.67183 6
-8.53527 -7.02195 6
-7.77755 -10.3382 6
-8.45784 -7.71798 6
-6.48152 -8.35127 6
-7.22259 -9.75272 6
-8.7612 -8.88371 6
-8.68705 -7.65399 6
-8.43202 -8.89551 6
-7.71728 -9.45006 6
-8.21978 -9.02383 6
-7.994 -10.4917 6
-7.98132 -9.14321 6
-8.07749 -7.87852 6
-7.47296 -9.79869 6
-7.2202 -7.99711 6
-7.52793 -9.98209 6
-8.88499 -9.18609 6
-8.60683 -7.76566 6
-9.02861 -7.26467 6
-7.75745 -8.85605 6
-8.20301 -6.77859 6
-8.51819 -8.7687 6
-7.79773 -9.18638 6
-8.24559 -8.21398 6
-8.71418 -7.75808 6
-7.46055 -9.50011 6
-9.34939 -7.0123 6
-8.00513 -8.71068 6
-7.98962 -6.64569 6
-8.03915 -9.77299 6
-8.01204 -8.61132 6
-8.46048 -7.17322 6
-6.72812 -9.50615 6
-7.75602 -7.50456 6
-9.31756 -7.56824 6
-8.06919 -8.91212 6
-7.83818 -8.52985 6
-7.22659 -9.0406 6
-7.31306 -10.6414 6
-8.78186 -7.01987 6
-7.72888 -9.71643 6
-7.4129 -8.01559 6
-8.3474 -7.4829 6
-8.21941 -8.84878 6
-8.27291 -6.60677 6
-7.20883 -11.0766 6
-7.91454 -9.32124 6
-8.81969 -7.82579 6
-7.03434 -7.75446 6
-7.33295 -9.03505 6
-8.685 -7.67084 6
-7.30674 -10.1952 6
-8.01188 -9.41869 6
-8.15804 -8.7748 6
-9.11299 -7.26507 6
-8.0877 -8.16385 6
-7.64347 -8.68228 6
-7.66405 -9.4409 6
-7.44815 -9.66688 6
-7.98593 -8.06075 6
-8.16438 -9.842 6
-8.36724 -10.4803 6
-8.13336 -8.92573 6
-8.1192 -9.67037 6
-8.23401 -8.88857 6
-8.46168 -7.65792 6
-6.569 -8.16356 6
-7.32176 -9.51954 6
-6.92732 -9.84079 6
-8.71839 -6.7458 6
-8.24695 -8.63996 6
-8.37614 -9.50119 6
-7.96735 -9.22788 6
-8.54477 -9.03405 6
-7.9728 -9.0354 6
-7.37089 -7.89054 6
-7.68195 -8.38918 6
-8.87513 -7.23584 6
-7.9926 -8.78503 6
-8.12525 -7.67442 6
-7.45924 -9.27278 6
-8.52489 -8.42423 6
-9.27797 -7.43193 6
-7.38985 -9.26061 6
-8.56272 -8.15102 6
-8.16103 -9.68256 6
-8.20609 -9.39659 6
-8.09662 -8.29226 6
-7.48761 -8.40561 6
-7.24395 -10.0909 6
-9.05119 -8.12556 6
-8.29586 -8.79401 6
-7.48445 -7.57234 6
-7.205 -9.63347 6
-8.12115 -9.46983 6
-8.11835 -7.58791 6
-6.89253 -10.0028 6
-8.03118 -8.6477 6
-8.49569 -7.90656 6
-9.70911 -6.86391 6
-8.25528 -7.07533 6
-7.60258 -8.36746 6
-8.59787 -7.60834 6
-8.96705 -8.09459 6
-8.41929 -7.92302 6
-8.94909 -5.97549 6
-8.22331 -7.7469 6
-7.83882 -7.95465 6
-6.83619 -12.0691 6
-7.52287 -8.27566 6
-9.28023 -7.31763 6
-8.14883 -8.04174 6
-7.52991 -9.52502 6
-6.85893 -7.88402 6
-7.14815 -9.41205 6
-8.27462 -9.8768 6
-7.7394 -10.22 6
-8.56953 -9.79055 6
-7.80608 -8.17035 6
-8.42345 -9.03868 6
-6.78452 -9.33719 6
-8.47611 -9.36493 6
-8.24886 -11.0623 6
-8.03948 -8.24407 6
-7.91281 -8.73057 6
-7.85902 -8.2258 6
-7.68545 -10.2041 6
-8.74388 -8.13555 6
-8.08763 -7.10088 6
-7.7144 -8.08126 6
-7.9481 -9.05055 6
-8.12663 -8.21049 6
-7.94888 -7.19753 6
-7.20902 -9.58686 6
-7.37398 -8.59816 6
-8.22225 -8.76599 6
-7.49491 -9.27697 6
-8.61938 -7.64084 6
-8.38292 -7.69851 6
-8.05989 -8.57399 6
-8.99326 -9.33506 6
-8.78077 -7.30131 6
-6.82268 -9.0839 6
-7.84881 -8.99437 6
-8.34391 -6.69801 6
-7.56897 -10.5014 6
-7.00583 -10.5801 6
-7.98841 -9.09918 6
-8.28561 -9.6619 6
-7.40915 -9.70636 6
-7.92049 -8.26637 6
-8.40739 -6.71322 6
-7.97491 -8.48882 6
-7.67119 -8.29151 6
-7.11043 -9.99199 6
-7.27597 -9.446 6
-8.05606 -8.66529 6
-7.83688 -11.673 6
-8.06091 -8.46655 6
-8.35683 -8.67442 6
-8.71721 -7.72061 6
-7.70422 -6.88158 6
-7.52777 -8.25217 6
-8.25491 -7.60109 6
-8.85764 -7.40366 6
-8.20289 -9.51423 6
-8.04361 -7.43003 6
-7.81034 -8.33064 6
-7.74785 -7.98608 6
-7.84493 -9.5818 6
-7.05783 -9.44839 6
-7.83677 -9.49371 6
-8.89495 -6.40118 6
-8.53377 -8.62422 6
-6.74267 -10.4891 6
-8.24947 -11.3454 6
-8.2629 -7.04357 6
-7.51863 -8.41396 6
-7.48977 -7.5138 6
-8.68604 -7.66835 6
-8.19959 -7.81608 6
-6.93479 -8.11024 6
-7.25568 -9.88357 6
-7.79813 -8.70224 6
-8.18064 -6.49615 6
-8.09953 -6.59365 6
-8.84574 -8.39634 6
-7.55484 -8.76226 6
-7.04147 -8.85663 6
-9.09323 -6.50276 6
-6.69855 -11.0468 6
-8.96308 -8.39124 6
-7.70908 -8.87246 6
-9.29603 -5.16373 6
-5.94969 -10.715 6
-7.67921 -9.06678 6
-7.9 -8.09327 6
3.41458 8.9562 7
3.46089 8.35539 7
3.09566 8.0466 7
3.52787 7.40664 7
3.34468 8.58519 7
3.61768 8.03239 7
3.42991 8.95952 7
3.26481 7.05666 7
3.10414 8.64638 7
3.58547 10.335 7
3.38499 8.85989 7
3.54013 8.8031 7
3.31389 8.8804 7
3.4596 8.00069 7
3.31344 6.81033 7
3.13153 7.34461 7
3.74649 9.77272 7
3.4573 7.74177 7
3.24203 5.82416 7
3.21103 9.49184 7
3.47138 9.40286 7
3.40572 7.8542 7
3.77629 8.88394 7
3.33212 8.50771 7
3.34593 10.1311 7
3.66804 8.84768 7
3.38339 7.43478 7
3.39757 9.44207 7
3.68886 10.024 7
3.30899 7.00571 7
3.27781 7.95831 7
3.36132 8.68389 7
3.73392 9.07385 7
3.40571 6.97374 7
3.11328 7.02488 7
3.39276 8.41736 7
3.39166 8.08714 7
3.7659 8.53776 7
3.55881 9.84019 7
3.4126 7.76466 7
3.56808 8.25463 7
3.5587 8.02255 7
3.21231 7.71932 7
3.51037 8.21674 7
3.20842 8.32207 7
3.58686 7.82528 7
3.28743 10.6919 7
3.29608 7.6154 7
3.62054 6.92966 7
3.41019 9.74277 7
3.46566 7.51136 7
3.46217 8.99874 7
3.27078 6.25424 7
3.70485 7.41481 7
3.70581 8.48313 7
3.57247 7.70128 7
3.21843 5.16994 7
3.32807 5.69187 7
3.27881 6.48039 7
3.73281 5.89157 7
3.58289 8.30761 7
3.14053 9.75131 7
3.43157 8.33227 7
3.36039 6.77435 7
3.58259 7.16072 7
3.29333 6.92187 7
2.97568 8.71529 7
3.50052 8.62206 7
3.26602 7.67784 7
3.25424 8.65446 7
3.13324 7.98286 7
3.68203 8.53825 7
3.72324 7.16514 7
3.16962 7.62227 7
3.3304 9.65768 7
3.69487 7.22601 7
3.40528 9.25849 7
3.2859 9.74762 7
3.24064 8.11134 7
3.629 8.63817 7
3.30275 5.95702 7
3.23642 6.73296 7
3.79853 8.59545 7
3.36216 7.80536 7
3.38841 8.78774 7
3.14056 8.08276 7
3.45744 8.11215 7
3.26759 8.58157 7
3.57158 8.1959 7
3.26301 9.50371 7
3.51516 8.21048 7
3.63158 7.67647 7
3.40701 8.46374 7
3.52204 7.57075 7
3.2559 7.22476 7
3.48717 7.24358 7
3.27343 6.52833 7
3.59047 7.59421 7
3.24925 8.37455 7
3.29335 7.56703 7
3.37943 8.67515 7
3.36797 8.7328 7
3.51066 8.4257 7
3.75124 6.97828 7
3.48408 8.12312 7
3.56601 10.1564 7
3.2828 5.84528 7
3.31799 6.97595 7
3.19311 6.6075 7
3.17338 9.09438 7
3.45672 7.76324 7
3.26984 7.34145 7
3.38412 8.90117 7
3.35032 8.57711 7
3.17958 8.33173 7
3.41174 9.08176 7
3.57514 6.19489 7
3.48301 7.60486 7
2.96874 7.49988 7
3.37187 7.61397 7
3.48043 7.20133 7
3.4382 8.97853 7
3.74038 7.00509 7
3.1878 8.17566 7
3.43672 8.12038 7
3.62131 7.21855 7
2.83952 7.7962 7
3.27987 7.64511 7
3.08318 8.72391 7
3.29241 8.31277 7
3.29538 6.34522 7
3.32694 6.70557 7
3.54125 7.76107 7
3.47303 7.09458 7
3.22675 6.9581 7
3.22909 8.39228 7
3.32057 8.06807 7
3.24127 8.39399 7
3.50309 8.61414 7
3.40385 8.70229 7
3.59254 7.72764 7
3.17819 8.40594 7
3.49202 7.74409 7
3.7063 7.06415 7
3.33622 8.01154 7
3.50919 6.89336 7
3.28072 8.11356 7
3.31283 7.73927 7
3.44748 9.15876 7
3.30945 7.92251 7
3.69857 8.70885 7
3.46031 7.78914 7
3.1721 8.58202 7
3.55073 8.21599 7
3.44689 7.57179 7
3.24523 6.97883 7
3.34997 7.89519 7
3.31475 8.30349 7
3.38012 8.43294 7
3.29905 6.64267 7
3.26652 8.16121 7
3.60513 6.15878 7
3.29857 8.22745 7
3.61685 8.01086 7
3.60704 7.50508 7
3.30564 9.69485 7
3.19497 8.407 7
3.3032 7.06346 7
3.496 9.38258 7
3.57234 7.39886 7
3.54826 8.5407 7
3.05685 8.57402 7
3.46236 7.98091 7
3.30691 8.01077 7
3.56548 8.82304 7
3.53229 7.81813 7
3.29289 7.95649 7
3.41485 7.65995 7
3.24709 6.73475 7
3.47374 8.28531 7
3.25856 9.29406 7
3.95507 10.0573 7
3.33732 8.64125 7
3.58837 7.53585 7
3.18172 8.81461 7
3.30964 9.42066 7
3.56528 7.10487 7
3.34338 8.19288 7
3.41728 9.42599 7
3.42211 9.06865 7
3.28933 9.17135 7
3.35153 7.99443 7
3.2538 7.87357 7
3.38097 8.06743 7
3.52983 8.50044 7
3.22183 10.1228 7
3.08492 7.40107 7
2.93018 10.4366 7
3.31152 8.84296 7
3.39623 7.66407 7
3.47184 7.8541 7
3.51703 6.88021 7
3.3903 10.2238 7
3.26256 6.74119 7
3.47471 7.76724 7
3.58451 9.50278 7
3.54938 7.10744 7
3.5692 7.83449 7
3.40297 6.27744 7
3.32306 7.24596 7
3.23331 7.05981 7
3.45983 7.45824 7
3.23842 6.08827 7
3.38335 8.9272 7
3.55446 8.51369 7
3.53474 7.71138 7
3.34899 7.98707 7
3.19424 7.18073 7
3.13732 7.67797 7
3.62006 6.79001 7
3.19289 8.45151 7
3.1799 6.25505 7
3.65899 9.95862 7
3.23861 8.05902 7
3.56578 7.14154 7
3.1101 10.195 7
3.64472 9.30595 7
3.53511 7.50704 7
3.36274 8.35167 7
3.53625 7.33517 7
3.46456 9.38423 7
3.42586 8.3358 7
3.93461 7.46666 7
3.32946 9.68324 7
3.29441 9.07002 7
3.71957 6.95877 7
3.22926 9.75136 7
3.56407 8.23404 7
3.63624 7.66635 7
3.51985 10.4335 7
3.55736 7.77168 7
3.41323 9.15794 7
3.105 7.72671 7
3.75163 6.74815 7
3.14419 8.62975 7
3.35657 8.62945 7
3.5447 9.94529 7
3.36548 8.3373 7
3.16926 7.99159 7
3.47985 7.74696 7
3.66278 7.08087 7
3.313 7.46951 7
3.44527 7.30562 7
3.25559 8.382 7
3.22836 8.94597 7
3.45578 9.10923 7
3.32435 7.41873 7
3.57519 7.51036 7
3.43449 8.36097 7
3.28431 8.47576 7
3.39611 7.32721 7
3.14107 7.52405 7
3.58887 8.18588 7
3.34602 7.62255 7
3.38134 8.80601 7
3.43092 7.92633 7
3.33925 6.98766 7
3.51082 9.39989 7
3.37436 7.54112 7
3.41495 8.16787 7
3.35193 8.41412 7
3.43386 8.48162 7
3.50303 7.77694 7
3.58279 6.8312 7
3.36275 9.41392 7
3.44725 8.14694 7
3.41867 8.16942 7
3.22761 8.15257 7
3.38222 7.45951 7
3.58015 7.52805 7
3.70472 8.37609 7
3.36786 7.68089 7
3.55642 9.0767 7
3.23685 8.82635 7
3.48405 6.84105 7
3.5574 7.41738 7
3.64702 7.13871 7
3.28608 7.11857 7
3.18217 5.59554 7
3.26752 6.57364 7
3.36687 7.73573 7
3.07892 8.8124 7
3.45843 7.93873 7
3.10593 8.19917 7
3.21197 8.2956 7
3.36444 8.32701 7
3.48831 9.08007 7
3.57411 9.42442 7
3.53386 8.33251 7
3.36143 7.53714 7
3.53729 7.38567 7
3.19046 8.16795 7
3.66526 10.2072 7
3.26072 9.34867 7
3.30556 6.63348 7
3.09777 7.08566 7
3.5484 9.232 7
3.77389 6.72168 7
3.03903 6.5981 7
3.19272 9.64549 7
3.49271 7.96147 7
3.4832 7.19315 7
3.12049 8.98844 7
3.39278 7.86761 7
3.35512 8.31395 7
3.53748 8.48925 7
3.4155 7.90945 7
3.56136 9.14713 7
3.28991 8.53359 7
3.14746 9.14012 7
3.49993 6.25977 7
3.46095 9.18876 7
3.51211 9.58267 7
3.31703 9.05976 7
3.40544 8.48212 7
3.33316 9.17084 7
3.27612 8.41989 7
3.48986 7.24979 7
3.3764 8.60436 7
3.2367 9.17282 7
3.23671 7.2292 7
2.95634 8.43253 7
3.31757 9.06434 7
3.18838 9.48408 7
3.35441 6.93134 7
3.65947 9.43384 7
3.3694 9.18484 7
3.30693 8.9917 7
3.54406 8.44564 7
3.56133 7.32626 7
3.48788 7.05275 7
3.2085 7.48533 7
3.69735 7.23887 7
3.27419 7.5643 7
3.2483 6.22965 7
3.6277 7.99025 7
3.33118 7.66094 7
3.25638 7.06469 7
3.49761 7.2343 7
3.3776 7.71582 7
3.16815 7.79244 7
3.46721 7.17852 7
3.46275 8.96575 7
3.53382 8.6469 7
3.42307 9.03801 7
3.49533 8.44114 7
3.57373 6.22511 7
3.36204 8.3743 7
3.49313 8.31054 7
3.27731 7.76832 7
3.57826 8.68726 7
3.46621 7.16956 7
3.24009 9.23978 7
3.44998 7.67973 7
3.54484 8.83422 7
3.34732 8.04997 7
3.50064 9.27773 7
3.39577 8.30977 7
3.27951 8.16872 7
3.29755 6.00411 7
3.70331 8.96566 7
3.42786 7.83229 7
3.29751 8.31603 7
3.13716 6.23457 7
3.41049 6.4353 7
3.40076 8.00837 7
3.44046 7.67338 7
3.30331 9.76303 7
3.4765 8.45399 7
3.14964 7.61739 7
3.46815 7.11123 7
3.49265 6.41879 7
3.41295 7.78078 7
3.52768 8.9611 7
3.69978 7.54702 7
3.3106 8.60473 7
3.45474 6.9931 7
3.268 7.36306 7
3.55363 6.6913 7
3.41466 6.4077 7
3.04135 8.57217 7
3.42244 7.37237 7
3.34323 7.95505 7
3.46592 8.73757 7
3.91144 8.94282 7
4.00717 7.76879 7
3.22665 8.38734 7
3.38996 7.99717 7
3.28251 10.0612 7
3.30881 7.95065 7
3.29376 10.1093 7
3.29279 7.09223 7
3.48833 8.98812 7
3.53311 7.27742 7
3.59326 7.89438 7
3.18433 8.34224 7
3.228 8.64122 7
3.13974 6.08508 7
3.25832 9.50891 7
3.15048 6.92996 7
3.40752 6.59368 7
3.1385 8.14808 7
3.52506 8.05034 7
3.57648 7.07028 7
3.38645 8.07149 7
3.369 8.17776 7
3.65317 11.7204 7
3.49109 8.69347 7
3.14999 8.00249 7
3.61278 7.55296 7
3.37771 8.03314 7
3.4611 8.52047 7
3.69138 8.75866 7
3.35337 6.9174 7
3.03477 7.20696 7
3.40163 7.18903 7
3.32888 9.4657 7
3.2429 9.07444 7
3.30803 8.26998 7
3.13088 8.93655 7
3.28482 6.94382 7
3.3853 8.52565 7
3.13921 7.89749 7
3.27116 7.55869 7
3.65807 7.12615 7
3.43762 7.39046 7
3.43954 7.83765 7
3.20892 8.81329 7
3.29479 8.59956 7
3.41206 6.74752 7
3.37547 6.03348 7
3.26383 8.9508 7
3.05082 9.56846 7
3.29919 7.85155 7
3.2154 6.56065 7
3.57439 8.89438 7
3.48402 6.7254 7
3.50698 8.30625 7
3.41585 8.79927 7
3.33243 7.7793 7
3.27724 8.56479 7
3.03014 7.40972 7
3.45568 6.05038 7
3.16396 8.70432 7
3.4137 9.48742 7
3.42236 8.3694 7
3.46202 9.77329 7
3.32676 8.91846 7
3.28958 5.7539 7
3.28356 7.45453 7
3.80067 8.04393 7
3.2473 7.81145 7
3.45845 10.0421 7
3.22431 8.87019 7
3.7112 7.93876 7
3.59314 9.71555 7
3.73732 8.41802 7
3.57507 7.11508 7
3.29706 7.43622 7
3.38111 6.42521 7
3.4653 8.81162 7
3.35282 7.49186 7
3.257 7.50351 7
3.26399 7.78384 7
3.80942 8.09578 7
3.45794 8.09484 7
3.47928 9.02689 7
2.9999 8.35682 7
3.62745 7.98826 7
3.23938 8.28197 7
3.45562 7.75478 7
3.43154 7.64643 7
3.46949 9.10181 7
3.22003 7.66638 7
3.51413 8.60157 7
3.71713 8.37606 7
3.46284 9.51437 7
3.39455 7.47184 7
3.46604 6.76216 7
3.54241 7.55407 7
3.37347 8.28333 7
3.58634 6.89219 7
3.60892 7.3507 7
3.60888 6.57699 7
3.45767 7.32237 7
3.7555 7.56465 7
3.28045 8.54934 7
3.41392 8.57742 7
3.81856 6.19659 7
3.31674 8.76156 7
3.28294 8.00768 7
3.6661 6.69082 7
3.46047 8.71571 7
3.6206 9.38744 7
3.13347 7.65273 7
3.56393 8.25523 7
3.21594 8.26974 7
3.09825 8.76405 7
-10.103 8.18959 8
-9.24465 8.09001 8
-8.82218 8.23661 8
-9.92951 8.41248 8
-9.51141 8.08341 8
-10.612 8.14501 8
-8.81065 8.36224 8
-8.71008 8.1887 8
-9.18897 8.20068 8
-9.25352 8.0738 8
-9.89407 8.22981 8
-10.1434 8.30799 8
-9.39926 8.33236 8
-9.98478 8.16238 8
-10.1846 8.19621 8
-9.96387 8.15157 8
-9.30148 8.39249 8
-10.1248 8.48068 8
-8.73006 8.4226 8
-9.19867 8.22295 8
-9.68699 8.30826 8
-9.43332 8.02306 8
-9.64349 8.00872 8
-9.87307 8.31548 8
-8.97822 8.43587 8
-9.08669 8.41584 8
-9.14569 8.2633 8
-9.90552 8.17756 8
-8.88929 8.29334 8
-9.46498 8.20682 8
-8.99108 8.51402 8
-9.12228 8.18345 8
-9.05394 8.27324 8
-9.86996 8.17932 8
-8.98826 8.41161 8
-9.10747 8.1321 8
-9.52604 8.26145 8
-9.48463 8.01325 8
-9.38466 8.55101 8
-9.48205 8.27595 8
-10.021 8.11683 8
-9.30903 8.14446 8
-9.88727 8.4347 8
-9.82674 8.12434 8
-9.18392 8.2203 8
-9.00623 8.38322 8
-9.53581 8.21879 8
-8.61791 8.36282 8
-9.72728 8.27281 8
-9.27609 8.21386 8
-8.80685 8.2775 8
-9.59216 8.11145 8
-9.1494 8.43607 8
-9.21226 8.29477 8
-9.2005 8.29712 8
-9.48022 8.27279 8
-9.0956 8.23554 8
-10.1432 8.09449 8
-9.85926 8.17602 8
-9.82266 8.38952 8
-9.75881 8.06381 8
-8.74646 8.08979 8
-10.1498 8.17513 8
-8.67373 8.36502 8
-8.42836 8.2082 8
-8.91253 8.05691 8
-8.88322 8.34885 8
-8.61344 8.29162 8
-9.46001 8.26931 8
-10.0147 8.31976 8
-9.51492 8.44448 8
-9.5751 8.19783 8
-9.95753 8.27326 8
-9.25861 8.2538 8
-9.89192 8.15816 8
-10.9993 7.98749 8
-9.95978 8.05962 8
-8.88241 8.22125 8
-9.6471 8.26251 8
-9.0303 8.46524 8
-9.25679 8.53443 8
-9.27205 8.29198 8
-9.12472 8.45293 8
-9.67042 8.00864 8
-10.4802 8.18483 8
-9.62254 8.27282 8
-10.3093 8.31023 8
-10.0627 8.25467 8
-9.40516 8.3442 8
-9.54718 8.32389 8
-9.78262 8.26997 8
-8.77574 8.38042 8
-9.65783 8.39385 8
-9.52713 8.26263 8
-9.49572 8.2709 8
-9.646 8.26164 8
-8.49852 8.36618 8
-8.39304 8.43123 8
-9.39895 8.46832 8
-9.25271 8.31865 8
-9.26258 8.2437 8
-9.82584 8.26393 8
-9.18378 8.48279 8
-8.67571 8.4176 8
-10.3553 8.2662 8
-9.85736 8.33541 8
-8.34211 8.53096 8
-9.28202 8.09444 8
-9.20404 8.37103 8
-9.64447 8.28336 8
-9.69292 8.28875 8
-9.21635 8.40177 8
-9.12512 8.22107 8
-9.35318 8.33404 8
-9.24342 8.21993 8
-9.45166 8.46307 8
-10.1102 8.01916 8
-9.65456 8.19338 8
-9.40379 8.39671 8
-9.04103 8.18239 8
-8.92944 8.30313 8
-8.79369 8.16627 8
-9.67836 8.34855 8
-9.17956 7.90572 8
-9.50627 8.21811 8
-9.60479 8.1681 8
-9.52242 8.29686 8
-9.13895 8.25921 8
-9.21535 8.33658 8
-9.97989 8.12065 8
-9.39608 8.27612 8
-8.83671 8.20532 8
-9.38088 8.28529 8
-9.50385 8.23319 8
-8.66262 8.451 8
-9.02224 8.31936 8
-9.7417 8.22083 8
-9.27541 8.29549 8
-9.6405 8.31985 8
-8.84078 8.2752 8
-8.88544 8.42878 8
-9.27693 8.26526 8
-8.86929 8.46099 8
-9.23027 8.21377 8
-9.71575 8.37293 8
-9.60098 8.38736 8
-9.96515 8.25492 8
-9.76346 8.08011 8
-9.80456 8.34328 8
-9.40909 8.34123 8
-9.53078 8.36899 8
-8.92443 8.43617 8
-9.22192 8.42178 8
-9.41089 8.09608 8
-9.47505 8.25954 8
-8.81658 8.49481 8
-8.41892 8.31674 8
-8.71667 8.17571 8
-9.46548 8.28868 8
-8.8566 8.38177 8
-9.86607 8.15051 8
-9.51426 8.36956 8
-9.69107 8.3533 8
-9.9866 8.2261 8
-9.64133 8.19814 8
-9.49855 8.24791 8
-9.93573 8.33136 8
-9.76402 8.0637 8
-9.3 8.3581 8
-8.84341 8.05963 8
-9.28099 8.14392 8
-10.4167 8.06347 8
-8.28384 8.29479 8
-9.2267 8.11526 8
-8.59977 8.27101 8
-9.74449 8.32316 8
-9.41189 8.12346 8
-9.41612 8.02108 8
-8.66393 8.45495 8
-9.27578 7.93039 8
-9.47235 8.28398 8
-8.94006 8.19909 8
-9.61727 8.37779 8
-8.93484 8.27462 8
-9.42214 8.40621 8
-8.82789 8.29742 8
-9.3905 8.35028 8
-9.88952 8.4414 8
-9.71179 8.15793 8
-9.95432 8.19202 8
-10.0836 8.22179 8
-9.22022 8.47577 8
-8.94278 8.39397 8
-8.52268 8.29416 8
-9.32854 8.19404 8
-9.17714 8.23138 8
-8.73569 8.34397 8
-8.71882 8.26812 8
-9.26237 8.3458 8
-9.0565 8.39032 8
-9.23988 8.30131 8
-9.24807 8.33901 8
-10.6248 8.19259 8
-8.58168 8.10336 8
-9.10229 8.16385 8
-9.30869 8.23237 8
-9.62985 8.2087 8
-9.59457 8.30029 8
-9.185 8.06746 8
-9.81683 8.22404 8
-10.165 8.51148 8
-9.28833 8.15884 8
-10.3252 8.32083 8
-8.90517 8.32817 8
-9.2912 8.12489 8
-9.82033 8.12363 8
-8.63117 8.26648 8
-8.82014 8.26012 8
-10.0235 8.22956 8
-9.23978 8.24367 8
-9.19793 8.21172 8
-8.877 8.49353 8
-8.77638 8.26044 8
-10.2077 8.25933 8
-9.04466 8.49122 8
-8.89992 8.60163 8
-10.0962 8.25924 8
-9.50586 8.14917 8
-9.33999 8.49788 8
-9.23527 8.2708 8
-9.9649 8.20739 8
-9.53138 8.26091 8
-9.9337 7.99209 8
-9.5395 8.3045 8
-9.82375 8.23309 8
-9.05745 8.33918 8
-9.79665 8.11616 8
-10.4636 8.27249 8
-8.97758 8.10779 8
-9.31906 7.98547 8
-9.44954 8.27559 8
-9.34137 8.3647 8
-10.361 8.25956 8
-9.63312 8.31664 8
-10.174 8.25072 8
-9.72344 8.22353 8
-9.31361 8.41745 8
-9.48946 8.32319 8
-9.48427 8.31054 8
-10.2085 8.12938 8
-9.35582 8.22692 8
-9.47612 8.31082 8
-8.98753 8.27057 8
-9.15361 8.1209 8
-8.80111 8.12806 8
-9.57953 8.06368 8
-9.66698 8.35851 8
-10.0227 8.16284 8
-9.6861 8.14848 8
-9.39233 8.07347 8
-9.4506 8.30206 8
-10.3354 8.23988 8
-9.24625 8.17825 8
-9.628 8.30779 8
-9.97404 8.31895 8
-8.88963 8.3027 8
-9.83565 8.33176 8
-9.67037 8.17774 8
-9.64671 8.29484 8
-8.84818 8.34431 8
-8.89295 8.24413 8
-9.15087 8.17227 8
-9.17677 8.34354 8
-8.86866 8.26032 8
-9.55229 8.15044 8
-9.75273 8.26382 8
-9.28411 8.18398 8
-9.32587 8.39357 8
-9.15649 8.23785 8
-9.03155 8.27774 8
-9.97511 8.47357 8
-9.4282 8.24036 8
-8.84989 8.44847 8
-9.43453 8.34132 8
-8.82843 8.243 8
-9.39074 8.39413 8
-9.51795 7.98134 8
-8.61391 8.32777 8
-8.55227 8.28361 8
-9.77828 8.2715 8
-9.75939 8.23415 8
-9.99142 8.6 8
-8.86268 8.39445 8
-9.94854 8.37247 8
-10.0017 8.3082 8
-9.38966 8.19947 8
-9.59169 8.20599 8
-9.60299 8.28217 8
-8.88741 8.59113 8
-8.48059 8.35018 8
-9.57119 8.2676 8
-9.63947 8.26957 8
-9.50039 8.29837 8
-10.0721 8.31424 8
-9.07695 8.38876 8
-9.46002 8.23744 8
-9.07322 8.05102 8
-8.56298 8.23518 8
-9.66827 8.21107 8
-9.66633 8.16219 8
-9.92967 8.36645 8
-9.38245 8.2442 8
-9.39623 8.43304 8
-8.49434 8.37251 8
-10.1987 8.15692 8
-9.89334 8.21356 8
-10.5467 8.29377 8
-9.31729 8.1499 8
-9.25682 8.24671 8
-9.37799 8.11817 8
-9.35587 8.24684 8
-8.92004 8.35003 8
-9.64618 8.48079 8
-8.6752 8.23928 8
-9.77349 8.16318 8
-9.42353 8.28052 8
-9.96162 8.06438 8
-10.3023 8.2938 8
-9.51889 8.1909 8
-9.21869 8.22734 8
-9.35718 8.30269 8
-8.97872 8.52628 8
-8.80623 8.11319 8
-8.2657 8.31763 8
-10.5379 8.41154 8
-9.42754 8.35569 8
-10.0434 8.28275 8
-9.69804 8.24993 8
-9.62278 8.29122 8
-10.0007 8.03453 8
-9.93745 8.51862 8
-8.70251 8.25355 8
-9.03239 8.37461 8
-9.60712 8.43768 8
-9.53596 8.32283 8
-9.79374 8.06501 8
-8.61456 8.13705 8
-9.05121 8.33524 8
-9.49073 8.03843 8
-9.8002 8.35703 8
-9.74646 8.21141 8
-9.88069 8.33791 8
-9.10787 8.30585 8
-8.78602 8.20961 8
-9.53004 8.27327 8
-9.67388 8.16078 8
-9.78541 8.12998 8
-9.20142 8.23286 8
-9.31876 8.25006 8
-9.57443 8.27013 8
-8.88979 8.43912 8
-8.80458 8.39692 8
-9.31237 8.21104 8
-9.56923 8.06916 8
-9.79808 8.13486 8
-10.0137 8.24879 8
-9.92935 8.02565 8
-1.9026 -9.49547 9
-1.92586 -9.55719 9
-1.86194 -9.48773 9
-2.04005 -9.3766 9
-1.78176 -9.33565 9
-2.11381 -9.78062 9
-1.51443 -9.45499 9
-1.43292 -9.65388 9
-1.71911 -9.59098 9
-1.94275 -9.48822 9
-1.95477 -9.62882 9
-1.51481 -9.37212 9
-1.84202 -9.48624 9
-1.55861 -9.43889 9
-2.06451 -9.49616 9
-1.63952 -9.43493 9
-2.11776 -9.58623 9
-1.80698 -9.51739 9
-2.05759 -9.47952 9
-1.92474 -9.4382 9
-1.90544 -9.47582 9
-1.52663 -9.66291 9
-1.99616 -9.46659 9
-1.8595 -9.51692 9
-1.76118 -9.47689 9
-1.6161 -9.56842 9
-1.62168 -9.54887 9
-1.52728 -9.60847 9
-1.96831 -9.52384 9
-1.8779 -9.615 9
-2.00469 -9.38467 9
-1.8911 -9.42434 9
-2.07512 -9.46943 9
-2.08945 -9.52816 9
-1.68557 -9.50394 9
-1.65181 -9.60713 9
-2.01229 -9.43512 9
-2.06006 -9.40175 9
-1.56837 -9.50478 9
-0.999575 -9.36679 9
-1.89468 -9.60462 9
-1.9807 -9.44465 9
-1.66155 -9.52985 9
-1.94293 -9.34207 9
-1.78917 -9.54029 9
-1.98222 -9.46563 9
-2.1356 -9.54543 9
-2.00664 -9.50953 9
-1.3601 -9.53889 9
-1.94849 -9.56508 9
-2.04838 -9.22999 9
-1.99529 -9.5572 9
-1.62172 -9.4209 9
-1.86795 -9.5802 9
-1.85019 -9.44031 9
-2.00088 -9.55578 9
-1.49858 -9.59614 9
-1.88537 -9.41814 9
-1.53726 -9.41283 9
-1.98282 -9.38808 9
-1.54485 -9.53058 9
-2.00402 -9.42842 9
-1.85918 -9.5481 9
-1.53521 -9.36486 9
-1.46231 -9.52727 9
-1.01702 -9.37889 9
-2.03777 -9.632 9
-1.74606 -9.41169 9
-1.52746 -9.57166 9
-1.3963 -9.42538 9
-1.90769 -9.42487 9
-2.43246 -9.36065 9
-1.982 -9.42832 9
-1.63626 -9.48966 9
-1.77998 -9.39292 9
-1.44905 -9.52364 9
-1.75402 -9.2869 9
-1.52994 -9.50865 9
-1.92367 -9.47368 9
-2.26812 -9.42742 9
-1.95304 -9.40772 9
-1.49671 -9.49584 9
-1.7117 -9.51237 9
-1.87283 -9.36233 9
-2.37056 -9.44394 9
-2.06292 -9.32561 9
-1.87382 -9.61325 9
-1.47052 -9.56976 9
-1.79421 -9.6095 9
-1.96804 -9.59386 9
-1.77435 -9.5062 9
-1.93086 -9.4635 9
-1.66572 -9.44825 9
-1.3811 -9.39201 9
-1.62317 -9.52974 9
-2.41723 -9.40485 9
-2.30458 -9.52715 9
-1.73434 -9.3473 9
-1.83934 -9.34754 9
-1.75127 -9.57126 9
-1.63319 -9.49542 9
-1.77596 -9.40504 9
-1.89912 -9.44632 9
-2.13537 -9.42733 9
-1.59057 -9.35634 9
-1.95383 -9.65405 9
-1.57801 -9.42749 9
-1.45266 -9.55748 9
-1.44553 -9.53438 9
-1.34128 -9.47679 9
-1.38527 -9.56007 9
-2.10206 -9.50188 9
-1.67315 -9.60847 9
-1.29065 -9.74664 9
-2.13635 -9.35384 9
-1.89207 -9.43126 9
-1.85752 -9.4717 9
-2.01419 -9.57053 9
-1.89307 -9.6128 9
-2.08002 -9.5765 9
-2.22355 -9.41085 9
-1.56183 -9.4417 9
-1.97074 -9.61976 9
-1.79578 -9.55456 9
-2.31229 -9.33118 9
-1.4288 -9.48279 9
-1.68666 -9.55872 9
-1.63666 -9.53795 9
-2.16193 -9.46965 9
-1.75693 -9.38523 9
-1.92324 -9.59722 9
-1.74747 -9.56258 9
-1.48293 -9.39201 9
-1.70397 -9.34261 9
-1.31966 -9.51046 9
-2.018 -9.54078 9
-2.16445 -9.41083 9
-1.20069 -9.38312 9
-1.63073 -9.4829 9
-2.15445 -9.41576 9
-1.88968 -9.42813 9
-1.85035 -9.59184 9
-1.6582 -9.53688 9
-2.02613 -9.45497 9
-1.98057 -9.28866 9
-1.64972 -9.52625 9
-1.64008 -9.56205 9
-1.87657 -9.45588 9
-1.69801 -9.38475 9
-1.70802 -9.40639 9
-2.11075 -9.34828 9
-1.80885 -9.60374 9
-1.68514 -9.39628 9
-1.88668 -9.436 9
-2.16329 -9.49117 9
-2.05291 -9.5071 9
-1.73458 -9.40808 9
-2.03209 -9.41801 9
-1.68956 -9.57484 9
