-2.76014 8.14931 0
-6.93049 4.65735 0
-0.416276 6.37432 0
0.967282 6.60928 0
-1.40136 -4.50578 0
-6.86346 0.724709 0
-2.11344 10.9945 0
-5.615 5.66614 0
1.59578 17.7835 0
-5.13026 2.07476 0
-2.08759 -1.50039 0
7.68249 -5.70372 0
4.91725 12.3079 0
-3.0464 -0.576185 0
-8.54735 0.235072 0
-9.89599 2.76771 0
1.3085 11.8018 0
-4.98494 6.22749 0
-5.04497 9.83065 0
-4.05655 2.68824 0
-1.2048 3.25065 0
-5.12806 8.51913 0
-7.76063 8.05653 0
-0.644826 1.61336 0
-0.0322223 11.9564 0
4.18411 10.6618 0
-1.77865 4.23689 0
0.909858 6.8276 0
-8.28975 2.19037 0
-0.696935 3.76178 0
-2.26073 5.86223 0
-9.11648 12.8635 0
-1.22525 0.561001 0
-0.52375 18.5948 0
-4.07287 0.149827 0
-1.2349 7.19189 0
-3.1408 6.46082 0
-2.20028 2.10329 0
-1.31455 -0.616281 0
4.36395 -0.254434 0
-1.09886 1.42915 0
-10.799 7.65656 0
-6.91249 3.97884 0
-5.58632 7.9844 0
-5.42686 8.17143 0
-9.97308 2.24072 0
-7.46693 -2.52555 0
-7.62205 11.6438 0
-3.35076 7.93557 0
-1.73843 -3.0789 0
2.71817 -0.55721 0
-3.28007 -0.335777 0
-13.7697 3.7853 0
-0.642493 -1.89876 0
-6.96848 -3.5681 0
-5.84902 -2.26953 0
-9.10833 4.28184 0
-7.41292 6.20292 0
0.0406228 11.1796 0
-5.80368 12.7148 0
-5.54886 2.54657 0
0.888773 5.67911 0
-9.09 11.7289 0
-12.3822 7.3343 0
-4.75832 4.10597 0
-3.11049 2.85567 0
1.56317 2.90735 0
0.877995 -0.937286 0
-5.02915 4.62381 0
-10.3212 5.31584 0
3.84211 12.6075 0
-6.53835 2.23416 0
-8.51469 0.865086 0
2.32472 4.21525 0
-4.47586 8.61954 0
-8.66703 6.58248 0
-3.41451 9.38646 0
-5.82853 0.93447 0
-9.2875 3.96325 0
-5.48835 2.91156 0
-3.64973 5.62754 0
-6.59281 5.1437 0
-1.08035 1.79552 0
-8.15636 -4.61544 0
0.370914 -3.49227 0
-0.431092 10.3695 0
-4.46173 2.19405 0
-1.47489 8.93002 0
-4.19153 7.42077 0
-1.26642 11.0403 0
-6.73895 5.71892 0
-2.48947 5.80578 0
-6.89853 1.76054 0
-3.88949 2.36526 0
-1.19152 3.93491 0
1.22274 7.46331 0
0.998806 11.3055 0
-3.73579 7.47885 0
-6.61695 -1.36973 0
-6.3748 0.302913 0
-5.48807 5.79851 0
-5.5329 4.57297 0
-4.32197 9.31828 0
-4.00467 4.46764 0
-0.777468 4.63202 0
-2.00923 2.45624 0
-0.981701 10.4302 0
-5.74936 -5.19413 0
-9.02173 1.19198 0
0.16993 11.7974 0
2.49471 2.17753 0
-10.3364 6.17737 0
-2.72784 -2.30333 0
-0.243459 2.33514 0
-2.50111 -1.81301 0
-5.65621 4.03347 0
-3.38473 5.45626 0
-12.9076 3.89469 0
-5.66724 5.79414 0
-10.6352 5.26697 0
-0.84838 3.17513 0
-0.979756 3.0562 0
-3.16492 9.60017 0
-5.46169 6.09985 0
-8.51181 -7.35943 0
-8.42801 3.8096 0
-1.23951 -2.70711 0
-0.146421 16.8075 0
3.58857 10.478 0
-7.06202 5.38493 0
0.0948053 4.06532 0
1.57097 8.87419 0
-2.09441 -1.96783 0
-0.819526 4.71017 0
-5.46284 4.47158 0
-7.84413 5.50394 0
-3.55456 12.0767 0
2.3247 3.33582 0
-4.41099 -2.1752 0
-3.46234 3.05272 0
-10.4761 -0.194655 0
-9.74057 8.08431 0
-10.2919 -1.25088 0
1.12591 -0.0707092 0
-8.75193 3.82117 0
-3.14819 7.08382 0
0.802426 -0.117173 0
-2.28002 13.4357 0
-1.40648 6.76693 0
-7.616 -4.30443 0
-5.10653 8.98057 0
-7.14946 -4.33686 0
-12.4797 5.6954 0
2.45422 -4.50347 0
-0.904788 12.0803 0
-3.00924 4.95511 0
-5.04673 4.57598 0
-4.25404 2.73267 0
-2.76344 -3.7719 0
-5.51961 1.16102 0
1.45928 5.6794 0
-1.30182 -0.173865 0
-3.85993 6.56145 0
-6.44654 -2.94549 0
-4.52083 10.9798 0
-2.97433 0.0454683 0
1.85715 -2.90359 0
-0.571472 -6.62161 0
-0.810985 5.38144 0
-1.20411 7.09358 0
1.29707 5.59358 0
-4.44493 7.59554 0
0.357621 5.67512 0
-6.87691 -0.0313496 0
-0.358659 15.9147 0
-1.39192 3.63487 0
-5.51844 -0.462771 0
0.392998 2.57604 0
-2.4492 4.76398 0
-5.62176 4.96756 0
-6.34952 -2.91867 0
-2.77297 -2.24214 0
-7.49294 3.79937 0
-1.63254 1.04843 0
2.65612 6.77868 0
-1.42556 3.88527 0
-10.4042 -2.54923 0
-2.72415 6.75207 0
2.07535 -5.52762 0
-4.09678 6.52008 0
0.0968639 2.04194 0
-12.7304 1.82246 0
-4.01548 9.12502 0
-5.97546 -5.82033 0
-3.37549 10.0263 0
-4.09822 9.00997 0
-6.78581 3.93228 0
-14.8165 0.130107 0
0.3774 6.31923 0
3.72681 6.90377 0
0.384341 -1.37687 0
0.971744 3.57627 0
0.497211 0.879535 0
-5.39579 11.2575 0
-1.28911 7.66221 0
-14.1426 5.67618 0
1.70967 14.8031 0
-3.9591 14.8479 0
-4.17848 11.6965 0
-4.88842 7.29282 0
-2.43547 3.54734 0
-2.79082 1.78487 0
-0.722903 -2.4171 0
-2.54158 0.0422138 0
-7.93882 -0.943876 0
-0.805836 3.06954 0
-11.4686 4.47153 0
-11.3286 8.45382 0
-4.99145 5.4399 0
-0.589671 8.70531 0
-1.67622 1.61668 0
-4.60411 1.17946 0
2.32935 1.63106 0
0.406354 6.50604 0
-5.66522 6.5262 0
-6.74602 -0.000642209 0
-3.62894 0.297535 0
-4.04454 5.79182 0
-6.64507 9.96218 0
0.830306 3.97701 0
-3.96438 3.54295 0
-1.23357 -1.64953 0
-0.599337 -0.27842 0
3.61293 10.5956 0
-4.70171 -0.0957767 0
-5.00321 0.541677 0
-5.45879 -0.513256 0
-9.04284 5.15769 0
-8.81007 11.8553 0
-1.62188 2.71558 0
1.1601 5.75907 0
0.468444 -4.75466 0
2.76777 11.5374 0
-3.89156 9.11582 0
-10.227 7.68304 0
-9.30855 2.10473 0
-5.07097 5.23988 0
-7.21926 -4.54653 0
-4.06985 -0.858379 0
0.993195 8.88836 0
-8.01399 -2.70858 0
-3.06737 3.52701 0
-5.53055 -1.06841 0
-10.7057 5.40908 0
-1.33129 2.14882 0
0.456911 -7.96585 0
-6.89973 -1.44535 0
0.0482317 -1.24935 0
-1.97716 4.63767 0
-1.61843 -3.24341 0
2.0037 12.6018 0
2.75304 6.13333 0
-0.13515 -5.51147 0
-3.4272 -4.29831 0
-1.55101 9.42306 0
-4.59652 0.858537 0
-0.734527 4.80651 0
-4.8834 1.80408 0
-1.1034 9.80256 0
-1.94761 6.07482 0
-5.86924 3.15385 0
-9.57548 5.31396 0
-6.38548 -1.06082 0
-3.4121 6.16697 0
-1.92864 12.1443 0
-4.47879 9.09499 0
0.138985 11.7514 0
-6.85786 7.40604 0
-0.85543 2.53082 0
1.69441 6.98341 0
-0.545701 10.1152 0
0.315483 4.81342 0
3.46289 3.49753 0
-6.09645 0.117943 0
0.0875047 -0.386521 0
-4.60531 15.0161 0
-3.21833 0.578457 0
0.234647 4.75158 0
-6.29894 8.96348 0
-3.90534 4.47658 0
-6.89882 0.823532 0
-4.19323 -0.982889 0
-7.3275 1.09349 0
-9.06168 -3.77821 0
-4.59285 7.56224 0
-4.27473 4.32738 0
0.765507 1.8682 0
1.41452 2.51241 0
3.60443 4.61923 0
2.24991 2.28192 0
1.24789 6.30954 0
-4.01364 11.0433 0
-11.0796 -0.422578 0
-4.26319 1.64019 0
-7.67044 3.76575 0
-2.7789 -4.50124 0
0.385245 5.12436 0
1.58558 -2.13145 0
-10.2141 3.91344 0
-1.90871 8.9962 0
-3.35085 0.467525 0
-9.52789 4.27139 0
6.07835 6.65985 0
-4.52029 -0.290287 0
-6.4577 -4.96133 0
-0.71614 5.4275 0
-6.16542 6.88433 0
-5.22632 3.33991 0
-8.26491 10.3172 0
1.7124 5.9377 0
-4.15409 3.28021 0
-2.36423 -1.32028 0
-0.452794 2.80889 0
0.659983 6.69609 0
-2.43825 9.33922 0
-3.8987 4.03135 0
-6.48633 8.23999 0
-0.250465 0.31874 0
-10.0554 9.64485 0
0.642082 3.59233 0
-9.32008 5.31531 0
3.84994 12.214 0
-7.26322 10.9684 0
-2.73674 7.76999 0
2.21063 2.01261 0
-4.6294 4.51264 0
1.01895 10.8032 0
-6.75423 14.4963 0
-7.36843 7.20161 0
1.69924 -3.09141 0
2.32767 0.766471 0
0.903049 7.31925 0
-1.93158 0.955184 0
-2.31993 0.70531 0
-4.90036 6.26323 0
-6.97671 5.56671 0
-3.26213 -2.84576 0
-0.856967 12.251 0
-4.60691 1.77774 0
-1.36532 10.0931 0
-3.39812 11.9708 0
1.2339 1.71436 0
1.26285 11.9403 0
-6.72529 11.9643 0
-0.975378 5.28006 0
-0.00555759 3.80253 0
5.77772 9.14975 0
3.10238 5.63122 0
-8.39712 0.044214 0
0.482 3.09392 0
-3.4951 -3.08299 0
1.58031 7.21017 0
-8.39025 0.584057 0
-4.86084 2.83795 0
-0.590986 8.87114 0
-5.31499 7.12423 0
-6.34454 5.57643 0
-6.30755 5.66079 0
-4.50711 1.33722 0
-8.03906 -0.533341 0
-5.91385 11.5797 0
-8.68083 1.24833 0
-0.626091 2.82569 0
-0.361431 8.92123 0
-1.81023 10.2878 0
-6.85268 -2.82945 0
-0.6634 5.20909 0
-2.08949 9.16044 0
-0.492911 14.6129 0
-5.34383 -1.22395 0
-4.97726 -4.19795 0
2.84218 1.26133 0
-7.72198 11.3085 0
-0.875939 3.43429 0
-4.50107 4.55408 0
-9.53098 -0.513657 0
-4.14681 12.2715 0
-1.91299 7.66799 0
-7.49471 4.96506 0
-5.12675 4.10236 0
-10.6655 -6.13391 0
1.00796 4.10297 0
1.55304 2.61807 0
0.440168 5.69681 0
-2.50452 2.50619 0
-6.69426 5.04008 0
2.09882 10.609 0
-4.28407 4.34806 0
-7.42223 -0.0370134 0
-3.80111 16.444 0
-1.42489 2.73803 0
-1.83 5.99566 0
0.746904 9.31014 0
10.2248 -3.52903 1
9.64007 -3.21319 1
10.5583 -1.13758 1
9.36999 -2.03186 1
10.089 -2.59233 1
9.19035 -3.33383 1
9.64448 -3.24217 1
9.71744 -0.112327 1
10.5129 -3.26738 1
9.67344 -3.76448 1
10.4149 -2.56287 1
9.94082 -1.97143 1
9.19499 -4.90273 1
9.67044 -3.1084 1
9.17503 -3.41376 1
10.8304 -2.30839 1
9.28443 -2.27955 1
9.55971 -1.95569 1
10.209 -2.57277 1
8.75538 -3.81863 1
9.37539 -3.58568 1
8.56524 -2.82206 1
10.2769 -4.96265 1
9.71345 -1.88361 1
10.2859 -3.96298 1
9.13333 -1.89955 1
10.2459 -3.05022 1
9.94161 -1.16126 1
9.6476 -2.05086 1
10.3752 -2.84441 1
10.133 -2.78382 1
8.79717 -3.58815 1
9.08474 -5.08245 1
9.08207 -3.02397 1
8.89644 -1.60174 1
10.14 -3.83812 1
10.5774 -3.68342 1
9.76263 -1.38188 1
10.2331 -3.00862 1
9.5266 -3.25104 1
9.57845 -4.34563 1
10.126 -1.37105 1
9.30146 -0.966546 1
9.82852 -2.4538 1
10.2019 -1.26316 1
10.2331 -2.30044 1
9.45157 -0.102339 1
9.57381 -1.91164 1
10.0141 -4.12096 1
9.12866 -3.23062 1
8.55052 -3.79704 1
9.27959 -2.39131 1
9.97938 -1.26351 1
9.95127 -1.87142 1
9.35088 -2.16143 1
9.92515 -1.01561 1
9.67085 -2.96221 1
9.67967 -3.66076 1
9.89162 -3.92626 1
10.6278 0.035271 1
10.4622 -1.44954 1
10.5004 -2.70355 1
8.72428 -4.86419 1
10.0825 -2.2518 1
10.2488 0.044891 1
9.3911 -1.52689 1
9.61134 -4.73672 1
9.31742 -3.0397 1
9.9368 -4.40164 1
10.2525 -1.39491 1
9.47255 -2.4979 1
9.55402 -3.07882 1
9.0294 -1.94092 1
9.918 -2.63976 1
9.79909 -3.04953 1
10.2402 -3.37064 1
10.2753 -2.01144 1
9.55712 -4.36403 1
9.33271 -4.74833 1
9.62403 -2.15892 1
9.83914 -2.69654 1
9.27192 -1.96009 1
9.84927 -2.41556 1
10.0117 -4.71199 1
10.2303 -3.13753 1
9.57786 -3.69003 1
10.6526 -1.76172 1
9.3878 -4.86826 1
9.72859 -3.08454 1
9.72746 -2.24123 1
10.0599 -1.52527 1
9.27095 -2.21603 1
10.121 -1.46386 1
10.0788 -2.7564 1
8.98931 -2.19985 1
9.33222 -5.70054 1
10.0547 -2.91837 1
9.95055 -0.878846 1
10.3601 -1.33429 1
9.70788 -3.20872 1
9.87597 -2.83255 1
10.5196 -0.0305716 1
9.0162 -1.08476 1
9.70128 -0.861837 1
9.5353 -3.09778 1
9.83927 -4.20259 1
10.2234 -2.81231 1
9.72538 -0.931614 1
10.1617 -2.49174 1
9.83515 -2.99496 1
10.1326 -2.5621 1
10.2328 -1.88936 1
9.21782 -3.74129 1
10.162 -3.67886 1
10.1863 -3.71465 1
9.81161 -2.04883 1
9.45418 -2.88787 1
9.79762 -3.91603 1
8.98395 -4.45014 1
10.5043 -0.677805 1
9.44241 -0.658607 1
9.9803 -2.56032 1
9.7804 -1.97713 1
9.46801 -1.86998 1
10.0162 -1.96481 1
7.57662 -6.37473 2
7.61919 -6.53597 2
7.4752 -6.52246 2
6.7574 -7.06549 2
8.19978 -8.24408 2
5.55702 -8.82293 2
7.2421 -6.48305 2
8.11691 -9.56477 2
7.55618 -5.28803 2
6.54155 -7.1565 2
7.8071 -7.40855 2
7.39318 -5.46612 2
7.13793 -8.49406 2
7.21222 -6.05056 2
7.42306 -6.06334 2
7.20054 -7.59463 2
6.77541 -9.51521 2
7.72003 -6.08017 2
7.9136 -7.4881 2
6.54328 -7.5483 2
7.03297 -7.03372 2
7.68316 -6.20315 2
8.20098 -5.82562 2
6.96811 -5.81933 2
7.1333 -7.56412 2
7.70387 -7.17114 2
7.34155 -6.54382 2
7.97787 -8.03009 2
7.55492 -4.47176 2
7.26083 -8.75747 2
6.7809 -7.92628 2
7.41285 -7.04393 2
7.48326 -6.55731 2
8.1061 -7.06354 2
7.29554 -7.36006 2
7.52324 -6.52344 2
7.28548 -7.73074 2
6.81205 -7.38576 2
7.52024 -8.86787 2
7.05614 -8.62872 2
7.58794 -7.0169 2
7.46776 -7.96734 2
7.11611 -5.88427 2
7.67426 -6.73954 2
7.48422 -6.93888 2
6.99832 -8.74017 2
6.4991 -6.94299 2
8.58439 -6.59886 2
7.23887 -8.32394 2
7.51416 -6.73502 2
7.02248 -8.11982 2
7.3685 -5.74116 2
7.24999 -8.02487 2
7.39396 -7.45985 2
7.04572 -7.82921 2
8.3989 -6.76709 2
7.8832 -6.72151 2
6.56194 -8.55917 2
7.80899 -4.05641 2
8.74402 -5.94507 2
7.06241 -6.71052 2
6.98608 -8.065 2
6.58934 -7.10156 2
6.71624 -8.74808 2
7.13126 -8.92752 2
7.09952 -5.82426 2
8.45817 -5.93512 2
6.72679 -7.58749 2
7.055 -6.68249 2
7.20387 -6.83822 2
6.98885 -7.65399 2
6.88582 -5.09177 2
7.24732 -7.94754 2
6.90153 -6.5457 2
7.02216 -8.40148 2
6.69688 -8.49077 2
7.55345 -5.38777 2
7.69137 -7.42265 2
8.33822 -8.41161 2
6.99912 -6.93144 2
6.48465 -5.32938 2
6.60609 -7.60913 2
6.66937 -5.74089 2
6.3773 -9.99903 2
7.82741 -7.23305 2
7.76035 -7.70903 2
7.12922 -7.02523 2
6.92107 -7.75384 2
7.90556 -8.46469 2
6.36134 -5.98734 2
6.52783 -7.59207 2
7.09386 -9.08806 2
7.6901 -6.60105 2
7.31568 -7.6007 2
6.91367 -5.67745 2
7.78426 -5.19171 2
8.32757 -5.55437 2
6.76898 -8.64398 2
7.2532 -6.37488 2
7.04231 -6.56583 2
7.01958 -7.19542 2
6.79737 -7.07022 2
7.88973 -6.08143 2
7.49049 -9.80288 2
7.16838 -8.89662 2
7.12714 -10.2337 2
7.11143 -6.86573 2
7.77103 -6.56913 2
7.0593 -5.23681 2
7.56956 -7.14239 2
6.36159 -6.08433 2
6.41107 -6.54069 2
7.65609 -7.4391 2
8.0594 -4.58249 2
7.38141 -10.3103 2
7.84446 -7.89217 2
6.82485 -6.64363 2
7.68796 -6.05897 2
8.19466 -7.37623 2
8.72288 -6.50651 2
6.6599 -7.05838 2
7.92781 -7.1024 2
7.17567 -6.0346 2
6.63553 -6.80562 2
7.74401 -6.7697 2
6.65137 -7.62589 2
6.62539 -8.02641 2
8.1585 -8.13214 2
7.40617 -6.3676 2
7.83865 -7.45681 2
8.19112 -5.47325 2
7.31358 -7.79328 2
7.51178 -6.88298 2
6.93417 -7.10757 2
7.25779 -8.46337 2
7.82228 -4.56956 2
7.79043 -7.73524 2
8.03444 -6.20952 2
7.74569 -5.96254 2
8.5064 -5.84604 2
8.20085 -8.8918 2
7.38086 -7.27943 2
6.8358 -8.44918 2
8.01168 -9.35964 2
7.75395 -6.28335 2
7.04763 -6.74564 2
8.17716 -7.4743 2
7.95851 -5.38344 2
7.22994 -6.76366 2
6.0711 -7.54694 2
7.14713 -7.27188 2
7.18433 -5.07312 2
7.05036 -7.89245 2
7.43567 -6.41794 2
7.00694 -7.39489 2
7.4203 -7.44929 2
6.8267 -10.2273 2
7.07853 -7.36045 2
8.74032 -6.78112 2
7.81425 -7.03447 2
8.21497 -7.92919 2
6.58916 -9.256 2
6.45292 -7.29348 2
6.62522 -8.84139 2
6.8367 -7.5055 2
6.73039 -7.2582 2
6.6594 -7.53025 2
8.14602 -4.23143 2
7.50588 -8.89497 2
7.1571 -7.37511 2
7.54693 -9.26918 2
8.30798 -6.82275 2
7.34881 -6.03658 2
7.62125 -8.11409 2
7.46119 -7.44419 2
7.06082 -7.2835 2
6.07613 -9.99695 2
6.52339 -9.32089 2
7.30857 -4.58277 2
6.747 -9.3827 2
7.67424 -6.57962 2
8.33322 -6.86542 2
7.31825 -6.88637 2
6.8808 -7.12329 2
7.10406 -9.17874 2
6.37488 -7.45255 2
7.2775 -4.86992 2
7.66287 -7.68095 2
7.50477 -7.07907 2
7.36675 -7.42687 2
7.5666 -4.93246 2
7.71903 -8.55658 2
6.60547 -9.17967 2
7.64288 -7.32161 2
7.14889 -5.09785 2
7.58239 -5.51419 2
7.17026 -7.1397 2
6.9578 -5.94978 2
6.85485 -7.21715 2
7.08337 -7.55148 2
6.9929 -7.72654 2
8.25616 -7.52162 2
7.48836 -7.17727 2
7.57963 -5.56673 2
6.86151 -8.79031 2
5.78498 -8.84402 2
6.07874 -7.69943 2
7.04274 -6.69984 2
7.34789 -9.00323 2
7.17441 -6.98526 2
7.50943 -8.15486 2
8.35522 -6.34979 2
6.53106 -6.90097 2
6.85663 -8.52069 2
8.03396 -5.97979 2
7.41133 -7.31551 2
7.41988 -7.3696 2
7.78436 -6.82601 2
8.28453 -4.21845 2
7.64417 -7.22449 2
6.94727 -8.3153 2
8.10052 -6.70277 2
8.23836 -6.30231 2
7.54212 -4.98119 2
7.92267 -4.07004 2
7.26932 -6.63826 2
6.85781 -7.76105 2
8.00151 -7.15215 2
7.63107 -8.48728 2
7.16981 -7.00466 2
8.07192 -6.07038 2
7.90279 -4.15263 2
7.36534 -6.74682 2
7.70039 -8.65886 2
7.24151 -7.5104 2
8.29312 -7.13671 2
6.21332 -6.47337 2
8.5385 -6.51654 2
8.2968 -7.27711 2
7.51888 -6.24386 2
6.20611 -7.25543 2
6.97174 -7.66501 2
6.93114 -7.6225 2
6.98203 -8.55175 2
6.3608 -7.75436 2
8.32263 -4.20101 2
7.16993 -9.01482 2
7.53678 -9.05172 2
7.05649 -5.44282 2
7.31187 -8.90152 2
6.80637 -6.67645 2
8.6133 -6.59228 2
7.37664 -7.08337 2
7.28853 -8.02861 2
7.90659 -7.27266 2
7.13105 -6.97447 2
7.42384 -5.03657 2
6.87309 -4.90699 2
6.72054 -6.72381 2
7.33636 -5.91154 2
7.50386 -6.10217 2
8.33617 -7.18792 2
7.27317 -6.04784 2
7.52702 -7.93767 2
7.23722 -5.46292 2
7.67193 -6.32825 2
7.8297 -7.41334 2
7.3584 -6.87065 2
7.07013 -6.17007 2
6.29725 -6.88521 2
7.31453 -7.26408 2
6.891 -6.0082 2
6.70635 -9.40209 2
7.76589 -6.40934 2
7.66206 -7.1838 2
7.4806 -7.53513 2
7.72343 -7.8585 2
7.36697 -9.05534 2
6.11052 -7.47587 2
7.83006 -5.44381 2
7.44805 -6.55607 2
6.54709 -6.97499 2
6.56551 -7.65202 2
7.02156 -8.76282 2
6.9732 -6.9681 2
6.73547 -8.34357 2
8.10678 -7.32684 2
6.39148 -10.6474 2
7.8609 -8.09017 2
6.85842 -9.46733 2
7.33842 -7.69765 2
7.80914 -4.63167 2
7.33432 -6.49075 2
7.14657 -8.54424 2
7.51477 -5.70746 2
6.2029 -7.98117 2
7.2589 -5.48835 2
6.95791 -8.06106 2
6.49821 -8.46868 2
6.67827 -9.21005 2
8.14733 -8.38374 2
7.39014 -6.39049 2
7.77192 -6.5513 2
6.7021 -8.855 2
7.33686 -6.20423 2
6.45757 -7.77963 2
7.33275 -8.09955 2
7.89815 -8.70969 2
6.96409 -7.30495 2
6.88921 -9.14573 2
7.26361 -7.27833 2
7.74306 -7.83039 2
6.11219 -5.73051 2
7.32535 -9.19157 2
8.17178 -6.15668 2
6.85292 -7.72451 2
7.31759 -7.76076 2
7.56985 -7.87471 2
6.90407 -9.84382 2
7.38575 -5.87158 2
8.19826 -5.6412 2
8.01031 -5.08281 2
7.50787 -7.8785 2
7.69664 -5.56171 2
8.34612 -7.39693 2
7.87754 -7.21341 2
7.68721 -5.14326 2
7.40805 -9.00751 2
7.00359 -5.09146 2
6.71562 -6.30679 2
7.3405 -5.42431 2
6.99145 -7.00503 2
6.54645 -7.51377 2
6.48372 -7.0705 2
6.97196 -6.40816 2
7.1063 -7.19455 2
7.82735 -8.76536 2
7.99321 -8.3626 2
-7.23013 -10.6821 3
-3.59104 -9.73443 3
-3.32159 -9.64 3
1.45053 -10.3219 3
-4.69398 -9.20901 3
-6.32093 -11.0111 3
-9.54458 -9.27339 3
-4.24229 -9.57648 3
-6.83683 -10.048 3
-4.35189 -9.9356 3
-4.29129 -9.35516 3
-10.7184 -9.40087 3
-5.59913 -11.7233 3
-7.63722 -9.38409 3
-8.1715 -10.4294 3
-3.07751 -9.44847 3
-2.4286 -9.66438 3
-5.02082 -10.5925 3
-2.66847 -10.0099 3
-5.47572 -10.8322 3
-0.994553 -9.11747 3
-2.65844 -10.7903 3
-1.98636 -9.37977 3
-2.82684 -9.75165 3
-3.88014 -10.8523 3
-2.84753 -9.516 3
-5.70651 -10.9067 3
-11.5407 -9.59133 3
-4.64706 -10.0603 3
2.48473 -9.30884 3
-6.57983 -11.8639 3
-4.83784 -9.3399 3
-11.452 -10.6116 3
-4.19819 -9.43831 3
3.18689 -10.1403 3
-1.88446 -9.52993 3
-3.10749 -8.24111 3
-2.93817 -10.5765 3
-6.85017 -10.3923 3
-2.05533 -9.39422 3
-3.36101 -10.1199 3
-2.79557 -9.75894 3
-7.17752 -7.93253 3
0.250005 -11.3799 3
-13.2352 -10.2465 3
-8.13469 -9.59519 3
0.724386 -9.80757 3
-7.57391 -11.0365 3
-2.43338 -10.5741 3
-4.89361 -9.48367 3
-5.16261 -9.82301 3
-2.98687 -8.37739 3
-9.73555 -10.4764 3
-2.80147 -10.0636 3
-2.95899 -9.74491 3
-6.34632 -9.88389 3
-2.6973 -10.6537 3
-5.13275 -10.3347 3
-8.03667 -12.7413 3
-6.70547 -9.41801 3
-0.426236 -9.51282 3
-2.94515 -11.1979 3
-5.32181 -9.25575 3
-4.63651 -9.59624 3
-5.69209 -9.21519 3
-11.895 -10.3295 3
-4.74188 -9.00657 3
-9.17089 -9.91853 3
-6.57847 -10.7331 3
-6.83887 -10.1145 3
-11.9445 -11.1443 3
4.41985 -9.6677 3
-2.27574 -8.8759 3
-4.45789 -9.99984 3
-8.72264 -9.46253 3
-5.58026 -10.7252 3
-14.5043 -9.83938 3
-0.987127 -8.99928 3
-5.54821 -9.49167 3
-7.13171 -8.11448 3
-7.68239 -10.0576 3
-3.85217 -10.8778 3
-7.41862 -9.62004 3
-8.42419 -9.88027 3
-5.70349 -11.9801 3
-12.4817 -10.1588 3
-2.44475 -9.83835 3
-8.98872 -9.32711 3
-3.43144 -10.2587 3
7.77772 10.4509 4
8.35269 7.91847 4
9.0918 10.5992 4
9.25409 10.0745 4
9.08133 7.6888 4
8.91009 10.0441 4
9.28608 9.00521 4
7.63229 11.7051 4
10.8399 10.7646 4
10.5121 7.72276 4
7.6162 7.70041 4
12.399 8.56638 4
8.38989 10.6502 4
9.94237 8.23766 4
10.1488 9.72859 4
10.0427 7.327 4
9.11816 8.61816 4
10.2779 8.122 4
8.80577 8.9149 4
9.20857 9.78786 4
8.32528 6.9833 4
7.82832 9.17575 4
10.8604 8.5999 4
9.43868 9.73642 4
7.87237 8.9648 4
9.69829 10.2921 4
7.35698 8.0857 4
10.5966 6.82329 4
6.97712 8.37478 4
9.58493 10.3365 4
7.45759 9.5414 4
11.6829 9.70744 4
7.99877 8.65411 4
8.66101 9.75588 4
5.95892 5.18693 4
9.04318 9.99397 4
8.35499 7.46927 4
8.64433 11.8857 4
10.198 10.8369 4
10.6946 5.47123 4
12.0787 8.55468 4
9.40925 7.70057 4
7.76841 11.8255 4
8.74888 13.2316 4
9.17934 8.75775 4
12.4576 11.4558 4
10.393 11.0253 4
8.24141 9.18605 4
9.9869 8.95019 4
9.96439 7.37814 4
8.09791 5.31747 4
11.0933 9.11568 4
10.2505 9.42011 4
10.7515 8.3349 4
9.49625 8.70182 4
10.3144 8.42361 4
8.23787 11.2342 4
9.03974 10.642 4
8.87452 7.43346 4
7.71176 10.6679 4
9.1161 10.5512 4
8.32448 4.81596 4
9.40684 8.12009 4
9.09109 9.66543 4
10.0014 7.49688 4
9.8769 9.57882 4
11.0218 8.85585 4
6.71917 7.36562 4
10.4092 8.31061 4
10.5228 6.87765 4
9.29413 10.2286 4
9.06391 9.03779 4
11.5077 10.5643 4
9.5928 11.1248 4
9.20836 9.58908 4
8.54648 8.83416 4
10.8102 9.30932 4
10.7332 7.21766 4
9.94 9.29783 4
10.1308 8.0714 4
11.3767 9.28431 4
9.69305 8.41079 4
9.98947 9.92664 4
10.962 10.6149 4
9.29152 9.44266 4
10.3667 10.4983 4
11.1686 8.59525 4
8.37206 8.03311 4
8.66116 10.3524 4
9.26634 7.64412 4
7.42941 6.47467 4
7.84909 6.28252 4
10.0985 10.984 4
9.504 8.97554 4
7.43281 10.0588 4
10.3167 8.76779 4
7.33035 9.61055 4
9.78574 6.75182 4
10.72 9.05172 4
9.86185 9.62534 4
8.17458 10.0284 4
8.99243 6.85951 4
11.5688 8.17871 4
10.2813 12.6875 4
7.39365 11.0543 4
9.65881 9.48219 4
9.56478 7.23372 4
10.6445 9.38053 4
8.25767 8.96689 4
9.46386 9.40812 4
11.4204 8.46714 4
8.38528 10.9633 4
7.80589 12.6617 4
10.0477 8.808 4
10.7918 9.99479 4
9.94502 11.6736 4
11.2216 11.404 4
7.57397 8.33052 4
8.73273 10.1515 4
7.86811 8.96191 4
10.3168 7.61512 4
8.10675 9.06016 4
12.964 7.74331 4
9.54061 10.1949 4
7.15998 8.88984 4
7.35904 7.61867 4
8.35294 6.13326 4
9.82233 9.50576 4
10.4077 9.22196 4
9.22411 8.40298 4
10.3821 11.3919 4
8.14076 10.7059 4
9.76672 8.70195 4
8.81933 7.91494 4
7.50294 6.66638 4
7.91272 10.2461 4
8.12878 8.14568 4
12.6844 7.76383 4
8.42436 7.33327 4
7.6091 9.43429 4
7.55596 7.53591 4
10.6393 12.0429 4
9.32873 11.687 4
11.7222 12.6628 4
12.2852 9.21962 4
7.19229 10.1855 4
9.81566 9.00933 4
9.99755 8.29951 4
9.74033 10.1408 4
10.098 11.6276 4
8.51622 9.60989 4
9.69692 9.58617 4
10.2398 7.97828 4
6.9415 11.9485 4
8.36662 7.82344 4
10.3307 8.31755 4
9.6442 9.29619 4
8.66905 8.21343 4
11.5495 9.83895 4
10.1695 10.8117 4
11.6323 10.858 4
10.3798 11.4391 4
7.65449 9.71465 4
9.97867 11.9325 4
12.7226 7.1195 4
10.9964 8.29843 4
10.4834 10.014 4
11.6955 5.98301 4
8.36319 6.79794 4
8.4382 9.02604 4
7.09711 7.80841 4
7.5106 10.5967 4
9.99619 8.75144 4
9.30805 9.49612 4
9.55764 10.1323 4
7.21532 5.50432 4
8.87685 12.1661 4
7.6575 8.20701 4
9.855 6.98638 4
11.1428 9.60335 4
10.7692 7.84127 4
8.12348 8.22952 4
8.99688 8.18769 4
7.30728 8.86367 4
10.5993 8.75352 4
8.45205 9.14372 4
9.43248 7.68846 4
10.4228 8.65114 4
10.4744 8.37469 4
8.75844 8.31761 4
8.26728 9.35881 4
10.0996 8.9737 4
9.48112 9.45576 4
8.62494 9.57769 4
12.4078 9.94643 4
11.1204 8.43144 4
11.8039 7.73769 4
8.95421 8.15994 4
11.5015 11.893 4
11.7362 10.2879 4
11.8109 10.3852 4
7.30807 11.1014 4
6.96561 12.9446 4
9.46473 9.6832 4
9.14663 10.5398 4
8.97026 6.18525 4
9.86935 7.76341 4
8.57179 12.7254 4
9.5612 10.3566 4
10.2698 8.36551 4
9.53485 11.1737 4
9.69409 10.2262 4
10.9216 8.66074 4
10.2107 8.14847 4
8.62508 6.94419 4
9.14171 10.6878 4
8.40271 8.07938 4
7.54329 8.2011 4
9.78279 10.2109 4
7.66736 9.72372 4
8.61221 9.12349 4
6.09062 5.5561 4
10.2406 9.01555 4
8.79844 9.43396 4
9.21687 8.49528 4
6.65637 10.031 4
10.1552 7.87799 4
8.98021 7.35956 4
6.5088 8.70636 4
7.26911 8.33326 4
9.85874 8.26369 4
8.06345 8.17683 4
-0.934593 -7.8972 5
0.71891 -9.40212 5
-1.12864 -7.72039 5
-0.0692072 -8.84577 5
0.646825 -9.30959 5
-0.392798 -8.32089 5
-1.12853 -7.61385 5
-0.319353 -8.45805 5
0.16048 -9.01891 5
0.272939 -9.32735 5
-0.0232296 -8.62857 5
0.126071 -8.7315 5
-0.473236 -8.26271 5
-0.24974 -8.59538 5
0.508609 -9.35993 5
0.118226 -8.7943 5
0.274828 -9.14962 5
-0.380142 -8.25549 5
0.480581 -9.21357 5
-1.45002 -7.29978 5
-0.207927 -8.58469 5
-0.556792 -8.12413 5
0.421434 -9.29559 5
-0.290072 -8.56996 5
0.0075748 -8.94483 5
-0.203514 -8.41283 5
-0.907421 -7.58103 5
0.549383 -9.34118 5
0.119858 -8.77805 5
-1.47771 -7.42414 5
-2.22503 -6.50612 5
0.222732 -9.06964 5
-2.64118 -6.34171 5
-1.42248 -7.2033 5
-0.38146 -8.28747 5
-1.25066 -7.44689 5
-1.23544 -7.31481 5
-1.21164 -7.52581 5
-1.18799 -7.58879 5
-0.0756827 -8.68861 5
0.848409 -9.69461 5
-0.600519 -8.28474 5
-1.42359 -7.41964 5
-0.0443351 -8.7558 5
-0.787665 -7.80199 5
-1.62938 -7.0289 5
0.427504 -9.14803 5
0.746736 -9.63639 5
-2.12429 -6.72785 5
0.0741736 -9.00796 5
-0.896767 -7.77659 5
-0.959451 -7.83628 5
-1.50766 -7.18634 5
1.32633 -10.013 5
0.0688784 -8.80328 5
-2.77616 -6.18307 5
1.13675 -9.74645 5
-0.475038 -8.47931 5
1.04688 -9.60752 5
-0.767619 -8.11147 5
-1.13427 -7.63208 5
1.08 -9.67963 5
-0.702023 -7.92926 5
-0.175957 -8.34058 5
0.459571 -9.09696 5
-1.22045 -7.68064 5
0.333124 -8.8576 5
-0.629539 -8.16494 5
0.244165 -9.18183 5
-1.39513 -7.31016 5
0.0460836 -9.01332 5
-0.144212 -8.75988 5
1.28344 -10.2309 5
-1.285 -7.51537 5
0.0384563 -8.92357 5
0.0535919 -8.93197 5
-0.406913 -8.48357 5
0.548354 -9.27183 5
-0.0286759 -8.74419 5
0.977084 -9.80635 5
0.165835 -8.84974 5
-0.572525 -8.1245 5
-0.795352 -7.96089 5
-2.61775 -6.07388 5
1.00447 -9.79143 5
-0.70348 -8.11303 5
-1.14705 -7.38977 5
-0.377904 -8.38288 5
-0.756454 -7.79032 5
0.464856 -9.31584 5
0.904242 -9.5537 5
0.743124 -9.64135 5
-1.06519 -7.57075 5
-1.16966 -7.74004 5
-0.518959 -8.30154 5
-0.0869423 -8.82839 5
-0.616873 -8.32219 5
-0.422768 -8.3645 5
-1.00045 -7.71311 5
-0.593995 -7.93859 5
-1.22567 -7.58526 5
-0.812263 -7.82368 5
1.40621 -9.93183 5
0.585425 -9.46045 5
-0.315706 -8.43026 5
-0.218181 -8.59147 5
-0.596822 -8.18523 5
-1.19242 -7.69017 5
-0.43783 -8.30389 5
0.490142 -9.23837 5
-0.952258 -7.81498 5
0.455585 -9.07614 5
-2.21207 -6.5694 5
-0.394874 -8.43019 5
-0.154756 -8.66726 5
0.265913 -8.88219 5
-0.869129 -8.06448 5
0.504961 -9.09387 5
0.468418 -9.35862 5
-0.40651 -8.23022 5
0.576009 -9.19835 5
-0.0761819 -8.53039 5
-1.24152 -7.392 5
0.233844 -9.00085 5
0.670837 -9.62727 5
-1.28399 -7.53121 5
-1.21625 -7.643 5
0.178372 -9.04707 5
0.0428187 -8.98428 5
-1.48513 -7.19926 5
-0.938518 -7.77066 5
0.432009 -9.06171 5
-0.0414142 -8.77399 5
-1.1849 -7.59298 5
-1.54135 -7.39905 5
0.78698 -9.45496 5
-0.722305 -8.12732 5
0.29753 -9.01398 5
-0.434735 -8.33466 5
-0.693606 -8.1128 5
-0.000345976 -8.64304 5
0.350939 -8.95862 5
0.305374 -8.96305 5
-1.3104 -7.67147 5
-0.822546 -7.97212 5
0.487081 -9.24565 5
0.0998437 -8.85978 5
-1.04949 -7.74738 5
-0.952804 -7.83921 5
-0.530178 -8.20678 5
-1.39646 -7.68608 5
-0.30413 -8.46308 5
-1.41698 -7.34337 5
-1.01614 -7.81409 5
-0.56227 -7.94287 5
0.754137 -9.54833 5
-0.837453 -8.00916 5
-0.502553 -8.49019 5
-0.77586 -8.08088 5
0.761023 -9.20599 5
-1.27387 -7.51426 5
-0.364505 -8.44707 5
-1.12842 -7.94864 5
-1.9837 -6.95667 5
-1.44997 -7.34411 5
-0.268086 -8.49252 5
0.76346 -9.60125 5
-1.93068 -7.00662 5
0.0207715 -8.67455 5
-0.16445 -8.61261 5
0.775 -9.52104 5
0.17005 -9.05133 5
0.855721 -9.47279 5
-0.233115 -8.67112 5
-0.0121049 -8.90259 5
-1.89234 -7.0787 5
-0.562091 -8.45676 5
0.118463 -8.91065 5
-0.205603 -8.60756 5
-0.529012 -8.31618 5
0.0383471 -8.96885 5
0.0804424 -8.98456 5
0.796957 -9.45653 5
-0.956699 -7.75909 5
-1.12651 -7.47696 5
-1.56767 -7.16337 5
-0.239473 -8.52752 5
-2.2628 -6.46603 5
0.658588 -9.45315 5
0.48442 -9.10258 5
0.632615 -9.27915 5
-0.427371 -8.2767 5
-1.02184 -7.76129 5
-0.985882 -7.90244 5
-0.567277 -7.96355 5
-1.13736 -7.64019 5
-0.340105 -8.30527 5
-1.40787 -7.55779 5
-0.402903 -8.60838 5
-0.990486 -8.03252 5
-0.285309 -8.39893 5
0.141231 -8.99024 5
1.07355 -9.83092 5
-1.28814 -7.42383 5
-0.253959 -8.3527 5
-1.80805 -6.96437 5
-0.906752 -8.03062 5
-0.579636 -8.13145 5
-1.30307 -7.58066 5
-0.921008 -7.76251 5
0.0263939 -8.94316 5
0.251835 -9.00853 5
0.270003 -9.30544 5
-1.42248 -7.32974 5
-1.08895 -7.85743 5
-0.190625 -8.36905 5
-1.0535 -7.78401 5
-0.120484 -8.5892 5
-0.889471 -7.87572 5
-0.633125 -7.9535 5
-1.68696 -7.24817 5
-1.21236 -7.44339 5
-0.707806 -8.14607 5
-0.255388 -8.442 5
-1.22608 -7.57687 5
-0.183548 -8.51711 5
-0.304211 -8.24565 5
-1.00879 -7.68397 5
-0.428932 -8.15602 5
-2.57863 -6.28914 5
-0.0801522 -8.79676 5
-0.173857 -8.47645 5
-2.17888 -6.58847 5
0.269167 -8.98478 5
-0.699437 -8.14318 5
0.362425 -9.27647 5
0.424146 -9.21905 5
0.0515631 -8.76636 5
-0.424782 -8.39952 5
-1.67791 -7.0099 5
0.195874 -9.0442 5
-0.518287 -8.35649 5
0.133866 -8.80654 5
-0.873057 -7.85874 5
-0.293071 -8.51468 5
0.225152 -9.13721 5
-0.850355 -7.871 5
-0.876371 -7.93133 5
-0.909174 -7.58636 5
-0.514945 -8.22801 5
-2.30812 -6.62167 5
-0.839934 -7.91753 5
-0.720236 -8.26547 5
0.108357 -9.02897 5
-1.22192 -7.63469 5
-1.6685 -7.26314 5
-1.15143 -7.90716 5
-0.908165 -7.99441 5
0.181957 -8.85996 5
-0.93303 -7.58728 5
0.158904 -8.9088 5
-0.996374 -7.81888 5
0.639225 -9.42504 5
-0.544089 -8.07453 5
-0.0945493 -8.61302 5
-0.138795 -8.38282 5
-0.118653 -8.60472 5
-0.68554 -8.23741 5
-0.121751 -8.81162 5
-0.225885 -8.62533 5
-0.740538 -7.87831 5
-0.100835 -8.70356 5
-0.436952 -8.25071 5
-0.0677166 -8.55044 5
-0.328746 -8.21337 5
-0.19124 -8.25495 5
-0.0854801 -8.65722 5
0.0642947 -8.91178 5
0.11502 -8.8848 5
-0.972136 -7.91942 5
-1.0552 -7.59443 5
-0.471443 -8.5155 5
1.03 -9.8294 5
-0.585363 -8.37845 5
0.45735 -9.43101 5
0.421441 -9.22125 5
0.785153 -9.65275 5
0.597704 -9.28325 5
-1.44435 -7.16242 5
0.0682282 -8.9502 5
-0.708103 -7.9972 5
0.650861 -9.47148 5
-0.554839 -8.46433 5
-1.61972 -7.18628 5
-0.109563 -8.68492 5
-0.835026 -7.85332 5
0.182065 -9.03386 5
0.0861578 -8.94812 5
-1.44839 -7.29736 5
-1.3424 -7.57235 5
-0.53956 -8.0811 5
0.665955 -9.35826 5
-0.219986 -8.61165 5
-0.794255 -8.34601 5
-0.0993802 -8.90316 5
-0.352249 -8.34064 5
-0.0975106 -8.6466 5
-0.617104 -8.17619 5
-0.94644 -7.77195 5
-2.33967 -6.44308 5
0.00247364 -8.83534 5
-0.285719 -8.20483 5
0.793271 -9.71738 5
1.25306 -10.0458 5
0.599785 -9.33305 5
0.833627 -9.65811 5
0.802492 -9.47345 5
0.012696 -8.74623 5
-1.00565 -7.57192 5
-0.284424 -8.40032 5
-0.208776 -8.54769 5
-0.126038 -8.4211 5
-0.0815834 -8.62631 5
-0.551978 -8.10184 5
-0.822848 -7.88154 5
0.118565 -8.83971 5
8.77697 3.33647 6
9.18238 1.40593 6
7.58945 2.61824 6
9.23594 3.20252 6
10.623 2.37798 6
8.89856 2.73874 6
9.79799 1.53943 6
6.92471 2.68843 6
7.7936 3.57529 6
9.14714 2.36747 6
8.9459 2.52092 6
9.77 2.53422 6
9.38276 3.19378 6
8.14008 1.9422 6
9.23246 2.92748 6
9.28139 3.09159 6
9.57757 3.76959 6
8.03839 2.1397 6
9.00733 2.30152 6
9.8571 1.60762 6
10.4144 2.06498 6
8.74049 2.68428 6
10.7213 2.51959 6
6.4931 2.92952 6
9.10188 2.91 6
8.46643 4.28115 6
9.60876 2.53542 6
9.35284 2.74905 6
9.54018 2.27687 6
8.7658 2.69882 6
10.2803 2.3703 6
8.89068 3.63283 6
10.8658 1.85472 6
10.1539 3.13835 6
9.38107 2.92039 6
10.4059 2.071 6
9.53307 3.39847 6
9.71028 2.98143 6
7.37439 2.82372 6
9.81076 2.68947 6
8.44945 2.51415 6
8.30147 2.69747 6
10.5302 2.35638 6
10.1913 2.99712 6
9.78961 2.13029 6
9.34832 2.5076 6
9.8061 2.62538 6
9.66509 1.92281 6
8.84304 3.4522 6
8.91396 2.26217 6
9.65752 2.29475 6
8.47172 1.96964 6
6.38144 3.22349 6
9.08137 2.24578 6
8.16531 1.33082 6
9.37303 2.21244 6
7.67164 3.27221 6
7.6304 3.96092 6
7.93024 3.77983 6
9.31909 2.46694 6
8.03216 2.95135 6
7.14945 2.53539 6
7.65581 3.00237 6
10.486 2.84228 6
10.3473 2.59355 6
9.13585 2.78539 6
9.3559 2.89781 6
9.74393 2.1281 6
9.45928 2.58034 6
6.62963 3.01596 6
11.5469 2.38467 6
9.53666 3.54609 6
9.80496 2.74279 6
9.32995 2.72326 6
9.72512 2.59485 6
10.5633 1.75963 6
9.68222 2.21986 6
8.88144 2.55282 6
8.21388 2.84987 6
9.10322 1.21218 6
9.56752 3.10997 6
9.11385 1.42037 6
8.82424 2.20917 6
8.63997 2.87355 6
10.0919 1.44196 6
7.47755 2.72564 6
9.0424 3.13607 6
8.28686 3.74326 6
7.48254 3.15608 6
8.69253 3.20341 6
9.57 2.96653 6
9.33957 2.55712 6
10.6119 4.02822 6
11.2258 3.24413 6
8.73215 3.24109 6
9.03719 4.08579 6
10.57 2.93481 6
9.77584 2.40609 6
9.09856 3.34985 6
9.87664 4.57117 6
9.09519 2.58977 6
8.43293 3.63699 6
10.0343 2.35704 6
8.7917 2.6742 6
7.93923 1.90422 6
8.2231 2.64751 6
10.2965 2.81053 6
8.5081 2.5266 6
7.37395 2.80746 6
9.51901 3.90459 6
10.8602 2.81413 6
10.1019 2.22796 6
8.07542 2.67751 6
8.65962 2.57119 6
9.96069 3.06846 6
9.82198 2.58035 6
11.0459 2.28109 6
9.97293 2.02845 6
9.61447 3.55147 6
9.5385 2.42996 6
8.5993 3.519 6
8.83875 3.11713 6
9.7669 3.04884 6
9.96973 2.14538 6
9.54672 2.53033 6
8.32777 3.05399 6
8.7187 2.08107 6
9.46871 2.82357 6
10.0134 2.84104 6
10.1684 1.70349 6
9.38984 1.84099 6
9.47864 2.76386 6
7.43181 2.6991 6
10.55 2.5258 6
9.08906 2.26397 6
9.65316 2.01487 6
8.98996 2.31416 6
10.3309 2.55234 6
11.0676 1.78707 6
9.0097 3.01945 6
9.77812 2.2749 6
9.28225 3.2309 6
6.94069 3.85198 6
8.82821 2.25244 6
8.52723 2.05001 6
9.82444 3.16231 6
9.04597 2.36734 6
8.23148 2.59221 6
8.88087 3.53179 6
10.3169 2.3087 6
9.66081 2.95278 6
8.35074 3.35341 6
9.48397 3.28495 6
10.9369 2.2754 6
9.58259 3.11953 6
9.46042 2.12392 6
8.30723 2.78375 6
10.1677 3.4404 6
10.2852 3.01232 6
8.75333 3.54132 6
9.28215 2.74578 6
8.09206 2.01976 6
8.18957 3.12987 6
9.49777 3.07337 6
9.55958 2.24934 6
7.4518 3.34719 6
10.0802 3.40863 6
9.47921 2.86761 6
8.65316 3.07617 6
7.56968 3.0299 6
8.87938 2.4275 6
9.507 2.6185 6
7.06888 2.46467 6
8.74526 3.51406 6
7.19001 2.73029 6
10.7989 3.42181 6
10.2021 3.85175 6
9.98511 2.62256 6
10.2099 3.83791 6
11.1155 1.97391 6
7.428 2.39089 6
9.44957 2.73952 6
9.72776 2.93777 6
10.4187 2.16503 6
10.5943 1.98158 6
8.8645 2.17384 6
10.5658 1.59204 6
9.03171 2.41342 6
11.7329 3.17115 6
7.45666 2.6638 6
10.1589 3.05249 6
10.2511 2.38057 6
8.94928 1.50845 6
8.15897 2.49158 6
7.96926 3.15471 6
10.202 3.45583 6
8.68187 3.75801 6
8.33698 3.1 6
9.25343 2.23925 6
10.3006 2.73575 6
8.75945 1.89966 6
8.5707 3.22981 6
9.57159 2.44423 6
7.67666 3.01876 6
9.01465 2.10939 6
7.55069 3.92162 6
9.8303 2.95803 6
7.69023 3.59333 6
8.93417 2.84768 6
9.83589 1.91912 6
10.9056 2.53324 6
9.61887 1.20228 6
10.3606 2.5398 6
10.6626 2.42246 6
9.77665 2.82915 6
9.53146 3.35224 6
8.12941 2.62701 6
8.03586 3.01282 6
8.10439 3.14909 6
9.19471 1.94182 6
10.4187 1.93401 6
9.6346 3.10232 6
10.7861 3.78477 6
8.50377 3.73203 6
9.22394 2.75602 6
9.21139 1.94539 6
10.6063 1.61144 6
8.26391 2.48394 6
9.11652 2.9093 6
8.74779 2.78373 6
9.32943 3.36699 6
8.29411 2.40492 6
9.953 2.71879 6
9.12197 2.94925 6
9.21431 2.26348 6
9.09672 1.93929 6
8.95865 3.27777 6
10.4534 2.51067 6
9.50412 2.4356 6
8.27907 3.34908 6
11.4647 3.19074 6
8.31489 2.63716 6
9.76702 1.81342 6
10.3447 1.77307 6
9.53888 3.1599 6
10.2971 2.83781 6
8.6594 3.81061 6
7.22708 2.04179 6
10.2733 2.15596 6
8.86338 2.9944 6
9.56986 3.42493 6
9.67869 1.909 6
9.52081 2.84968 6
9.66987 2.1359 6
10.1473 2.25581 6
7.3336 2.6804 6
9.2136 2.90209 6
9.63043 3.61078 6
8.35451 3.58927 6
9.92629 2.55236 6
9.33197 2.86941 6
7.56306 3.70725 6
9.2077 3.05786 6
9.07881 2.85438 6
9.32744 2.84464 6
10.4629 2.58686 6
9.22168 1.93826 6
8.59445 2.67103 6
10.0211 2.00519 6
8.03505 3.7664 6
7.35788 3.14248 6
8.97886 1.92533 6
10.9756 2.86277 6
10.6163 2.81305 6
7.94928 3.40118 6
9.9414 3.52849 6
10.2143 3.36983 6
7.36616 1.80247 6
9.43092 1.86349 6
9.70985 3.82224 6
10.3737 2.58173 6
9.78331 3.22462 6
10.3529 2.2289 6
9.11515 1.59897 6
8.92029 2.71032 6
8.16017 3.15262 6
8.64238 2.67988 6
9.02064 2.40779 6
6.73283 3.86703 6
8.9584 2.69619 6
7.79624 1.56392 6
9.61027 2.33329 6
9.32967 2.81579 6
8.36215 2.61392 6
10.1043 3.21063 6
9.14677 2.75178 6
8.55048 2.42798 6
10.7747 2.70016 6
9.12258 3.62165 6
8.74947 2.41739 6
8.84023 3.18142 6
8.19636 2.47547 6
7.83561 3.18017 6
10.6137 1.51478 6
10.7812 3.60901 6
8.73946 3.30227 6
8.53303 2.96399 6
7.14673 2.51084 6
8.11542 2.24947 6
7.32994 3.7121 6
8.68799 1.7938 6
9.04614 3.90165 6
7.93595 2.23935 6
9.14341 2.63325 6
11.9397 1.47765 6
8.65758 3.5765 6
9.55727 1.82922 6
9.35407 2.57954 6
9.03057 3.70732 6
10.4251 2.93306 6
5.51788 3.78179 6
10.2178 2.97571 6
10.8389 2.28723 6
9.16532 3.63629 6
9.12608 3.26126 6
7.4036 3.62108 6
9.80336 3.08101 6
7.30327 2.5516 6
8.92906 3.41458 6
10.6301 2.16155 6
9.70831 1.67905 6
8.11495 2.08704 6
8.45989 2.35426 6
9.46671 3.53534 6
8.38051 2.23916 6
7.68134 3.35196 6
7.99861 1.96743 6
8.81691 3.03195 6
8.80301 4.16563 6
9.70181 3.04412 6
8.40331 2.91722 6
9.87104 3.09669 6
9.40778 3.1703 6
7.59814 2.77817 6
9.32199 3.24366 6
11.1695 2.79901 6
8.48039 2.22319 6
7.60422 2.95632 6
9.45095 3.32713 6
9.71796 2.87351 6
9.60866 2.61186 6
8.97373 2.99233 6
7.51184 2.66311 6
9.41809 3.22854 6
10.5445 3.33765 6
10.407 1.76382 6
7.65615 2.50492 6
8.50375 3.37128 6
7.97802 3.27233 6
9.75484 2.69012 6
9.28007 1.81141 6
8.42127 2.64406 6
7.67457 3.53306 6
10.708 2.2591 6
7.34956 3.69562 6
8.78326 1.68228 6
7.90927 2.86176 6
9.83614 3.56083 6
9.12543 2.97692 6
10.019 3.00404 6
8.55421 3.68275 6
9.78856 2.20135 6
10.4095 3.16811 6
8.37856 3.17314 6
10.6219 2.63503 6
8.97944 2.4895 6
9.15157 3.14748 6
10.2978 3.44429 6
10.0584 2.40191 6
7.73312 2.61812 6
10.8147 2.44439 6
8.42584 2.24972 6
8.21453 1.87374 6
8.86798 3.58449 6
8.69776 2.56459 6
9.12819 2.92058 6
9.14366 3.51386 6
8.31384 2.18274 6
9.92516 2.11357 6
9.40545 2.77495 6
9.51758 1.85014 6
8.84751 4.19241 6
8.36101 3.27499 6
9.63234 1.67884 6
8.74771 3.14424 6
9.25321 2.69509 6
9.45459 2.11302 6
9.22567 2.98662 6
9.7944 2.35446 6
9.95685 2.52718 6
7.31487 2.1475 6
8.36163 2.36343 6
8.99486 2.20812 6
9.90014 3.49641 6
9.20056 3.38124 6
10.5359 1.52336 6
9.95051 2.68711 6
8.40176 3.71698 6
9.04499 1.77755 6
9.35722 3.33926 6
9.18074 2.4609 6
11.1848 3.20236 6
11.2129 2.1346 6
9.51054 2.34117 6
8.76914 2.89949 6
9.13377 2.14257 6
9.84234 3.11614 6
9.23695 2.79472 6
8.74465 3.0558 6
9.90789 3.07508 6
7.61017 4.01298 6
8.20381 2.92329 6
9.47038 2.01751 6
7.49968 4.03296 6
9.72348 3.09208 6
9.56607 2.65735 6
9.22179 2.80347 6
10.2554 2.81892 6
9.14666 2.35491 6
10.0837 2.43843 6
9.0318 3.04046 6
11.2161 3.84639 6
8.53738 1.79088 6
9.39769 3.13273 6
9.33267 3.01704 6
9.75156 3.20266 6
8.41142 2.94096 6
8.61093 2.64567 6
11.0809 3.17624 6
8.1627 3.16284 6
7.80887 4.17057 6
8.78131 3.49186 6
8.19742 2.16268 6
9.2979 2.78257 6
7.89726 4.22098 6
10.072 3.00407 6
9.01103 3.0556 6
9.42133 3.70882 6
9.53806 2.86504 6
10.1455 2.87427 6
8.0975 2.15311 6
9.06981 2.65593 6
8.55473 3.04979 6
7.94798 2.02475 6
6.02508 2.69274 6
8.61285 3.63954 6
9.35075 2.72861 6
9.05234 2.39993 6
9.12773 0.785294 6
9.75421 3.20328 6
8.30408 2.98203 6
10.3635 3.65569 6
9.40729 2.57873 6
8.62124 1.9343 6
8.69183 2.10316 6
10.4591 1.4537 6
8.21543 3.04929 6
8.93031 2.01099 6
10.1618 2.13921 6
9.20807 2.92546 6
10.5341 2.80255 6
8.49564 2.43268 6
10.0019 2.20672 6
10.3789 1.00696 6
8.69368 3.68546 6
10.541 2.36341 6
10.1485 1.93477 6
8.67943 3.16096 6
9.90784 1.93926 6
9.54011 3.4525 6
10.245 3.23405 6
9.91873 2.54174 6
9.79294 2.40292 6
8.58838 3.29788 6
8.58568 2.70629 6
9.32889 3.3848 6
8.19498 2.33511 6
10.9465 3.06087 6
8.72407 3.27246 6
9.39973 2.3233 6
10.2149 3.45486 6
10.3827 1.78439 6
9.42916 2.91351 6
8.00646 2.45078 6
8.738 3.61711 6
10.4554 1.28245 6
7.90323 3.06877 6
9.91057 3.64906 6
10.8088 2.77716 6
9.9288 3.72041 6
7.26905 3.51136 6
10.1343 2.21498 6
10.3251 2.61842 6
8.97 1.74743 6
8.39325 3.554 6
8.30791 2.74833 6
8.60397 3.08408 6
6.9274 2.98112 6
8.90764 2.40274 6
9.43907 2.42627 6
-8.88542 -6.45213 7
-8.61334 -5.36667 7
-9.17701 -6.13152 7
-8.75712 -6.24963 7
-8.77241 -5.29267 7
-9.08064 -7.76718 7
-9.21244 -5.62292 7
-8.60089 -6.18616 7
-8.57575 -6.2696 7
-7.76527 -6.374 7
-7.88011 -5.51789 7
-7.72646 -6.46215 7
-8.82712 -5.86741 7
-7.95127 -5.72442 7
-9.66855 -6.00727 7
-9.14177 -6.81019 7
-9.05275 -5.47402 7
-9.06037 -5.87442 7
-8.57092 -5.05097 7
-9.22252 -5.60476 7
-8.57633 -6.65122 7
-9.99078 -5.94643 7
-9.3855 -6.35938 7
-8.94305 -6.92442 7
-8.31724 -7.15946 7
-9.20256 -5.48016 7
-9.02159 -5.43135 7
-8.30715 -6.02388 7
-8.44154 -6.13265 7
-8.83721 -6.85204 7
-8.41667 -6.22993 7
-8.76378 -6.42214 7
-9.55851 -6.59508 7
-8.98482 -4.68075 7
-9.11401 -5.79707 7
-9.43222 -6.7945 7
-9.06053 -6.09038 7
-9.49186 -5.54801 7
-8.30966 -6.36524 7
-8.36768 -6.06828 7
-9.78939 -5.99948 7
-8.73409 -5.98063 7
-8.83672 -6.27735 7
-9.67187 -5.90077 7
-8.42949 -6.2713 7
-9.12838 -5.90156 7
-9.34044 -5.5434 7
-9.51783 -5.8374 7
-8.78578 -5.88378 7
-8.75625 -6.81952 7
-9.29142 -6.34208 7
-9.25646 -6.18963 7
-8.54458 -5.06225 7
-9.37111 -5.86386 7
-8.76433 -6.49466 7
-8.94426 -5.37109 7
-8.04779 -5.84469 7
-8.10025 -6.81592 7
-8.09388 -6.2059 7
-8.29086 -6.34517 7
-8.16066 -5.30006 7
-9.13195 -6.4863 7
-8.51079 -6.52854 7
-8.74188 -5.91514 7
-8.06843 -5.76406 7
-9.01526 -6.00949 7
-8.18822 -5.79486 7
-9.53632 -5.53277 7
-9.9822 -5.82713 7
-8.71025 -6.374 7
-9.56233 -6.14813 7
-9.28333 -5.58325 7
-8.75533 -5.75384 7
-8.93847 -6.70411 7
-8.51064 -6.43427 7
-7.94354 -6.50838 7
-8.86499 -6.00544 7
-7.97473 -6.71805 7
-9.3322 -5.78997 7
-8.56813 -7.00061 7
-9.20931 -5.88989 7
-9.74342 -6.82251 7
-9.36348 -6.12504 7
-8.8181 -6.28116 7
-8.85172 -6.49831 7
-8.97933 -6.72377 7
-10.2837 -6.00934 7
-9.36442 -5.84848 7
-9.27003 -5.87504 7
-8.41533 -5.30566 7
-9.44898 -5.62672 7
-7.99969 -6.13496 7
-7.95203 -5.75608 7
-8.01349 -6.92889 7
-9.28594 -5.76663 7
-8.26564 -6.04803 7
-8.51097 -5.4224 7
-8.74898 -6.6572 7
-8.80306 -6.03149 7
-9.42803 -5.65262 7
-8.23838 -5.79878 7
-9.12374 -6.09721 7
-8.53782 -6.18717 7
-9.86237 -6.19745 7
-9.57749 -6.66226 7
-8.17284 -7.05693 7
-8.29152 -6.12306 7
-9.08224 -5.46902 7
-8.83639 -7.04993 7
-9.50357 -5.53454 7
-9.16276 -7.07387 7
-8.69668 -5.22429 7
-8.8322 -5.92121 7
-8.20481 -5.31714 7
-8.20252 -6.64989 7
-7.88553 -6.20508 7
-9.1231 -6.06706 7
-8.65638 -5.70695 7
-7.97856 -5.96436 7
-8.5173 -6.5958 7
-8.6595 -6.34439 7
-9.24803 -5.34441 7
-8.6978 -6.34966 7
-7.83198 -4.97891 7
-8.7543 -5.99877 7
-8.47052 -6.72003 7
-9.77032 -6.20154 7
-8.8704 -6.32917 7
-8.92324 -6.09625 7
-8.88761 -6.73256 7
-8.53641 -5.96926 7
-9.92626 -5.26146 7
-8.54797 -6.44918 7
-8.74221 -6.26466 7
-8.3787 -6.32752 7
-8.37026 -5.42593 7
-9.68302 -6.76797 7
-9.01092 -6.25003 7
-8.21013 -6.1185 7
-8.51927 -5.06652 7
-8.47156 -5.64501 7
-9.10022 -5.6756 7
-9.23454 -5.71837 7
-9.18851 -6.3851 7
-9.09792 -6.77047 7
-8.71563 -7.03022 7
-8.9056 -7.10821 7
-9.13331 -4.84785 7
-8.41574 -6.32787 7
-8.01696 -5.60034 7
-9.46045 -5.49228 7
-7.71349 -5.42801 7
-7.96458 -6.15807 7
-9.24358 -6.22674 7
-8.58091 -5.40968 7
-8.99763 -5.99758 7
-9.5458 -6.45401 7
-10.1042 -6.66175 7
-9.02961 -6.06878 7
-9.23255 -6.82996 7
-8.51119 -6.17862 7
-8.91646 -5.73945 7
-8.2454 -5.63766 7
-8.80492 -6.70639 7
-9.11748 -6.36753 7
-8.77907 -6.31867 7
-8.97209 -6.65545 7
-8.18502 -5.96313 7
-8.85576 -6.4172 7
-8.42007 -6.47127 7
-8.59794 -5.77184 7
-8.38275 -6.361 7
-8.3803 -5.67455 7
-8.8023 -6.84241 7
-9.14267 -6.42215 7
-9.06104 -6.92038 7
-8.73598 -6.59812 7
-8.92838 -6.02316 7
-8.41315 -6.61976 7
-9.09133 -7.37328 7
-9.03881 -6.32854 7
-8.65734 -4.63914 7
-9.04025 -6.08249 7
-8.36986 -5.64517 7
-8.82994 -6.5682 7
-8.17834 -5.76143 7
-8.45662 -5.84848 7
-9.09391 -5.47764 7
-9.36856 -5.97544 7
-9.27418 -6.66377 7
-8.63887 -6.72014 7
-8.692 -5.89274 7
-8.41547 -6.93979 7
-8.69593 -6.21192 7
-9.50065 -6.97294 7
-8.77836 -6.10267 7
-8.70049 -6.58111 7
-8.77582 -5.66103 7
-8.39255 -7.15457 7
-9.35989 -6.21801 7
-8.47644 -6.04971 7
-9.09556 -5.60213 7
-8.85397 -5.69109 7
-9.44791 -6.1921 7
-8.38309 -6.54749 7
-8.79359 -5.37505 7
-8.8714 -6.186 7
-8.44909 -6.61404 7
-10.1383 -6.29718 7
-8.35407 -5.87842 7
-8.98693 -6.22535 7
-8.5078 -6.9847 7
-9.08487 -5.8159 7
-8.71097 -6.10008 7
-8.73542 -5.71079 7
-9.11406 -6.53722 7
-9.06955 -6.31115 7
-8.98772 -5.76813 7
-8.89785 -6.16075 7
-8.42928 -6.03651 7
-9.96297 -6.32326 7
-10.0857 -5.95145 7
-8.02554 -6.61074 7
-9.46784 -6.2161 7
-8.40433 -5.84758 7
-8.79847 -6.33484 7
-8.03623 -5.86082 7
-8.94871 -6.64438 7
-8.34937 -5.61136 7
-8.11788 -5.43112 7
-10.2641 -6.44684 7
-8.63438 -5.80927 7
-8.22816 -6.10119 7
-9.16287 -7.15618 7
-8.16644 -5.81496 7
-8.99358 -6.33765 7
-8.89437 -5.92337 7
-7.36232 -6.17741 7
-9.22302 -7.05248 7
-8.89415 -6.41727 7
-9.07166 -5.02857 7
-8.63814 -6.53463 7
-10.1035 -5.81682 7
-8.88113 -5.71336 7
-9.16268 -6.33776 7
-8.95915 -6.37031 7
-8.19881 -5.87755 7
-8.73125 -5.67059 7
-9.83958 -7.15788 7
-8.94552 -5.3074 7
-8.04068 -6.13913 7
-8.00832 -5.79514 7
-8.8685 -6.3462 7
-8.51852 -6.62446 7
-8.61781 -5.87631 7
-10.0103 -6.50307 7
-8.95776 -5.15175 7
-8.37173 -6.01624 7
-10.001 -6.79781 7
-8.78061 -6.59045 7
-8.39707 -6.23729 7
-8.36056 -6.30159 7
-8.6228 -6.60093 7
-8.97818 -5.86568 7
-8.62041 -6.44402 7
-9.011 -6.21258 7
-8.91405 -7.01088 7
-9.28048 -6.89735 7
-9.02506 -6.03194 7
-8.34822 -5.91211 7
-8.40301 -6.3515 7
-8.51446 -5.93593 7
-8.18366 -5.72227 7
-9.7396 -5.29257 7
-8.97375 -5.65565 7
-8.84058 -6.32452 7
-9.11195 -5.48075 7
-7.6382 -4.97336 7
-8.55009 -6.58512 7
-9.02643 -6.44689 7
-8.9168 -6.70885 7
-8.02176 -5.79728 7
-8.5852 -6.03837 7
-9.20151 -6.66244 7
-8.13361 -6.25714 7
-8.43723 -6.56311 7
-8.83247 -6.26712 7
-8.65307 -5.93094 7
-8.37774 -6.75082 7
-8.78549 -6.25322 7
-9.40234 -6.26626 7
-8.04001 -7.15156 7
-8.85802 -6.3993 7
-8.76733 -5.88727 7
-9.07172 -5.5126 7
-8.86471 -6.1103 7
-8.57049 -5.38734 7
-8.88472 -6.41978 7
-9.04003 -5.42393 7
-8.29299 -6.08351 7
-8.68548 -5.94296 7
-8.77713 -5.98524 7
-8.59071 -5.92624 7
-7.52039 -6.28443 7
-8.4532 -6.25636 7
-9.99123 -6.39654 7
-8.94049 -6.90833 7
-9.2684 -5.54514 7
-9.60929 -6.36629 7
-9.14887 -6.93936 7
-8.34477 -6.36878 7
-9.72606 -5.88346 7
-8.59187 -6.74212 7
-8.87946 -6.78364 7
-8.90647 -6.00842 7
-9.05563 -5.26765 7
-9.40066 -6.30027 7
-7.60363 -5.6521 7
-8.62213 -6.44322 7
-8.6231 -6.67484 7
-7.85316 -5.65119 7
-8.53224 -6.77963 7
-8.60416 -6.48808 7
-9.39014 -6.34246 7
-7.97984 -6.0977 7
-9.02271 -6.25552 7
-8.35076 -6.87451 7
-9.13032 -6.49316 7
-9.28148 -4.80267 7
-8.34881 -6.03602 7
-9.18151 -6.3321 7
-8.43469 -6.17699 7
-9.228 -5.63117 7
-8.74489 -5.8629 7
-7.59652 -5.98672 7
-8.00135 -6.29563 7
-9.55851 -5.77398 7
-7.34946 -6.53258 7
-8.92601 -6.0882 7
-9.46818 -5.19108 7
-8.94733 -4.7114 7
-7.94816 -6.6664 7
-8.63497 -6.22306 7
-9.00563 -5.54084 7
-8.36229 -6.27461 7
-8.60688 -5.37079 7
-8.66851 -6.57176 7
-8.78603 -6.43113 7
-8.6161 -6.24249 7
-8.6134 -6.04421 7
-9.28708 -5.94279 7
-9.37497 -5.57183 7
-8.25414 -5.37462 7
-8.08625 -5.896 7
-9.72945 -5.67686 7
-8.40495 -6.15055 7
-8.52982 -8.14685 8
-7.53554 -8.20108 8
-7.96416 -8.05071 8
-8.33683 -8.0434 8
-8.25724 -8.13153 8
-8.10796 -8.15548 8
-8.387 -8.13268 8
-7.95934 -8.21504 8
-8.15274 -8.09161 8
-8.06976 -8.21774 8
-7.95283 -8.14189 8
-8.30926 -8.15713 8
-8.31663 -8.18859 8
-8.20942 -8.13449 8
-8.17116 -8.12221 8
-8.24099 -8.11179 8
-8.26417 -8.23074 8
-8.31449 -8.17347 8
-8.41249 -7.99388 8
-8.04325 -8.19542 8
-7.9639 -8.20285 8
-8.21227 -8.07574 8
-8.76809 -8.17563 8
-8.78486 -8.24931 8
-8.10065 -8.02986 8
-8.14572 -8.23122 8
-8.24876 -8.11917 8
-8.21675 -8.16593 8
-7.66972 -8.09019 8
-8.05524 -8.21767 8
-8.30171 -8.18409 8
-8.21609 -8.17649 8
-7.8982 -8.0659 8
-7.87765 -8.1953 8
-8.15039 -8.02203 8
-8.08383 -8.19951 8
-7.99804 -8.13588 8
-8.28147 -8.06194 8
-8.63347 -8.31707 8
-8.18959 -8.19277 8
-7.96331 -8.18267 8
-8.11861 -8.239 8
-8.60218 -8.14401 8
-8.11357 -8.1637 8
-8.53335 -8.09566 8
-8.4327 -8.07111 8
-8.76935 -8.1813 8
-8.75367 -8.16652 8
-8.23893 -8.14259 8
-8.03794 -8.17034 8
-7.91839 -8.10884 8
-7.48199 -8.22343 8
-7.85776 -8.00152 8
-8.62457 -8.04476 8
-8.26819 -7.9119 8
-8.0999 -8.11831 8
-8.25812 -8.22613 8
-7.99652 -8.27683 8
-8.34666 -8.17715 8
-8.17145 -8.11284 8
-7.57189 -8.15368 8
-8.30217 -8.20079 8
-7.64839 -8.21171 8
-7.81417 -8.13303 8
-7.46197 -8.22339 8
-7.82121 -8.08265 8
-8.26212 -8.23313 8
-7.8754 -8.10512 8
-8.20326 -8.20461 8
-8.63268 -8.13982 8
-8.41427 -8.10873 8
-7.83259 -8.0516 8
-8.10873 -8.05112 8
-8.06217 -8.1976 8
-7.98492 -8.1013 8
-8.22182 -8.23775 8
-8.18057 -8.09386 8
-8.60783 -8.06595 8
-8.41503 -8.25869 8
-8.1477 -8.18456 8
-8.00507 -8.16217 8
-8.13188 -8.09212 8
-8.00974 -8.11476 8
-8.00283 -8.235 8
-8.139 -8.16679 8
-8.34674 -8.12812 8
-8.06401 -8.10851 8
-8.67759 -8.3019 8
-8.17353 -8.24772 8
-7.9308 -8.34548 8
-8.29139 -8.05547 8
-8.12873 -8.01125 8
-7.93078 -8.19067 8
-8.66254 -8.22154 8
-8.65255 -8.21176 8
-8.50524 -8.11714 8
-9.17933 -8.17948 8
-8.27878 -8.26052 8
-8.21349 -8.14118 8
-8.1419 -8.03925 8
-7.85913 -8.12293 8
-7.90334 -8.10335 8
-8.08779 -8.31809 8
-7.91564 -8.13369 8
-8.15175 -8.0984 8
-8.17892 -8.09902 8
-7.91705 -8.15853 8
-7.92538 -8.18417 8
-8.36459 -8.24765 8
-7.64641 -8.18546 8
-8.46132 -8.18078 8
-8.35983 -8.12718 8
-8.12562 -8.23529 8
-8.04514 -8.11961 8
-8.16982 -8.2555 8
-8.06501 -8.09877 8
-8.37112 -8.17305 8
-8.46697 -8.19587 8
-8.60115 -8.1445 8
-7.98128 -8.16602 8
-8.34864 -8.2609 8
-8.5758 -8.2502 8
-7.99371 -8.01724 8
-8.41726 -8.23327 8
-8.26414 -8.02626 8
-7.72568 -8.14659 8
-7.94205 -8.1011 8
-8.53031 -8.18999 8
-7.8241 -8.02614 8
-8.10235 -8.11714 8
-8.70471 -8.2659 8
-8.2388 -8.09109 8
-8.27536 -8.09349 8
-8.19222 -8.20029 8
-7.88994 -8.20814 8
-8.20124 -8.16331 8
-7.95685 -8.07831 8
-8.44058 -8.18243 8
-8.10576 -8.11827 8
-8.26879 -8.19729 8
-7.85325 -7.97477 8
-8.13962 -8.16188 8
-8.3638 -8.25429 8
-8.29404 -8.09217 8
-7.87724 -8.14584 8
-8.14292 -8.1663 8
-8.24466 -8.2263 8
-8.1406 -8.24113 8
-8.13374 -8.09507 8
-8.41168 -8.04695 8
-8.22351 -8.2304 8
-8.05909 -8.14349 8
-8.64654 -8.16025 8
-7.9746 -8.08899 8
-8.07657 -8.12894 8
-7.77783 -8.2376 8
-8.12134 -8.16758 8
-7.92398 -8.20714 8
-8.43352 -8.12627 8
-8.58864 -8.12769 8
-8.04492 -8.06804 8
-8.18616 -8.16109 8
-8.19276 -8.15974 8
-8.87577 -8.12453 8
-7.96581 -8.07663 8
-8.23767 -8.04945 8
-8.26631 -8.14065 8
-8.67381 -8.2398 8
-8.01289 -8.10123 8
-8.39104 -8.08965 8
-8.2891 -8.01028 8
-8.44889 -8.20303 8
-8.589 -8.26994 8
-8.31609 -8.20116 8
-8.3189 -8.20119 8
-8.33564 -8.19175 8
-8.17368 -7.95961 8
-8.19649 -8.08728 8
-8.49676 -8.19661 8
-8.4678 -8.30532 8
-8.00898 -8.22384 8
-7.91517 -8.09995 8
-8.56569 -8.00315 8
-7.99656 -8.14648 8
-8.78321 -8.21912 8
-8.34605 -8.14743 8
-7.98906 -8.18048 8
-7.8397 -8.16328 8
-8.05637 -8.1868 8
-8.06634 -8.09498 8
-8.15264 -8.25919 8
-8.333 -8.14026 8
-7.8914 -8.20348 8
-8.5295 -8.12821 8
-8.2488 -8.01808 8
-7.98281 -8.07689 8
-8.24055 -8.16 8
-7.68913 -8.28915 8
-7.84411 -8.16185 8
-8.2364 -8.06924 8
-8.07849 -8.11055 8
-8.71359 -8.07262 8
-8.27265 -8.14614 8
-8.2257 -8.14487 8
-8.06457 -8.26564 8
-9.06925 -8.29625 8
-8.33158 -8.06207 8
-8.19212 -7.99709 8
-8.33626 -7.87549 8
-8.30227 -8.18066 8
-8.16506 -8.06794 8
-7.8959 -8.18132 8
-8.7047 -8.21188 8
-8.06935 -8.13053 8
-8.13887 -8.18027 8
-7.93421 -8.13235 8
-8.41169 -8.13467 8
-8.09633 -8.16891 8
-8.16181 -8.1583 8
-7.93837 -8.03395 8
-8.30664 -8.23983 8
-8.47384 -8.22085 8
-7.27454 -8.08991 8
-7.59146 -8.08537 8
-7.38305 -8.10963 8
-7.77735 -8.08602 8
-8.5299 -8.17434 8
-8.43283 -8.19443 8
-8.50567 -8.05034 8
-8.43112 -8.24783 8
-8.23349 -8.28525 8
-8.1066 -8.12107 8
-8.12922 -7.99757 8
-7.77484 -8.14066 8
-7.84214 -8.11218 8
-8.55453 -8.22763 8
-7.58661 -8.11706 8
-8.14313 -8.06323 8
-8.06823 -8.08846 8
-8.43628 -8.13304 8
-8.04525 -8.02842 8
-8.02033 -8.23683 8
-7.81727 -8.03066 8
-8.36257 -8.31494 8
-7.97148 -8.17521 8
-8.0752 -8.07993 8
-7.84564 -8.08934 8
-7.5201 -8.05 8
-7.82243 -8.16284 8
-8.61635 -8.0841 8
-8.90356 -8.30942 8
-7.71193 -7.99212 8
-8.20308 -8.1903 8
-8.33963 -8.13966 8
-8.50325 -8.18709 8
-8.23761 -8.12182 8
-8.04794 -8.18086 8
-8.11841 -8.19729 8
-8.40714 -8.21507 8
-8.37009 -8.21352 8
-7.67233 -8.1005 8
-8.72098 -8.13706 8
-7.74358 -8.09697 8
-8.21801 -8.207 8
-8.60879 -8.07965 8
-8.06253 -8.09624 8
-8.62224 -8.19034 8
-8.68102 -8.35349 8
-8.28227 -8.09233 8
-8.4484 -8.15837 8
-7.77805 -8.15494 8
-8.08085 -8.11603 8
-8.24896 -8.01999 8
-8.11062 -8.10211 8
-8.35296 -8.41712 8
-8.82465 -8.17002 8
-7.27038 -8.12842 8
-7.921 -8.14503 8
-7.7376 -8.11933 8
-7.73636 -8.1939 8
-8.01216 -8.25893 8
-8.12185 -8.05057 8
-8.05795 -8.02539 8
-7.63381 -8.06037 8
-8.13224 -8.10724 8
-8.59365 -8.21692 8
-8.34884 -8.2749 8
-8.00961 -8.12697 8
-8.26055 -8.12047 8
-7.60873 -8.10857 8
-8.39108 -8.18068 8
-8.50647 -8.09671 8
-8.03488 -8.08254 8
-8.29372 -8.25441 8
-7.80176 -8.10474 8
-8.06036 -8.07764 8
-8.5053 -8.19073 8
-7.95274 -8.16869 8
-8.06319 -8.1215 8
-7.98776 -8.00957 8
-7.87088 -8.14774 8
-7.8636 -8.1608 8
-8.36762 -8.13246 8
-8.48026 -8.29157 8
-8.3912 -8.08677 8
-8.16135 -8.20361 8
-8.02166 -8.06775 8
-8.34434 -8.23393 8
-8.19525 -8.29552 8
-8.19899 -8.15022 8
-8.28733 -8.2472 8
-7.81828 -8.16292 8
-8.10452 -8.19102 8
-8.45435 -8.13312 8
-8.10583 -8.07381 8
-8.45182 -8.12412 8
-8.08325 -8.16516 8
-8.34339 -8.12988 8
-8.07447 -8.04714 8
-8.36305 -8.13209 8
-8.1702 -8.05766 8
-8.38101 -8.15582 8
-8.24606 -8.21803 8
-8.32278 -8.15888 8
-8.0016 -8.18488 8
-8.1249 -8.15429 8
-8.03867 -8.20717 8
-8.07309 -8.14141 8
-8.13749 -8.28393 8
-7.87606 -8.30263 8
-8.08008 -8.25995 8
-8.44441 -8.18715 8
-8.06026 -8.22832 8
-8.25189 -8.21626 8
-8.19711 -8.0269 8
-8.41382 -8.0765 8
-7.8969 -8.22415 8
-7.69403 -8.27427 8
-7.95595 -8.17494 8
-8.32731 -8.14148 8
-8.22499 -8.18984 8
-8.05637 -8.32382 8
-8.09471 -8.06726 8
-7.64484 -8.12222 8
-7.85023 -8.23208 8
-7.86535 -8.11698 8
-8.17877 -8.21216 8
-8.57544 -8.1714 8
-8.17707 -8.12519 8
-8.19203 -8.21937 8
-7.75263 -8.14784 8
-7.80967 -8.17519 8
-8.39343 -8.10521 8
-7.89827 -8.25074 8
-8.13442 -8.16908 8
-8.62477 -8.13922 8
-8.104 -8.17597 8
-8.5965 -8.147 8
-8.13266 -8.06799 8
-8.3657 -8.07497 8
-7.94092 -8.24402 8
-8.59609 -8.09048 8
-7.83598 -8.19175 8
-8.1302 -8.19286 8
-8.14961 -8.27834 8
-8.26186 -8.14907 8
-8.05461 -8.14625 8
-8.10638 -8.03498 8
-7.92864 -8.01585 8
-8.06364 -8.26102 8
-8.3696 -8.00834 8
-8.33928 -8.27042 8
-8.11885 -8.09039 8
-8.58581 -8.1324 8
-8.47471 -8.07645 8
-8.61684 -8.29324 8
5.83863 -2.4572 9
5.63076 0.270516 9
5.53905 -1.90095 9
5.4297 -0.373667 9
5.33593 -1.86491 9
6.34323 -0.159361 9
7.41657 -0.112848 9
5.89663 -1.32984 9
5.50646 -0.690806 9
5.69039 -0.515738 9
5.91031 -2.05764 9
4.88007 -0.481784 9
6.21568 -0.103587 9
6.13276 -1.21918 9
6.11957 -1.49762 9
6.23717 -1.79843 9
5.38059 -0.707488 9
6.20858 -0.967929 9
6.84746 -0.422917 9
7.25651 -1.00415 9
5.30915 -1.12038 9
6.10479 -0.409367 9
5.65155 -0.186735 9
5.49197 1.0255 9
6.52048 -0.240586 9
5.04829 -0.906286 9
5.49241 -1.36363 9
6.39535 -0.165822 9
6.58482 -1.0659 9
5.92039 -1.52184 9
5.16105 -2.80854 9
5.57862 -2.6482 9
5.66025 -1.15357 9
5.7096 -0.705194 9
5.46082 0.0277708 9
7.50961 -1.57354 9
5.13329 1.13235 9
5.01245 -0.926501 9
4.10109 -1.23556 9
5.76918 -1.02247 9
6.6013 0.418202 9
5.39245 -0.852571 9
5.76438 -0.533131 9
5.70315 -0.86476 9
6.13251 -0.780716 9
6.46521 -1.69531 9
4.28261 -1.1134 9
5.35171 -0.998211 9
5.49085 -2.06669 9
6.02506 -1.5687 9
6.04342 -0.400405 9
6.48118 -2.00437 9
6.00614 -0.366094 9
6.23021 -1.58995 9
5.90467 -2.47433 9
5.40054 -1.05066 9
5.18132 -0.621328 9
6.32971 0.574123 9
6.32798 -0.259991 9
7.07223 -0.501209 9
5.24845 -1.77204 9
5.74103 -2.44033 9
5.68446 -1.3541 9
6.23703 -2.33723 9
5.16792 -0.854139 9
5.56732 -1.66474 9
6.30658 -0.928913 9
7.25834 -0.480507 9
6.40894 -0.994998 9
6.46032 0.184408 9
5.96334 -1.05533 9
6.20925 -1.54597 9
5.89044 -1.40464 9
6.95353 0.537762 9
5.68963 -1.914 9
