0.968991 -3.85568 0
-2.85072 -7.48979 0
10.4823 -5.26288 0
-1.06748 -8.21408 0
3.79424 -3.12225 0
-1.66093 -7.03835 0
-4.53841 -2.7407 0
-6.45349 -7.34801 0
-0.454638 -3.22209 0
-2.76268 -8.50396 0
2.42529 -6.85704 0
-0.352408 -7.16818 0
-5.70871 -3.54912 0
-0.593313 -4.95356 0
5.56341 -3.66332 0
0.420179 -4.57839 0
0.0775987 -6.2573 0
5.79592 -3.74402 0
0.0712176 -4.37002 0
4.52015 -5.94583 0
0.690799 -5.58995 0
-7.65319 -3.16206 0
-8.09775 -8.26168 0
-2.80187 -4.39683 0
7.09389 -6.27804 0
-1.82466 -3.00712 0
-1.50905 -2.13014 0
-3.0827 -3.89033 0
3.8625 -5.07602 0
-4.70768 -7.48271 0
-0.908771 -7.12556 0
-1.42614 -4.12784 0
0.70686 -4.62693 0
0.60937 -5.23745 0
-3.98399 -5.41229 0
-0.601872 -7.57489 0
-1.61768 -3.79588 0
4.53817 -2.30679 0
-5.18641 -3.89442 0
2.5427 -5.04863 0
6.9683 -6.02045 0
1.37414 -4.32019 0
-2.89025 -3.3751 0
-3.46257 -3.90565 0
-3.79436 -5.02917 0
-2.55573 -4.9016 0
0.401942 -4.14127 0
-1.86316 -5.36426 0
-3.65949 -0.781238 0
-4.82721 -9.19935 0
1.26222 -5.66501 0
-2.87801 -3.18029 0
3.18276 -3.60082 0
0.475845 -7.59102 0
2.31758 -5.36337 0
-1.22496 -4.16014 0
-1.84828 -5.5199 0
3.74804 -7.30931 0
-5.38741 -4.7023 0
-1.79846 -2.93134 0
3.75505 -4.15391 0
0.169523 -1.70859 0
-7.1886 -5.25172 0
4.16742 -3.02745 0
2.84164 -5.08442 0
-2.42558 -4.95226 0
-5.56646 -4.47199 0
-5.64143 -3.05179 0
9.81152 -0.792347 0
2.86987 -1.71945 0
-1.46431 -5.93524 0
-1.96301 -4.75488 0
4.10214 -3.46583 0
0.824519 -4.78368 0
-7.20525 -5.62095 0
-2.12786 -5.30591 0
3.90357 -1.32807 0
-2.5138 -1.41699 0
0.561988 -4.91299 0
-1.86755 -3.20691 0
-2.75044 -3.07264 0
-8.62562 -3.85582 0
0.93787 -2.64822 0
1.08489 -4.94004 0
-2.5451 -4.55367 0
-3.92784 -3.09055 0
1.80675 -5.32468 0
1.85576 -6.6401 0
2.70511 -2.23568 0
3.28862 -4.00062 0
-1.54281 -6.48811 0
-4.61249 -6.53022 0
-6.49146 -3.76123 0
3.15548 -8.06081 0
-1.93488 -3.97886 0
9.18717 -6.07795 0
-5.91313 -4.60995 0
4.70105 -5.10024 0
-0.312504 -1.81589 0
6.83397 -3.27279 0
-4.65131 -3.28904 0
2.08727 -6.43984 0
-3.07874 -7.56673 0
-2.34915 -3.72194 0
4.84304 -5.7459 0
0.139977 -3.79546 0
4.12587 -5.81574 0
0.0601642 -3.82173 0
-6.50939 -4.50232 0
-4.67326 -5.39432 0
4.01042 -2.577 0
2.48017 -4.9036 0
2.19668 -1.76239 0
-0.501097 -4.69159 0
5.4671 -6.10896 0
-1.45255 -6.84698 0
-4.45201 -4.74411 0
-6.54022 -6.37729 0
5.052 -3.83249 0
-0.721961 -1.55971 0
-4.19333 -4.48225 0
-2.69858 -2.20689 0
-5.88276 -3.8703 0
5.31645 -3.69973 0
-0.0991095 -3.2403 0
-8.22438 -5.67613 0
2.4097 -5.00985 0
-0.413305 -1.85169 0
-5.20623 -6.50781 0
-7.15083 -3.78021 0
-1.20035 1.33714 0
-6.45033 -4.44649 0
-7.73992 -2.8333 0
3.81937 -8.13948 0
-0.899291 -2.3925 0
0.37108 -5.44032 0
-1.69932 -2.49435 0
-5.32631 -4.09718 0
-1.29414 -2.16743 0
1.06302 -3.45784 0
-1.72242 -1.44498 0
0.0431374 -6.92276 0
0.0748248 -5.97566 0
-2.18971 -3.90391 0
2.04981 -4.23578 0
-4.22893 -5.88411 0
-5.83622 -4.34479 0
-4.68158 -5.59283 0
-7.68697 -4.34454 0
-3.24221 -1.76617 0
-2.72624 -3.83998 0
-3.28528 -2.85118 0
-2.3744 -2.70128 0
-4.7597 -1.28125 0
1.95813 -5.64274 0
0.305081 -2.72297 0
-2.27202 -4.36083 0
3.49011 -3.12096 0
-6.50751 -4.13631 0
-2.51455 -4.24673 0
1.37211 -4.11852 0
8.68336 -4.01075 0
6.09138 -3.89248 0
-1.47316 -5.07445 0
0.277451 -2.44735 0
-2.6926 -7.99195 0
-7.47737 -5.8402 0
1.13308 -1.82477 0
-4.26765 -2.07414 0
-1.27334 -4.84367 0
0.306417 -2.84643 0
-5.06856 -2.25049 0
0.623532 -5.76119 0
-6.8556 -4.72401 0
5.18786 -4.25479 0
-1.23115 -5.29754 0
-6.64346 -8.03147 0
-7.20077 -2.86684 0
0.246888 -5.76169 0
3.40813 -4.1207 0
-2.01891 -4.41253 0
-3.35919 -4.98554 0
1.79268 -6.53302 0
3.24922 -6.09354 0
1.01796 -4.99475 0
5.2439 -4.45897 0
-6.75911 -7.1158 0
-2.57574 -4.3881 0
-3.97007 -6.54113 0
-0.397902 -8.54023 0
-1.55483 -5.52257 0
-6.10409 -4.32871 0
1.52167 -3.39617 0
5.51858 -4.29444 0
-5.98453 -6.94096 0
3.99159 -2.28181 0
3.01896 -4.53774 0
-2.94024 -5.88713 0
0.0179108 -7.26164 0
1.21352 -4.37003 0
-1.43638 -3.7406 0
1.59959 -6.58275 0
-0.44436 -5.28265 0
-5.53231 -5.15197 0
7.79271 -1.02953 0
3.1884 -6.75119 0
-0.605732 -3.59628 0
1.49399 -5.32753 0
-0.983739 -2.24791 0
7.29223 -3.55842 0
3.53667 -3.99089 0
-2.60976 -3.29953 0
6.53362 -2.44137 0
-6.46465 -1.39731 0
-4.47302 -3.90038 0
3.50366 -3.34519 0
1.28563 -5.48209 0
-3.59751 -4.05885 0
3.2929 -4.39021 0
6.83963 -4.4692 0
-0.0215994 -8.22637 0
0.12776 -4.73924 0
-2.69673 -3.56099 0
-7.41918 -5.20262 0
2.93511 -3.25493 0
0.364949 -4.65642 0
2.54684 -3.09164 0
-0.808315 -3.95961 0
1.06708 -5.8499 0
-2.09096 -6.71658 0
-2.7221 -6.31389 0
0.22156 -4.92883 0
3.46706 -5.30653 0
-3.51026 -3.75585 0
-3.69257 -5.50072 0
-1.16763 -5.34288 0
6.25891 -4.98683 0
0.917403 -2.62074 0
-5.23103 -7.91659 0
-1.16905 -3.93224 0
-4.57046 -5.05104 0
-7.20089 -3.45769 0
-7.00124 -3.60558 0
-0.00607301 -3.47794 0
-7.67366 -4.26933 0
-3.66241 -6.99607 0
-5.62578 -4.46226 0
-8.39751 -3.14462 0
-1.67218 -2.70407 0
-1.61522 -3.65219 0
1.43061 -5.77221 0
5.35877 -4.90969 0
-2.87167 -5.61092 0
5.20762 -2.28119 0
-1.714 -4.12596 0
5.94279 -4.69266 0
-0.944085 -4.81605 0
3.78073 -7.22975 0
0.238825 -6.07962 0
-1.82893 -7.31761 0
1.85728 -4.16771 0
-4.01016 -3.8112 0
-2.1548 -6.11761 0
-7.6151 -6.5544 0
-3.91272 -4.48723 0
-1.55737 -1.63879 0
2.64876 -3.72899 0
-1.12898 -6.39688 0
8.42174 -5.36422 0
-1.24355 -5.70985 0
2.99751 -2.83938 0
1.32318 -2.92473 0
1.27995 -6.60126 0
3.16165 -5.86417 0
-5.69223 -5.21759 0
-6.19104 -3.03939 0
-6.46241 -4.62434 0
3.05398 -1.65393 0
4.25036 -3.35188 0
6.58315 -8.15111 0
-5.37373 -3.29072 0
0.287249 -6.53955 0
-6.52416 -4.46391 0
1.24542 -5.5446 0
3.57865 -4.52085 0
2.58275 -3.05762 0
-1.55549 -2.13045 0
-3.15422 -3.17689 0
2.02868 -2.9651 0
-2.10741 -2.97689 0
-0.136195 -3.60305 0
-3.80535 -5.79927 0
2.96195 -4.12958 0
3.75428 -3.99592 0
2.28197 -0.065704 0
0.088624 -4.86962 0
-3.02121 -3.09704 0
2.08009 -2.65607 0
4.79137 -4.86898 0
-0.847944 -4.57662 0
-1.62903 -5.68022 0
-5.3151 -7.66189 0
6.14399 -5.80603 0
-1.66065 -6.6873 0
7.65011 -3.04262 0
0.906405 -6.85955 0
-6.62106 -3.24971 0
6.57693 -6.01973 0
-5.84453 -7.02501 0
-3.20675 -2.57398 0
-3.33648 -7.434 0
-5.42189 -3.33394 0
4.81179 -6.30479 0
2.55382 -2.31019 0
-10.5315 -7.07065 0
-4.57314 -2.84794 0
3.98417 -3.2181 0
-5.70572 -2.85995 0
-0.00131626 -4.46484 0
3.72054 -5.36864 0
-2.09655 -2.24543 0
1.30195 -4.97426 0
1.74027 -4.27539 0
7.72019 -5.72428 0
0.471301 -4.01812 0
-0.754064 -4.30739 0
0.303341 -5.11077 0
-4.25997 -5.50325 0
1.9675 -5.3748 0
2.73175 -4.47402 0
2.74223 -4.54799 0
-2.28354 -4.60235 0
2.45725 -3.99455 0
-8.08637 -2.53542 0
-6.81255 -4.61709 0
2.985 -6.02159 0
-5.53211 -6.85643 0
3.3605 -3.52608 0
-6.42553 -3.38414 0
5.7264 -5.11638 0
7.3809 -4.4907 0
-3.47806 -2.53241 0
-2.27388 -2.9164 0
-1.13539 -4.12842 0
-0.125655 -5.46936 0
-4.81203 -3.55922 0
2.02569 -6.76461 0
1.27376 -4.83293 0
3.1422 -3.99612 0
-7.04272 -2.14497 0
-7.85878 -4.35759 0
1.35802 -4.61318 0
-5.29407 -4.81484 0
-3.6164 -5.09859 0
-3.97253 -6.22366 0
6.72985 -4.02658 0
3.16081 -4.20167 0
4.27738 -5.1635 0
0.582769 -5.29104 0
-1.32874 -2.8075 0
-11.3397 -5.6155 0
-1.2047 -3.22232 0
-1.85814 -4.65553 0
5.48075 -2.82945 0
-1.43477 -5.7929 0
-0.78491 -4.78513 0
-1.3433 -4.81747 0
0.197783 -6.85409 0
-0.490918 -3.12342 0
-3.1345 -5.34293 0
-6.31582 -3.19059 0
0.00212864 -3.37201 0
-4.84503 -3.94082 0
-5.42628 -6.55282 0
2.07386 -2.97869 0
-3.73879 -4.59223 0
-0.869798 -6.09363 0
-6.54383 -3.73881 0
-6.3048 -6.75643 0
-1.65218 -4.41552 0
-5.79392 0.383706 0
-1.26532 -3.77814 0
-1.75475 -3.49894 0
-1.75447 -2.29339 0
-0.120382 -3.54146 0
-2.9061 -5.14592 0
-5.60594 -5.25283 0
-7.51362 -2.90748 0
9.11093 -4.73577 0
1.07601 -8.09394 0
4.22379 -4.12017 0
-6.04604 -5.84033 0
-5.73309 -3.51072 0
4.0116 -7.13094 0
-8.80764 -7.46447 0
-7.41079 -3.65817 0
-4.56435 -5.04472 0
-4.57334 -5.30293 0
-4.89439 -7.17567 0
-2.31133 -4.5388 0
3.29326 -4.09013 0
-7.73419 -3.46165 0
4.27318 -5.18383 0
-4.48189 -1.8633 0
1.34145 -4.05927 0
4.06848 -4.4079 0
-4.01826 -5.67649 0
-1.4854 -2.64411 0
-0.932535 -2.88154 0
-3.31122 -4.74404 0
-4.63961 -5.44831 0
2.87646 -6.63685 0
5.02425 -3.76994 0
-0.14963 -2.04067 0
6.77432 -5.73839 0
-8.45051 -4.87408 0
0.0674668 -4.34281 0
1.28231 -4.0782 0
2.27945 -4.05729 0
2.05931 -4.97655 0
3.15498 -4.357 0
-5.05533 -7.34564 0
0.5055 -2.91898 0
1.86797 -7.73722 0
4.30904 -2.82503 0
4.97151 -4.10553 0
-2.95007 -4.57921 0
0.37657 -5.31364 0
-1.08267 -3.65039 0
-2.27634 -5.41529 0
7.86959 -2.25512 0
-1.77331 -4.11473 0
-5.18899 -3.70791 0
-1.07879 -3.89701 0
1.12233 -4.93328 0
-0.846475 -7.38774 0
2.2422 -5.10694 0
2.70457 -4.66571 0
-4.29295 -7.5139 0
2.92442 -3.84979 0
6.66806 -3.64496 0
0.58782 -6.2713 0
-1.17662 -4.15605 0
-2.20699 -6.58974 0
-3.88286 -5.66499 0
0.0988926 -4.20797 0
-4.28946 -8.04352 0
-0.230561 -6.14946 0
5.55654 4.57661 1
4.97463 7.85354 1
5.14416 7.33852 1
5.96512 5.96281 1
5.03024 5.75372 1
4.96073 5.55719 1
5.08626 7.40207 1
6.06589 6.95241 1
5.8168 6.61512 1
5.87315 6.34349 1
5.72101 7.64853 1
6.12633 6.09292 1
5.06143 4.94737 1
5.42618 8.42993 1
4.68096 5.17542 1
4.54858 9.95459 1
6.13357 4.96063 1
4.52965 6.52559 1
6.05952 7.56839 1
5.09707 7.39956 1
4.80696 4.41993 1
5.70651 6.43354 1
4.63414 5.05241 1
5.24797 5.02474 1
6.43319 5.93069 1
6.06546 8.51402 1
5.66202 5.99822 1
4.57735 7.96915 1
4.87081 7.73519 1
5.51344 5.158 1
3.97295 6.54515 1
4.67039 6.00131 1
5.88702 8.0331 1
6.50377 2.78283 1
5.35261 8.0377 1
4.92462 6.27437 1
4.81864 6.21621 1
5.94293 3.75681 1
6.39415 7.53968 1
5.96687 7.01938 1
5.12761 4.55896 1
4.80297 6.47352 1
4.04016 7.50018 1
4.71928 3.21786 1
5.85028 5.08082 1
4.81494 5.44174 1
5.9653 7.3418 1
5.07629 7.45873 1
5.39496 5.70656 1
7.19231 6.34493 1
5.24669 4.0991 1
5.32193 10.1651 1
5.11654 7.95636 1
4.11507 5.25565 1
4.57943 6.00311 1
5.60585 5.38098 1
4.87671 7.01956 1
4.88542 6.62555 1
6.03584 7.37981 1
6.60018 4.93722 1
6.60168 5.32781 1
5.34015 7.34488 1
4.98868 5.904 1
6.07749 6.40054 1
5.28755 7.36238 1
5.16245 10.4674 1
5.11279 4.86413 1
5.37473 7.68164 1
4.57983 7.66947 1
6.35264 8.39247 1
5.62298 7.82384 1
4.98424 8.36107 1
5.10055 7.4423 1
4.74585 7.17904 1
5.05956 6.68823 1
5.73612 6.22026 1
5.37153 6.41119 1
4.49135 10.2489 1
5.20411 3.71342 1
4.91952 7.54365 1
6.07322 5.34307 1
5.22772 6.78355 1
5.59201 7.18924 1
5.63587 4.65444 1
4.18892 10.7177 1
5.01213 7.30487 1
5.33211 6.53927 1
5.23575 7.83645 1
5.94599 7.66365 1
4.1569 5.8829 1
4.59472 5.26923 1
5.52753 6.12329 1
5.20617 5.78943 1
4.7422 7.57693 1
6.01748 4.98589 1
4.86384 7.2814 1
7.11603 7.87493 1
5.37389 5.7798 1
6.89731 6.6109 1
4.41645 8.21612 1
4.69429 9.45724 1
4.04992 4.9533 1
5.01717 5.25249 1
4.34308 8.12028 1
5.33767 4.63269 1
5.77287 3.71193 1
4.70002 4.2706 1
4.43091 7.24187 1
5.18573 5.34967 1
5.73115 6.49816 1
5.78991 6.82298 1
5.86269 5.65556 1
5.34743 4.20713 1
5.56868 8.49912 1
5.83394 3.50236 1
6.32297 7.24072 1
4.63573 5.86779 1
4.45178 5.6636 1
5.18555 5.67838 1
5.45866 7.46056 1
5.88397 8.14284 1
5.43563 5.62574 1
4.28858 5.50087 1
4.4972 7.66069 1
5.25651 5.93169 1
4.35748 7.39226 1
4.24394 7.60445 1
4.51983 6.62321 1
5.88416 5.07726 1
5.55025 4.86374 1
5.31676 4.88422 1
5.18441 4.92965 1
6.54156 6.31804 1
6.84344 7.08011 1
5.15877 6.25477 1
4.95276 7.85144 1
5.63884 6.0093 1
5.24475 2.78147 1
5.61869 5.79977 1
5.29058 5.57136 1
4.93935 5.78732 1
4.42379 6.46985 1
5.1017 6.56708 1
5.29453 4.47116 1
5.04437 8.94198 1
5.17069 7.36482 1
4.81655 2.81739 1
5.25135 7.4629 1
5.92451 7.99099 1
4.74919 6.58474 1
5.87581 3.14723 1
5.35378 3.34374 1
4.44158 5.98912 1
5.29409 5.76489 1
5.40222 5.87721 1
5.99481 8.28062 1
4.89016 7.13415 1
4.89301 8.50264 1
5.42135 5.61025 1
6.36209 4.98437 1
5.5059 4.99102 1
4.64288 9.28031 1
5.25897 7.04729 1
5.4615 7.68247 1
4.32099 7.19328 1
5.46662 7.98242 1
5.71466 6.51944 1
5.67945 6.31918 1
4.58309 4.83528 1
5.0588 8.14661 1
4.61308 4.53713 1
5.27079 5.34428 1
5.78332 9.20229 1
5.57543 7.33076 1
5.42949 6.99149 1
4.76014 3.88247 1
5.83064 2.81775 1
4.7459 5.14567 1
6.21494 5.30246 1
5.80052 6.04052 1
5.71343 5.92622 1
5.0508 4.79885 1
5.80056 6.8492 1
4.90742 6.78921 1
6.18066 8.25065 1
5.41982 7.63519 1
4.64222 5.88418 1
5.14314 5.66113 1
6.7426 4.90023 1
5.33813 6.72638 1
5.30752 7.50689 1
4.88976 3.31967 1
6.14681 5.52087 1
4.68298 4.83357 1
4.59312 5.88387 1
5.21552 5.56637 1
5.25374 3.72288 1
4.54928 4.84087 1
4.66333 8.17936 1
5.32789 7.91512 1
5.43946 4.99177 1
5.93661 7.37884 1
5.95026 8.29099 1
-6.79356 7.72979 2
-5.08226 6.56239 2
-6.06996 6.91462 2
-2.07933 6.38442 2
-2.92121 6.39283 2
-3.75031 5.87121 2
-4.11103 7.00818 2
-4.53783 5.82826 2
-4.31445 7.16806 2
-5.55496 6.80665 2
-2.83084 5.33359 2
-4.90468 6.97967 2
-5.18803 6.56246 2
-7.05355 7.49728 2
-7.25843 7.22073 2
-6.30459 7.34993 2
-3.98294 6.2475 2
-5.73335 5.5896 2
-4.92088 5.12001 2
-4.10758 7.07559 2
-5.9619 8.38627 2
-2.10387 5.92132 2
-3.4317 6.88108 2
-4.55206 8.12959 2
-4.63036 6.58359 2
-4.16746 8.14933 2
-6.25538 5.40644 2
-5.16451 6.16652 2
-1.72642 6.33249 2
-1.92808 5.75617 2
-4.13289 6.13298 2
-6.18998 7.05357 2
-4.24081 6.54882 2
-2.49382 6.22634 2
-2.90743 6.02442 2
-6.29836 7.17256 2
-4.14996 6.17099 2
-5.51265 6.6405 2
-5.82412 8.1905 2
-5.28771 6.08174 2
-2.82246 6.06858 2
-1.97816 5.62434 2
-3.20836 7.61723 2
-1.89502 6.09697 2
-5.06105 6.92412 2
-1.96514 6.13338 2
-1.81065 6.79493 2
-4.88395 7.30995 2
-5.17648 6.62346 2
-7.89645 6.61715 2
-5.02368 6.87917 2
-3.05991 6.29921 2
-4.58542 6.6637 2
-4.5419 6.3661 2
-4.20318 6.72356 2
-4.58346 6.26367 2
-6.04518 7.83991 2
-3.80915 7.066 2
-1.59362 5.13098 2
-8.70257 5.85416 2
-7.22838 7.06489 2
-3.69123 6.04955 2
-4.20416 6.4426 2
-6.33797 7.31335 2
-5.76282 8.36655 2
-0.526069 7.60615 2
-6.40655 6.68096 2
-5.35342 7.70423 2
-4.8115 6.492 2
-5.91701 7.11619 2
-2.9659 4.94079 2
-2.39529 6.72237 2
-4.78713 7.06635 2
-5.54954 7.86158 2
-0.712888 6.5551 2
-5.78322 6.93845 2
-1.66353 8.10852 2
-5.5023 5.24923 2
-6.78298 6.86687 2
-3.22889 6.52311 2
-3.1307 7.27195 2
-4.74319 7.99964 2
-5.02228 6.98776 2
-6.33356 6.79358 2
-7.02387 5.97473 2
-2.41641 7.28534 2
-0.738047 5.25749 2
-3.12701 5.93384 2
-3.99877 5.42229 2
-5.099 8.14299 2
-2.91189 5.84253 2
-0.706473 4.94011 2
-7.14817 6.39491 2
-2.52292 7.44695 2
-6.06412 5.11548 2
-3.05948 5.94704 2
-5.04068 5.51668 2
-0.819717 5.63297 2
-4.88435 6.5053 2
-3.38535 6.13439 2
0.357021 5.58873 2
-7.22302 6.98233 2
-3.7165 8.09499 2
-3.77296 7.27162 2
-6.1098 5.31465 2
-0.38644 5.92825 2
-3.08426 7.92249 2
-6.44297 6.59609 2
-4.42758 7.60595 2
-2.07479 6.69232 2
-4.47134 6.88745 2
-4.31511 6.56618 2
-5.42683 7.06219 2
-4.2905 7.33816 2
-3.24427 5.98356 2
-3.42977 6.30244 2
-4.46858 7.19187 2
-2.85647 7.02601 2
-4.08753 5.40087 2
-1.96556 7.26237 2
-1.97122 6.12687 2
-3.63187 6.64298 2
-3.73326 6.63355 2
-4.31257 7.66678 2
-4.0272 6.66825 2
-5.96452 7.37142 2
-1.28233 6.02949 2
-6.4584 7.01573 2
-3.22773 6.88594 2
-0.422245 6.19702 2
-5.24774 5.69899 2
-4.85481 6.66521 2
-2.86206 5.79765 2
-5.70378 7.02077 2
-2.48968 6.22839 2
-3.73841 5.89353 2
-7.45942 6.92664 2
-5.73708 6.23409 2
-3.79079 6.30732 2
-7.74001 7.24152 2
-6.80852 7.1433 2
-5.90932 5.926 2
-0.582483 6.41727 2
-3.46178 7.08413 2
-5.13668 6.59167 2
-4.05107 6.33771 2
-5.50095 6.00496 2
-5.41326 7.05229 2
-1.22615 5.40728 2
-10.5372 8.94403 2
-5.57229 7.19372 2
-2.91122 7.90395 2
-2.58164 5.2002 2
-4.61716 8.33357 2
-8.80194 6.68605 2
-2.48523 6.5494 2
-7.24241 6.44453 2
-2.26824 5.91918 2
-7.97502 6.34708 2
-4.0304 5.42643 2
-4.36894 7.06448 2
-3.6377 7.7387 2
-4.05592 7.35778 2
-4.51919 5.35791 2
-3.35099 7.69691 2
-3.36271 6.09856 2
-4.18768 6.82353 2
-6.13811 6.94224 2
-4.29458 7.89757 2
-3.07487 6.3471 2
-5.22568 7.14255 2
-1.6422 6.42638 2
-4.25408 6.39649 2
-5.63497 6.59873 2
-3.14601 7.29328 2
-3.31183 5.9755 2
-2.21358 7.95833 2
-2.75211 5.2666 2
-5.61313 6.97118 2
-6.05092 7.47403 2
-4.34419 5.48328 2
-2.77725 5.88263 2
-1.24587 6.17762 2
-7.49922 7.27157 2
-4.30142 6.61315 2
-3.2263 5.7844 2
-5.06624 6.5887 2
-4.86515 7.0752 2
-3.93732 7.92376 2
-1.75107 5.62283 2
-7.32368 6.33016 2
-4.17963 6.54624 2
-3.33685 6.52906 2
-5.37045 7.73006 2
-2.71861 5.27318 2
-3.96366 6.76372 2
-4.51724 6.67694 2
0.296906 6.49395 2
-2.88592 7.17755 2
-3.40091 7.4036 2
-3.14813 7.2752 2
-8.67442 7.44638 2
-5.58737 6.47412 2
-5.37565 7.47741 2
-3.41507 8.25739 2
-2.75108 6.36834 2
-7.56695 6.0473 2
-4.60525 7.38563 2
-1.6973 5.7488 2
-3.90679 6.06374 2
-4.52209 7.86149 2
-4.07513 5.20365 2
-4.04305 6.64225 2
-3.25377 6.5859 2
-6.24771 6.59697 2
-3.30303 7.66583 2
-7.06714 7.13872 2
-0.886979 6.12029 2
-3.76714 7.16603 2
-2.35473 6.32332 2
-5.79987 7.27111 2
-2.66058 6.81144 2
-6.16398 8.25709 2
-4.5257 7.17779 2
-5.22857 8.50742 2
-2.61208 6.86639 2
-3.19441 6.90692 2
-7.18972 6.41236 2
-5.76969 7.27017 2
-4.67354 6.57717 2
-0.510635 4.59336 2
-4.38022 6.30432 2
-4.4957 4.14621 2
-0.582127 5.91519 2
-3.84344 6.50285 2
-4.62244 7.04418 2
-0.89065 5.27981 2
-4.33255 6.54469 2
-2.58327 6.6747 2
-5.495 8.30654 2
-6.65574 6.75714 2
9.13833 -9.49703 3
8.5654 -9.54005 3
8.7255 -9.48038 3
10.0976 -9.54835 3
8.86494 -9.48796 3
10.4357 -9.55696 3
7.531 -9.46357 3
5.99445 -9.46023 3
7.52623 -9.43092 3
8.02215 -9.53464 3
8.20509 -9.53222 3
6.2165 -9.51551 3
5.4389 -9.56309 3
10.0585 -9.58988 3
6.26205 -9.50133 3
6.9109 -9.53701 3
10.6761 -9.59454 3
6.6004 -9.53615 3
6.75665 -9.5537 3
8.05098 -9.51523 3
10.9897 -9.55581 3
7.50571 -9.65848 3
8.96767 -9.52043 3
6.85012 -9.55971 3
7.76382 -9.55095 3
8.69883 -9.50302 3
8.91991 -9.45363 3
7.00929 -9.5301 3
9.56468 -9.51822 3
7.2755 -9.51541 3
7.81521 -9.57986 3
7.78153 -9.5141 3
8.26883 -9.46659 3
8.87771 -9.64848 3
8.59608 -9.58739 3
6.82854 -9.56333 3
10.8983 -9.61388 3
10.0107 -9.56005 3
8.3113 -9.64954 3
7.45467 -9.50073 3
11.008 -9.58037 3
7.99664 -9.51231 3
6.81764 -9.54235 3
8.58908 -9.417 3
8.70585 -9.48168 3
5.35879 -9.43293 3
9.70594 -9.53819 3
8.77389 -9.52453 3
11.2474 -9.57859 3
7.04611 -9.49135 3
5.10525 -9.52497 3
8.31154 -9.56105 3
7.33635 -9.48862 3
8.27643 -9.62152 3
6.11724 -9.60025 3
8.52251 -9.51638 3
10.3887 -9.48678 3
9.29166 -9.52742 3
6.88779 -9.54118 3
6.20557 -9.61913 3
9.67463 -9.59983 3
8.30965 -9.59011 3
7.2326 -9.48534 3
9.74166 -9.5229 3
5.27127 -9.58871 3
9.08558 -9.53307 3
10.4314 -9.52272 3
6.1045 -9.60938 3
6.55655 -9.50411 3
7.09067 -9.52608 3
7.63684 -9.45456 3
5.62382 -9.57879 3
7.28473 -9.47922 3
5.32568 -9.51715 3
8.90209 -9.53953 3
8.04161 -9.53031 3
8.2434 -9.54922 3
6.3693 -9.48989 3
7.19412 -9.55368 3
7.84959 -9.59269 3
6.75124 -9.57584 3
7.47971 -9.48539 3
6.34799 -9.61943 3
8.77732 -9.53685 3
6.75028 -9.60712 3
5.23878 -9.49838 3
9.87696 -9.50047 3
7.76371 -9.55791 3
8.53889 -9.47352 3
9.03322 -9.54669 3
9.5332 -9.45542 3
7.53466 -9.54082 3
9.0124 -9.59542 3
6.77841 -9.57815 3
10.8354 -9.63204 3
5.40544 -9.64277 3
6.4693 -9.55617 3
5.85736 -9.5142 3
7.96491 -9.59075 3
8.47096 -9.55417 3
10.1739 -9.56853 3
8.65956 -9.54083 3
6.60627 -9.58057 3
9.09045 -9.55526 3
6.32063 -9.49937 3
9.29402 -9.54941 3
6.56212 -9.56884 3
13.0287 -9.58307 3
6.81945 -9.5423 3
10.674 -9.64367 3
8.61687 -9.43014 3
8.17276 -9.62278 3
6.24112 -9.59519 3
6.17145 -9.56751 3
7.88357 -9.56991 3
7.03483 -9.60175 3
7.02224 -9.57608 3
8.52185 -9.63561 3
8.2627 -9.57773 3
11.1323 -9.40081 3
8.19185 -9.4899 3
8.83895 -9.66812 3
8.53554 -9.49921 3
9.38399 -9.53697 3
8.95594 -9.57171 3
9.6124 -9.59488 3
10.618 -9.46109 3
8.40628 -9.5741 3
8.80665 -9.55161 3
7.79014 -9.5869 3
7.59872 -9.57878 3
8.82792 -9.51465 3
8.64845 -9.5459 3
5.44157 -9.58759 3
8.15541 -9.43146 3
7.70629 -9.42252 3
5.54721 -9.53096 3
5.50233 -9.50345 3
9.4892 -9.40867 3
7.44266 -9.60345 3
9.28167 -9.55267 3
6.46988 -9.6168 3
9.11759 -9.50544 3
9.7984 -9.52322 3
7.13765 -9.57199 3
7.02542 -9.55546 3
9.00645 -9.60056 3
10.2067 -9.63524 3
6.50135 -9.62869 3
8.04851 -9.53046 3
8.82409 -9.55605 3
7.31137 -9.5067 3
8.40007 -9.55086 3
9.0088 -9.56926 3
8.57548 -9.52777 3
9.18538 -9.61575 3
9.4075 -9.5199 3
5.9665 -9.57075 3
9.28292 -9.6045 3
5.56238 -9.49189 3
8.29452 -9.56398 3
8.24851 -9.48887 3
6.0878 -9.51209 3
8.94347 7.1286 4
10.6744 7.78315 4
10.1262 10.6869 4
10.136 10.2451 4
8.94837 8.32436 4
10.2897 9.43224 4
9.94323 6.83836 4
9.94698 6.41945 4
9.99912 10.1718 4
9.28735 6.8705 4
10.2448 6.23458 4
9.83 6.18314 4
10.1885 6.59662 4
10.3152 9.16582 4
9.28227 7.81073 4
9.72692 10.3232 4
10.1928 8.49925 4
9.22636 9.01964 4
10.222 7.5501 4
9.15468 8.0885 4
9.9599 9.20611 4
8.96239 8.97452 4
9.60083 6.07342 4
9.84655 7.88418 4
9.2348 7.9534 4
9.39977 9.12836 4
9.36958 7.45595 4
9.58332 7.11989 4
9.17867 9.7467 4
9.56463 10.7753 4
9.98299 7.25079 4
10.3784 9.05516 4
9.52699 10.4051 4
10.6253 8.55312 4
10.1614 7.71125 4
8.92036 9.31002 4
9.64308 7.85491 4
9.79449 7.49084 4
9.75958 7.57179 4
9.68493 8.60934 4
9.69227 7.27657 4
9.91217 9.66764 4
9.71173 8.26658 4
10.5425 10.2704 4
9.65456 10.3635 4
9.82286 10.4565 4
10.7458 11.2022 4
9.32253 8.17991 4
9.1366 7.8532 4
9.37518 6.2043 4
9.74874 10.538 4
9.45396 7.35887 4
10.5855 10.4217 4
10.3588 8.47641 4
9.47797 7.02599 4
9.19898 10.3108 4
10.0091 9.33208 4
10.2055 7.76693 4
9.76452 6.84761 4
9.88281 8.82896 4
9.65221 7.28843 4
9.99804 7.24786 4
9.80347 8.87524 4
9.16718 7.89491 4
10.2461 7.27192 4
10.0896 8.97452 4
9.98944 8.17826 4
9.84073 8.52813 4
9.53612 6.62559 4
10.2185 9.23945 4
9.81318 10.0059 4
9.15694 6.78766 4
9.74619 9.86124 4
10.6358 6.90505 4
9.83166 9.70624 4
9.53074 6.31621 4
10.1242 10.9179 4
10.1782 11.6065 4
9.36869 8.06619 4
10.498 5.22086 4
9.62391 7.81105 4
10.7087 6.35467 4
9.19199 8.56433 4
9.90036 8.27752 4
9.71486 9.41515 4
9.17343 9.29815 4
9.20199 6.9544 4
10.5059 9.14957 4
8.62486 9.19764 4
10.423 9.42158 4
9.94154 8.10148 4
10.783 10.4356 4
9.9933 9.54175 4
9.41067 8.35359 4
8.93074 9.16048 4
9.2923 9.37389 4
9.7368 7.89516 4
9.66438 8.25617 4
8.80909 5.43137 4
8.80173 6.34225 4
10.5627 10.2059 4
9.23997 8.92357 4
9.58104 5.30688 4
9.0584 8.53295 4
9.41615 8.89058 4
10.3528 9.93625 4
9.60764 6.71089 4
10.3827 9.81526 4
9.9677 8.55622 4
9.68859 9.0838 4
9.85601 8.13993 4
9.51399 6.22931 4
10.2003 9.15632 4
9.1488 10.0258 4
10.27 7.45489 4
10.4422 7.92966 4
10.1002 8.73933 4
9.60111 9.50177 4
9.45458 7.81726 4
10.683 10.8847 4
9.88195 7.63432 4
9.90238 9.47214 4
9.37084 6.02285 4
9.92264 9.02496 4
10.5989 9.2477 4
9.50288 10.4304 4
9.61457 9.06891 4
10.7583 6.05437 4
10.0067 7.52761 4
9.95357 6.7338 4
10.1415 6.64785 4
9.43486 7.5202 4
9.62709 7.38543 4
9.4099 8.23846 4
10.3303 8.79908 4
9.58796 6.93887 4
8.93364 8.97529 4
10.0958 5.2476 4
10.4822 5.43369 4
9.49244 8.71803 4
9.95101 7.44607 4
9.93688 9.38441 4
9.48846 10.3425 4
9.99423 7.75765 4
9.40411 10.1962 4
10.1332 12.2038 4
10.0291 7.24715 4
10.1314 7.1216 4
9.56988 11.6869 4
9.77491 6.80254 4
10.8239 7.60976 4
9.87782 7.15368 4
9.13082 6.26861 4
10.1979 7.76389 4
10.2185 10.9808 4
9.93894 8.30381 4
9.85866 7.08444 4
10.179 5.92813 4
10.588 10.4945 4
11.1018 8.95216 4
9.50915 6.04393 4
9.76182 8.48365 4
10.1352 10.8002 4
9.69416 9.0377 4
9.16646 6.8376 4
10.2547 9.08907 4
9.42109 8.96735 4
9.58335 7.70312 4
9.20872 5.39366 4
10.0547 7.48938 4
10.1731 10.1812 4
10.2339 9.63463 4
9.67228 9.61072 4
9.93256 8.17196 4
9.53075 10.3698 4
9.92514 9.49527 4
9.92318 6.92526 4
9.42882 8.88708 4
9.82921 11.679 4
9.87278 8.58301 4
10.0882 11.6385 4
9.06601 11.2414 4
9.96015 9.97211 4
8.85251 8.43177 4
9.41897 6.24278 4
9.65406 10.5955 4
10.5845 9.31767 4
9.31336 6.99912 4
9.78463 6.41257 4
9.20044 7.10471 4
9.39269 6.69293 4
9.52384 7.62166 4
9.56208 8.36375 4
10.7177 8.34112 4
9.88685 9.09614 4
9.09704 9.55497 4
10.4245 10.6832 4
9.21783 6.04674 4
11.0995 9.65196 4
9.73278 6.99635 4
9.41712 7.42714 4
9.90811 8.93467 4
9.35915 8.33908 4
9.19854 7.89726 4
10.079 9.43819 4
9.88915 9.0229 4
10.1235 7.8932 4
10.2143 8.83963 4
10.3752 9.25921 4
10.1113 8.62545 4
10.6473 7.82794 4
9.67212 8.51062 4
9.24137 7.09867 4
10.4198 6.10079 4
10.3117 7.47127 4
10.3182 7.01859 4
10.0975 9.35511 4
10.1439 8.26945 4
8.94056 7.96784 4
9.41074 8.64613 4
9.34559 10.5094 4
9.74947 9.28961 4
8.71293 8.36562 4
10.1923 9.93066 4
9.05742 6.31666 4
10.442 10.5449 4
9.2755 8.58192 4
9.6852 7.94201 4
9.93993 6.00831 4
9.39995 9.19681 4
10.4612 7.91516 4
9.90364 8.57395 4
10.2762 7.86351 4
9.43045 8.64964 4
9.20818 9.78673 4
9.79315 9.7436 4
10.4936 7.01892 4
10.1804 7.05742 4
9.65048 7.33527 4
9.81404 9.45501 4
10.8416 2.99257 4
9.80025 7.59246 4
9.9722 6.36908 4
9.52804 9.10054 4
10.6385 7.47172 4
9.35589 7.43589 4
10.4377 8.13028 4
9.40748 5.61664 4
9.86811 9.84376 4
8.91756 9.54405 4
9.28167 10.3021 4
9.88116 6.79943 4
9.08096 7.70988 4
9.54205 8.00123 4
9.83187 6.87779 4
9.83446 4.33052 4
9.6568 7.15406 4
10.0294 8.43966 4
9.20752 7.7319 4
10.3503 5.91114 4
8.58159 6.01403 4
10.591 10.884 4
10.474 9.91203 4
10.0915 9.34923 4
10.4425 9.58941 4
9.98532 9.56179 4
9.11947 9.43136 4
9.8951 8.69263 4
9.21933 5.64726 4
10.0395 5.63987 4
10.1519 7.7126 4
10.0699 10.0831 4
9.9136 8.16996 4
10.4027 9.11604 4
9.7871 8.86185 4
10.4165 8.16233 4
9.23146 7.70081 4
9.42203 6.88408 4
10.1531 8.86623 4
10.038 9.81189 4
9.91261 10.2624 4
9.99715 10.169 4
9.68191 8.9457 4
10.3149 9.78193 4
9.52161 8.20357 4
10.7341 7.19677 4
9.17612 7.88458 4
9.46774 10.7674 4
9.69969 9.03197 4
9.64202 8.76643 4
9.79515 7.0613 4
9.49127 8.14829 4
9.00719 8.6896 4
9.85026 10.402 4
10.279 10.9947 4
9.62436 7.8763 4
9.48486 6.9306 4
9.8775 7.09405 4
9.7497 8.29366 4
9.77732 9.81724 4
9.8159 11.4931 4
10.6926 8.68421 4
9.79363 9.15634 4
9.82412 9.3856 4
9.59705 8.38532 4
9.40173 8.93565 4
9.3077 6.83129 4
9.86429 5.96997 4
9.11097 7.60878 4
10.3279 8.61297 4
9.85338 7.64912 4
9.7467 9.61826 4
10.5614 10.4613 4
9.85712 8.32962 4
10.6313 7.47421 4
9.73965 6.39362 4
10.3375 8.89346 4
10.8609 7.35027 4
9.75631 10.5754 4
10.9964 6.46932 4
9.78147 8.15822 4
9.82231 6.565 4
10.1479 10.3021 4
9.35277 4.26836 4
10.3626 6.65629 4
9.89435 7.94528 4
9.48289 5.53613 4
9.73444 6.20649 4
8.9769 5.70488 4
9.99189 10.1738 4
9.66045 8.54137 4
8.91962 9.049 4
9.38449 7.30694 4
9.5734 10.397 4
10.0553 6.79228 4
9.09488 9.73997 4
10.2191 10.0894 4
9.94503 8.46913 4
9.74004 10.2921 4
10.2834 10.989 4
9.38793 7.06313 4
9.82962 9.59616 4
9.10807 8.20743 4
9.519 7.08002 4
9.08852 9.04278 4
10.1115 8.74661 4
9.76993 10.9145 4
10.2283 9.84118 4
8.8781 6.94789 4
9.75958 9.77586 4
9.48211 5.03578 4
9.35122 4.28707 4
9.82771 6.62378 4
9.66978 9.21632 4
9.51759 7.72865 4
9.29851 4.64757 4
10.2181 9.97342 4
10.129 9.59916 4
9.16789 9.55319 4
10.1732 8.94677 4
9.98863 5.43667 4
10.7763 6.95496 4
10.4047 6.59978 4
9.74243 8.70726 4
9.09416 6.9695 4
10.1166 9.05826 4
10.3724 10.681 4
9.70327 9.62667 4
10.2973 8.03019 4
9.11781 5.89836 4
8.97398 8.04959 4
9.36257 8.34196 4
9.98865 10.6088 4
9.52974 10.0668 4
9.67836 8.17946 4
9.8003 9.66126 4
10.9328 7.3539 4
9.38004 7.3308 4
9.57654 7.33705 4
9.57841 7.31921 4
9.74798 10.2071 4
10.2355 8.66046 4
9.99082 9.4353 4
10.223 9.95556 4
9.49777 8.44031 4
9.9195 9.41087 4
10.0391 9.49615 4
9.94006 6.73474 4
9.74543 8.27205 4
9.63741 8.32974 4
9.43052 8.44074 4
9.04315 7.27064 4
9.19512 8.2626 4
10.5209 8.59482 4
9.81514 9.04897 4
9.87799 8.83432 4
9.42425 9.81587 4
9.795 11.956 4
9.93418 7.34252 4
9.73711 11.2192 4
9.69469 8.28746 4
10.472 8.45615 4
10.4777 10.2975 4
9.54694 6.88519 4
10.0125 9.02395 4
10.0279 8.31633 4
9.19892 10.3106 4
9.18791 5.16037 4
10.3404 8.31657 4
9.83423 8.32857 4
9.09273 7.88937 4
9.33578 8.77496 4
9.39973 8.48711 4
8.9368 11.1316 4
10.2313 7.22285 4
9.44623 6.91759 4
9.95594 8.21864 4
10.4434 9.91283 4
9.914 7.71692 4
10.1926 7.17998 4
9.96101 8.20556 4
9.92103 8.62864 4
10.062 9.27734 4
9.79956 7.21782 4
9.98561 9.41635 4
9.94758 11.0633 4
10.3106 11.8424 4
9.2256 6.23915 4
9.32069 8.32682 4
9.90011 7.48908 4
9.57072 9.0432 4
10.0219 9.47688 4
8.79662 11.7695 4
9.85021 8.75936 4
10.3347 6.99593 4
10.1952 9.57467 4
9.88369 10.3233 4
9.30863 6.65318 4
-6.93952 2.4307 5
-11.8071 2.57979 5
-6.26708 2.69363 5
-0.192781 2.86192 5
-5.69995 2.36648 5
-9.43628 3.0328 5
-10.7425 3.46268 5
-8.38422 3.07693 5
-14.6775 3.18684 5
-12.923 2.93355 5
-9.49561 3.13667 5
-2.54096 2.93324 5
-19.5 2.67944 5
-6.67194 2.84417 5
-12.6115 3.12381 5
-7.61756 3.16951 5
-8.3628 2.88585 5
-1.17589 3.25208 5
-0.83599 1.9769 5
-8.50957 3.42984 5
-16.4969 2.93851 5
-16.5383 3.05373 5
-1.41897 3.28345 5
0.568115 2.42568 5
-8.58051 3.20575 5
-18.0248 2.49608 5
-7.92635 3.14563 5
0.203645 2.11542 5
-6.5996 3.16489 5
-5.17353 2.64064 5
-15.2219 3.16883 5
-7.66036 3.20373 5
-5.06266 3.12286 5
-8.47404 2.43766 5
-2.95354 2.9171 5
-10.8371 2.75094 5
-13.3498 2.42992 5
-12.5058 2.50879 5
-4.6561 3.46275 5
-12.6187 2.40281 5
-10.5591 2.63731 5
-22.1126 3.1146 5
-5.79268 3.01277 5
-10.0451 2.89354 5
-1.46037 2.94468 5
-14.4474 2.33002 5
-13.6054 2.74251 5
-9.30654 2.52713 5
-14.6572 3.18267 5
-4.79459 2.61129 5
-18.2891 3.14527 5
-11.6596 3.2789 5
-9.78637 3.49751 5
-11.5764 2.84902 5
-8.90991 2.41688 5
-15.7826 2.61107 5
-12.4675 3.26884 5
-6.05535 2.85523 5
-12.6031 2.82898 5
-8.11976 2.79733 5
-5.98437 3.35509 5
2.05825 2.58042 5
-7.73966 2.77982 5
-9.31352 3.21067 5
-3.22547 2.82846 5
-11.5273 3.04343 5
-10.2464 3.02588 5
-18.5708 2.93559 5
-4.78812 2.87392 5
-12.9888 3.42752 5
-3.90387 2.84406 5
-12.2978 2.29004 5
-8.46711 2.90922 5
-19.6243 1.75615 5
-12.7861 3.81488 5
-11.9119 3.17035 5
-11.1387 3.16251 5
-6.19012 2.42769 5
-7.56406 3.17486 5
-7.57704 2.59718 5
-2.73137 2.93073 5
-7.5506 3.02687 5
-8.44388 2.57489 5
-6.50001 3.10827 5
-11.3587 2.48748 5
-6.13864 2.5672 5
-8.45265 4.11887 5
3.54997 3.87111 5
-14.5076 3.16647 5
-8.68232 3.12542 5
-10.0679 1.89439 5
-8.38145 3.10366 5
-14.5764 3.3162 5
-2.67474 3.13477 5
-27.6319 2.039 5
-7.25764 3.18998 5
-2.9705 3.08045 5
-13.1509 2.93738 5
-14.2464 3.01502 5
-0.939532 2.3912 5
-7.30692 2.16518 5
-13.1238 3.40631 5
-11.1844 2.84448 5
-11.6232 3.29202 5
-17.089 2.68612 5
-11.7718 2.81409 5
-9.54024 2.99462 5
-10.1258 2.78193 5
-0.522605 3.005 5
-11.8501 2.94187 5
-11.3211 2.65844 5
-8.69524 3.02367 5
-15.7517 1.78992 5
0.54833 3.62735 5
-5.54226 2.69767 5
4.19434 2.43407 5
-10.3588 2.35902 5
-14.7426 3.22025 5
-0.0376362 2.50337 5
-7.72507 3.06945 5
-13.9482 2.56634 5
-9.55167 2.84097 5
-10.3741 3.07915 5
-1.17654 2.96712 5
-5.96522 3.05261 5
-14.4437 3.28483 5
-11.1616 2.49275 5
-3.5439 2.39307 5
-8.40979 2.96354 5
-6.64874 2.69971 5
-17.5255 2.51177 5
-23.0792 2.72206 5
-12.6986 2.84185 5
-9.85533 2.85073 5
-3.62948 3.62523 5
-4.47421 2.97474 5
-17.0337 2.71382 5
-8.71266 3.12752 5
-10.4203 2.71947 5
-11.015 2.56057 5
-7.2869 2.75793 5
-18.0426 3.25104 5
-13.5571 2.62827 5
-13.3292 2.85847 5
-9.62596 2.98091 5
-4.10414 3.38436 5
-11.3476 2.32195 5
-4.48342 2.76289 5
-16.4095 3.0208 5
-5.14804 2.87276 5
-12.8322 1.98709 5
-16.291 2.62111 5
-14.2707 3.32256 5
-3.73909 2.99854 5
-11.9942 3.18331 5
-17.9865 3.35351 5
-9.76121 3.11749 5
-8.94355 3.09776 5
-2.47862 2.69311 5
-7.25415 2.55067 5
-5.78589 2.61411 5
-14.5314 2.86432 5
-11.7363 3.47037 5
-10.8678 3.23613 5
-8.02252 2.82355 5
-11.8392 2.70209 5
-13.4266 2.60712 5
-0.60925 3.01649 5
-8.642 3.18268 5
-10.2332 3.20244 5
-7.58112 2.89343 5
-13.821 2.271 5
-16.4019 1.90112 5
-9.96571 3.12967 5
-10.6168 3.18539 5
-10.5471 2.75827 5
-12.8325 3.90596 5
-11.9973 3.12305 5
-9.60549 2.85864 5
-11.3951 2.77744 5
-6.69803 3.16255 5
-12.4385 3.77476 5
-11.2325 2.64103 5
-4.52042 3.15363 5
-19.5362 3.12894 5
-16.7854 2.47117 5
-10.6415 2.71559 5
-11.2839 2.53282 5
-6.08005 2.96958 5
-1.54075 2.60437 5
4.56679 2.24658 5
-15.5921 2.27044 5
-10.7397 3.00651 5
-2.81801 2.05033 5
-8.74584 3.53522 5
-6.24647 3.15146 5
-11.9958 2.49545 5
-1.78727 3.09902 5
-14.8036 2.61661 5
-9.90199 2.79811 5
-2.24233 2.80218 5
-17.7536 3.23739 5
-5.84458 2.84217 5
-11.0162 2.48143 5
-17.0518 2.68946 5
-9.36965 3.08538 5
-6.21599 2.89482 5
-10.3129 2.99038 5
-4.51269 2.84133 5
-16.8609 3.41286 5
-20.3756 3.64837 5
-8.6325 2.71305 5
-13.1034 3.46943 5
-7.1213 2.76935 5
-13.7208 3.58719 5
-7.71534 2.24353 5
-5.00815 2.71387 5
-9.11977 3.23655 5
-2.11708 3.2759 5
0.606028 3.33357 5
-11.6042 2.79095 5
-0.480287 2.84181 5
-8.94577 3.02244 5
-22.3101 3.8991 5
-6.10867 2.74112 5
-16.1393 2.95223 5
-15.672 3.05318 5
-14.4172 2.94093 5
-11.2043 2.33111 5
-12.6394 2.74665 5
-14.5097 3.1248 5
-4.75797 2.86907 5
-12.8226 2.57321 5
-11.9774 1.42101 5
0.36566 2.79838 5
-9.03704 2.64184 5
-14.897 2.7739 5
-11.1116 3.26634 5
-13.3321 3.31567 5
-12.7009 2.85986 5
-9.07787 2.96495 5
-1.72189 2.72388 5
-21.3732 1.97453 5
-6.03037 3.04827 5
2.33198 2.93794 5
-7.31006 3.01476 5
-13.1884 2.78585 5
-11.1964 2.76744 5
-5.48927 2.66813 5
-16.3418 2.42981 5
-1.55966 2.00366 5
-14.5184 3.04789 5
-10.9708 2.96252 5
-12.4113 2.12157 5
-0.894232 2.60348 5
-10.0103 2.98118 5
-7.95738 2.69121 5
-9.82352 2.42893 5
2.33668 2.66808 5
-4.80252 2.8248 5
-11.6139 3.49372 5
-2.49521 2.59187 5
-11.6749 2.80587 5
-8.98516 2.34695 5
-9.89985 2.53793 5
-6.62632 2.90575 5
-6.65126 2.32674 5
-1.62723 2.79409 5
-5.43311 2.33973 5
-2.99093 2.975 5
-7.32537 3.30683 5
-12.0564 3.35117 5
-10.5105 2.68896 5
-0.79769 2.55059 5
-16.0172 3.22214 5
-4.80532 3.2589 5
-9.94953 2.73078 5
-11.0092 3.63754 5
-10.6619 2.57002 5
-16.4636 3.20168 5
-15.0032 2.95716 5
-8.71045 2.91432 5
-9.17801 3.07023 5
-21.4981 2.75827 5
-3.41256 2.82221 5
-2.63496 3.14674 5
-14.318 2.733 5
-6.50734 3.15608 5
-10.346 2.7564 5
-9.69395 2.95721 5
-9.31355 2.55708 5
-3.65216 2.92997 5
-7.29834 2.29357 5
-14.6262 2.74499 5
-12.9847 3.65774 5
3.45793 3.04038 5
-18.9264 2.96585 5
-17.3258 2.66584 5
-10.3354 3.08497 5
-8.25143 3.16763 5
-12.1559 3.29276 5
1.60039 2.75082 5
0.403133 3.11177 5
-15.9381 3.01899 5
-16.1017 2.83583 5
-17.9989 2.79977 5
-9.81705 2.49692 5
-12.5254 2.07235 5
-7.36772 2.5368 5
-15.9165 2.5155 5
-4.18314 3.16883 5
-5.71076 2.71062 5
-17.4336 2.99149 5
-9.32278 2.60546 5
0.252867 3.05696 5
-9.56536 2.4983 5
-0.589121 2.95428 5
-7.37368 2.79812 5
-11.4111 2.63924 5
-10.896 2.29729 5
-15.5597 3.69292 5
-11.798 2.87883 5
-22.3537 3.69031 5
-11.1209 3.05915 5
-13.0559 2.53745 5
-8.03186 2.59573 5
-0.863922 2.29489 5
-8.26047 3.11846 5
-4.48837 2.79852 5
-8.58483 2.42117 5
-4.23369 3.34959 5
-15.333 3.17899 5
-3.99826 2.6091 5
-5.82146 2.46474 5
-2.38372 2.70053 5
-12.1673 1.62804 5
-8.2089 2.54859 5
-10.0219 2.98128 5
-15.8871 2.22699 5
-1.3334 2.43856 5
-0.365875 2.89543 5
-8.3718 3.26609 5
-5.93385 2.71325 5
-11.5753 3.04224 5
-8.10779 1.1462 6
-6.61766 0.713822 6
-8.79149 1.00137 6
-8.56031 0.84683 6
-11.5391 1.18665 6
-7.62379 1.22604 6
-6.83302 0.878437 6
-7.20548 0.600451 6
-8.15533 1.05294 6
-10.7376 0.70858 6
-4.8684 0.777052 6
-5.20247 1.02966 6
-9.42425 0.836755 6
-10.5592 0.810199 6
-7.27047 0.623944 6
-9.40645 0.776879 6
-8.69771 0.756098 6
-9.15669 1.03672 6
-9.67327 0.682807 6
-7.08509 1.0892 6
-9.96918 0.81173 6
-7.45178 0.78971 6
-10.497 0.854782 6
-7.88325 1.06351 6
-10.2586 0.821792 6
-10.4893 0.929612 6
-9.70754 0.875346 6
-4.88197 0.934985 6
-9.07146 0.868781 6
-7.32632 1.01974 6
-9.69654 1.03048 6
-7.26948 0.894395 6
-11.3988 0.877236 6
-10.305 0.959406 6
-8.56613 0.882919 6
-10.6838 0.679543 6
-10.5243 1.05599 6
-8.75381 0.81113 6
-10.4828 1.04386 6
-9.5069 0.905722 6
-9.89012 0.970143 6
-9.10588 1.05564 6
-10.0609 0.879886 6
-6.90589 0.874306 6
-9.99378 0.918503 6
-8.13158 0.946262 6
-9.67502 1.03486 6
-9.08409 0.927221 6
-9.2277 0.90974 6
-9.69006 0.784283 6
-8.37735 0.761789 6
-6.65562 1.11314 6
-9.90969 0.883991 6
-8.59635 0.956709 6
-8.63102 0.979706 6
-7.74038 0.849302 6
-9.574 0.805049 6
-8.08567 0.928351 6
-9.15683 0.757948 6
-11.1297 0.995758 6
-5.47389 1.06048 6
-7.81287 0.851268 6
-7.57713 0.979776 6
-7.07761 1.11674 6
-9.49934 0.951897 6
-10.8481 0.879162 6
-11.0887 0.962584 6
-7.99736 0.673922 6
-9.22804 0.950156 6
-10.6898 0.863308 6
-6.8761 0.845769 6
-9.61065 0.853587 6
-9.26069 0.840609 6
-8.82919 0.900134 6
-9.7275 0.654425 6
-9.85647 0.847655 6
-9.76899 0.809243 6
-8.90284 0.759377 6
-7.20535 0.872061 6
-8.69588 1.15508 6
-8.93677 1.01183 6
-10.0457 0.779681 6
-6.41379 1.0142 6
-7.60635 1.1006 6
-8.95778 0.774331 6
-10.1568 0.819905 6
-8.48416 0.97226 6
-9.80912 1.00779 6
-7.43389 0.94049 6
-7.20518 0.997351 6
-8.85077 0.819689 6
-10.3256 0.990856 6
-8.02134 0.836808 6
-9.88884 1.12891 6
-11.6485 0.899655 6
-7.18669 0.686895 6
-8.85969 0.800197 6
-4.8151 0.974161 6
-10.5393 0.688187 6
-9.28316 0.83433 6
-9.21043 0.823728 6
-8.94778 0.961681 6
-8.20068 0.885754 6
-10.0858 0.868201 6
-8.03918 0.893978 6
-8.92453 0.998603 6
-8.71969 0.853823 6
-7.63315 0.86879 6
-8.22654 0.799614 6
-7.66958 0.912163 6
-7.94554 0.969647 6
-8.15129 0.861517 6
-9.96297 0.777173 6
-7.49282 1.03814 6
-8.70026 0.820295 6
-9.24375 1.03088 6
-8.44885 0.716113 6
-8.78242 0.873368 6
-10.514 1.0999 6
-7.97164 0.983052 6
-11.3598 0.845655 6
-8.75833 0.695331 6
-9.57331 0.702379 6
-11.683 1.02819 6
-6.83527 0.686071 6
-9.51394 0.748024 6
-10.9162 0.790217 6
-9.42809 1.00112 6
-10.5099 0.78345 6
-9.86316 0.751618 6
-7.60847 0.950671 6
-6.54019 0.732766 6
-9.07261 0.654444 6
-9.21835 0.833836 6
-10.3572 0.827794 6
-11.4493 1.01262 6
-8.46857 0.882688 6
-9.61239 0.691447 6
-8.70879 0.918169 6
-10.4899 0.917478 6
-8.0579 0.98222 6
-8.96601 1.05724 6
-9.11456 1.16705 6
-8.62251 0.918106 6
-8.2982 1.09909 6
-9.65735 0.781169 6
-7.20106 0.586992 6
-7.89038 0.92692 6
-9.12478 0.912095 6
-9.02736 0.88229 6
-11.0034 0.959611 6
-7.5114 0.926663 6
-6.87533 0.889119 6
-10.9989 0.732771 6
-8.52019 0.728177 6
-9.07363 0.884548 6
-9.85336 0.798609 6
-9.42202 0.709713 6
-9.22559 0.979991 6
-6.90394 0.819062 6
-10.9427 0.952292 6
-8.73123 0.770917 6
-7.8278 1.01624 6
-10.2701 0.663099 6
-12.2544 1.00077 6
-7.44862 0.779011 6
-8.90603 0.964528 6
-11.1896 1.1815 6
-9.27593 0.864751 6
-9.09084 0.750639 6
-11.3565 0.949457 6
-9.22545 0.931888 6
-7.21769 1.0855 6
-9.86686 0.727383 6
-8.48015 1.10992 6
-9.15997 0.839765 6
-10.5081 0.887609 6
-8.84243 0.958988 6
-9.55155 0.727081 6
-10.8902 1.01369 6
-9.38815 0.726041 6
-10.7478 0.966239 6
-7.10157 0.970491 6
-8.23872 0.902114 6
-5.81252 0.987855 6
-9.0288 0.699523 6
-8.88791 0.784139 6
-10.2225 0.717147 6
-11.6127 0.878277 6
-6.12741 1.02622 6
-8.75986 0.690897 6
-8.04833 0.96781 6
-9.39915 0.723166 6
-8.62772 0.856827 6
-8.52043 0.908195 6
-8.24454 0.76704 6
-6.49321 0.826556 6
-10.7405 1.10365 6
-12.0809 0.787774 6
-11.6478 1.115 6
-8.1775 0.951185 6
-7.69215 1.09661 6
-9.23796 0.944848 6
-9.68651 0.847103 6
-7.90697 0.847914 6
-8.31094 0.959366 6
-8.95352 0.802794 6
-8.48179 0.835375 6
-8.44194 0.954122 6
-9.53134 1.03212 6
-8.44275 0.868168 6
-10.4322 0.784936 6
-10.8933 1.1086 6
-7.90151 1.07534 6
-6.32587 1.2145 6
-8.95509 0.939899 6
-7.50982 0.979538 6
-7.36375 0.953791 6
-7.60984 0.855588 6
-9.22475 1.03156 6
-7.42604 0.881118 6
-8.82215 1.06978 6
-11.1352 0.744051 6
-9.21855 0.873091 6
-9.58113 0.856825 6
-7.4862 0.79666 6
-8.57907 1.11466 6
-10.1392 0.681374 6
-8.77847 1.02899 6
-12.6334 0.75443 6
-7.68724 0.911996 6
-10.4785 0.823532 6
-10.1869 1.01491 6
-9.30914 0.902347 6
-6.31158 0.934965 6
-10.731 0.976789 6
-10.865 0.853823 6
-9.1727 0.814029 6
-9.20884 0.888181 6
-9.36827 0.904545 6
-8.56911 0.965683 6
-10.9031 0.935726 6
-7.60834 0.956996 6
-12.142 1.02238 6
-8.77271 0.890369 6
-7.86804 0.849182 6
-12.1822 0.865545 6
-8.36306 0.909673 6
-9.79265 0.824085 6
-8.79282 0.729875 6
-8.13318 1.07226 6
-8.506 0.655678 6
-9.09601 1.0015 6
-11.3744 1.01383 6
-7.02659 1.18744 6
-8.19511 0.986649 6
-8.26501 0.971777 6
-7.41644 1.012 6
-7.4558 0.926871 6
-10.1709 0.752368 6
-8.15445 1.18372 6
-10.7222 0.871396 6
-10.2011 0.873398 6
-8.30628 0.853628 6
-9.04403 0.847084 6
-9.26217 0.946793 6
-9.91102 0.847325 6
-8.48546 0.668799 6
-7.81978 0.679469 6
-10.4429 1.1011 6
-8.06987 1.0239 6
-9.81326 1.08468 6
-7.40444 1.00712 6
-7.108 0.704793 6
-10.6037 0.88008 6
-9.03281 0.95103 6
-8.29196 0.969247 6
-6.58633 1.00452 6
-10.9338 0.757826 6
-7.30834 0.817892 6
-8.37069 0.76072 6
-7.04351 0.712016 6
-10.256 0.692976 6
-10.4767 0.700787 6
-8.52324 0.921797 6
-7.80367 0.915142 6
-8.64874 0.963068 6
-9.77292 0.817553 6
-8.56259 0.707969 6
-10.2922 1.01197 6
-8.74538 1.04856 6
-11.3725 0.909772 6
-10.9591 0.96227 6
-8.83831 0.941205 6
-6.65517 0.891653 6
-9.37486 0.805499 6
-7.8264 0.900644 6
-12.5017 0.8267 6
-6.71625 0.733637 6
-9.98855 0.685448 6
-7.58541 0.883909 6
-9.64824 0.894533 6
-10.1075 0.941792 6
-9.98959 1.14198 6
-10.2743 0.88271 6
-9.86966 0.979922 6
-8.46237 0.784825 6
-7.57355 0.740188 6
-8.14761 1.02916 6
-9.97409 1.21883 6
-7.58321 0.831129 6
-8.22438 1.15379 6
-5.88104 0.763101 6
-8.07307 0.840023 6
-5.35543 0.911343 6
-9.83505 1.04586 6
-8.38422 0.738113 6
-10.3321 1.06756 6
-9.09854 0.875536 6
-10.3681 0.813744 6
-9.69371 0.953535 6
-8.6383 0.789225 6
-2.50689 -0.496982 7
-2.07747 -0.441496 7
-2.61378 -0.642413 7
-2.16574 -0.558891 7
-2.31976 -0.851906 7
-2.3786 -0.0720423 7
-2.79003 -0.347281 7
-2.46342 -0.776678 7
-2.52 -0.655816 7
-2.3859 -0.129449 7
-2.76092 -0.592289 7
-2.48204 -0.706019 7
-2.46449 -0.504238 7
-2.25733 -0.540888 7
-2.60901 -0.447922 7
-2.47204 -0.642475 7
-2.40528 -0.631327 7
-2.30593 -0.333689 7
-2.71357 -0.792644 7
-2.36433 -1.04337 7
-2.60376 -0.527289 7
-2.20151 -0.467414 7
-2.65768 -0.73235 7
-2.37973 -0.524932 7
-2.51617 -0.392487 7
-2.41271 -0.602414 7
-2.15442 -0.684463 7
-2.5398 -0.47918 7
-2.28212 -0.621685 7
-2.32414 -0.555195 7
-2.62902 -0.497992 7
-2.39807 -0.853696 7
-2.18398 -0.325076 7
-2.60833 -0.544277 7
-2.22781 -0.643891 7
-2.57154 -0.866758 7
-2.08316 -0.758479 7
-2.21289 -0.444812 7
-2.29627 -0.680425 7
-2.42843 -0.273035 7
-2.49761 -1.11341 7
-2.67936 -0.585585 7
-2.58111 -0.464114 7
-2.32024 -0.500227 7
-2.3171 -0.713561 7
-2.28234 -0.632412 7
-2.46129 -0.560718 7
-2.41945 -0.137709 7
-2.2247 -0.556114 7
-2.5863 -0.0767078 7
-2.65482 -0.476726 7
-2.29912 -0.3578 7
-2.48852 -0.81217 7
-2.25165 -0.79324 7
-2.06326 -0.567193 7
-2.4636 -0.493642 7
-2.52224 -0.576385 7
-2.39045 -0.635907 7
-2.23625 -0.267556 7
-2.16455 -0.711779 7
-2.02637 -0.492526 7
-2.45258 -0.707229 7
-2.09303 -0.18696 7
-2.50879 -0.586741 7
-2.54448 -0.505341 7
-2.30287 -0.512402 7
-2.25772 -0.50018 7
-2.16564 -0.417124 7
-2.30335 -0.465799 7
-2.55379 -0.436111 7
-2.67533 -0.486521 7
-2.4677 -0.746559 7
-2.38971 -0.274701 7
-2.2419 -0.493199 7
-2.26392 -0.351766 7
-2.438 -0.094951 7
-2.66222 -0.786086 7
-2.24889 -0.474735 7
-2.39452 -0.602438 7
-2.05876 -0.870345 7
-2.52148 -0.567552 7
-2.51641 -0.466235 7
-2.09688 -0.507023 7
-2.25157 -0.281712 7
-2.32607 -0.321544 7
-2.10987 -0.569372 7
-2.45361 -0.616791 7
-2.4547 -0.512156 7
-2.23773 -0.626259 7
-2.2875 -0.477687 7
-2.15443 -0.689702 7
-2.32477 -0.247347 7
-2.4364 -0.390343 7
-2.39712 -0.529271 7
-2.50938 -0.345546 7
-2.2258 -0.529919 7
-2.23891 -0.615356 7
-2.17155 -0.343416 7
-2.55033 -0.341289 7
-2.3898 -0.516364 7
-2.39707 -0.229199 7
-2.39502 -0.609139 7
-2.25546 -0.584926 7
-2.33472 -0.229544 7
-2.28927 -0.404981 7
-2.25224 -0.428334 7
-2.28452 -0.914464 7
-2.23817 -0.582951 7
-2.52258 -0.687355 7
-2.52742 -0.513067 7
-2.13555 -0.559867 7
-2.31506 -0.537766 7
-2.32337 -0.551236 7
-2.22872 -0.408385 7
-2.19854 -0.482599 7
-2.83607 -0.750357 7
-2.35227 -0.733427 7
-2.00325 -0.512107 7
-2.3115 -0.696839 7
-2.26845 -0.995304 7
-2.3162 -0.319567 7
-2.41485 -0.362541 7
-2.30888 -0.533637 7
-2.42123 -0.298518 7
-2.59378 -0.332454 7
-2.50954 -0.248257 7
-2.25811 -0.663706 7
-2.7143 -0.413445 7
-2.17472 -0.791754 7
-2.61887 -0.720725 7
-2.39218 -0.541666 7
-2.42772 -0.417456 7
-2.88816 -0.94661 7
-2.35804 -0.632926 7
-2.41562 -0.764086 7
-2.63251 -0.32897 7
-2.39216 -0.837777 7
-2.79247 -0.691952 7
-2.57224 -0.18498 7
-2.45783 -0.78764 7
-2.37741 -0.483493 7
-2.3409 -0.435673 7
-2.62734 -0.510599 7
-2.27934 -0.243352 7
-2.5151 -0.594959 7
-2.52171 -0.686868 7
-2.12971 -0.673202 7
-2.44675 -0.22843 7
-2.43069 -0.552399 7
-2.13977 -0.279155 7
-2.24821 -0.366239 7
-2.64503 -0.566676 7
-2.55059 -0.575919 7
-2.23961 -0.323685 7
-2.21959 -0.677311 7
-2.73157 -0.633353 7
-2.39695 -0.984641 7
-2.44162 -0.688615 7
-2.38656 -0.625145 7
-2.23725 -0.311885 7
-2.44175 -0.574994 7
-2.18463 -0.528058 7
-2.60527 -0.549069 7
-2.6521 -0.459381 7
-2.18209 -0.441851 7
-2.50143 -0.494768 7
-2.14586 -0.439637 7
-2.26443 -0.869675 7
-2.51053 -0.665032 7
-2.19596 -0.764236 7
-2.59139 -0.714533 7
-2.78161 -0.80752 7
-2.20822 -0.450464 7
-2.22236 -0.574293 7
-2.16666 -0.532392 7
-2.37583 -0.505913 7
-2.66127 -0.653326 7
-2.3221 -0.736587 7
-2.41933 -0.831256 7
-2.38784 -0.503386 7
-2.21228 -0.377728 7
-2.34765 -0.488811 7
-2.23477 -0.412653 7
-1.95333 -0.625019 7
-2.22038 -0.346512 7
-2.23891 -0.280557 7
-1.99583 -0.52523 7
-2.74283 -0.558402 7
-2.33751 -0.547996 7
-2.09778 -0.31579 7
-2.517 -0.69241 7
-2.5582 -0.580285 7
-2.39701 -0.844977 7
-2.41572 -0.314241 7
-2.26693 -0.467411 7
-2.22941 -0.649789 7
-2.33747 -0.625569 7
-2.43048 -0.442736 7
-2.29238 -0.671307 7
-9.64437 -8.41914 8
-9.20353 -10.5404 8
-10.0672 -8.08093 8
-5.94079 -11.3603 8
-8.36406 -9.07381 8
-10.7032 -7.32874 8
-7.09185 -11.1993 8
-7.03435 -11.5179 8
-9.20709 -9.77688 8
-7.42606 -10.9749 8
-8.24 -8.97267 8
-7.65631 -9.99 8
-8.75679 -9.24037 8
-8.73762 -10.5927 8
-9.69455 -7.73898 8
-9.62255 -7.61717 8
-7.69796 -11.5818 8
-8.83292 -9.29057 8
-8.40944 -8.89737 8
-9.70936 -8.18326 8
-7.79928 -9.97782 8
-6.82026 -11.4759 8
-7.91734 -10.371 8
-10.7251 -7.04754 8
-10.9172 -8.22549 8
-9.93219 -9.18015 8
-11.4666 -6.86119 8
-10.1171 -8.90854 8
-9.61392 -9.85103 8
-8.19878 -9.73569 8
-9.88382 -8.68321 8
-10.6425 -8.67945 8
-10.3381 -8.17396 8
-8.73287 -8.99918 8
-9.2927 -9.51707 8
-7.75453 -10.8875 8
-8.31449 -9.8397 8
-7.80165 -11.2809 8
-10.634 -7.39291 8
-9.55785 -9.10733 8
-8.16082 -10.2272 8
-8.56585 -9.92654 8
-8.37985 -10.1557 8
-6.90109 -10.355 8
-10.1895 -8.68444 8
-9.78293 -9.66153 8
-8.80579 -9.53854 8
-8.17717 -10.8925 8
-9.46439 -8.75816 8
-7.5846 -10.693 8
-9.13943 -9.68176 8
-7.85152 -9.19414 8
-8.60182 -8.5481 8
-7.45889 -10.1272 8
-7.80639 -9.68302 8
-9.99719 -9.31042 8
-7.80287 -10.4917 8
-9.65239 -8.31364 8
-9.14562 -10.1357 8
-9.43094 -9.10406 8
-8.25425 -10.7271 8
-7.49374 -9.08975 8
-8.55808 -10.4146 8
-8.75658 -9.63831 8
-10.6764 -6.98538 8
-8.00164 -9.84218 8
-8.3698 -9.8416 8
-7.61348 -10.6573 8
-8.28161 -9.93742 8
-6.5597 -8.51259 9
-6.75271 -9.66072 9
-6.63675 -9.55625 9
-6.6339 -8.65661 9
-6.72251 -10.4994 9
-6.44367 -8.79866 9
-6.62077 -10.2505 9
-6.63901 -9.12946 9
-6.72896 -9.4081 9
-6.73763 -8.70381 9
-6.72661 -9.12871 9
-6.66656 -9.44264 9
-6.59403 -8.74921 9
-6.74378 -9.52098 9
-6.63535 -10.0339 9
-6.72243 -8.21781 9
-6.74421 -9.68616 9
-6.64605 -9.56872 9
-6.66903 -9.4955 9
-6.63428 -9.42813 9
-6.61399 -10.1069 9
-6.66286 -9.97071 9
-6.52097 -9.73554 9
-6.74668 -9.67984 9
-6.66113 -9.09563 9
-6.76478 -8.59247 9
-6.68267 -10.2723 9
-6.74991 -10.7272 9
-6.70306 -9.85563 9
-6.62668 -10.2369 9
-6.68738 -9.11797 9
-6.59226 -9.64286 9
-6.69073 -8.57413 9
-6.69854 -10.4251 9
-6.64097 -9.64694 9
-6.77251 -9.801 9
-6.65968 -9.72405 9
-6.58028 -9.38641 9
-6.49709 -9.6084 9
-6.6729 -9.01104 9
-6.88256 -9.2434 9
-6.68895 -10.0559 9
-6.47357 -9.73896 9
-6.66957 -9.83871 9
-6.62981 -10.0606 9
-6.75477 -9.32243 9
-6.73176 -10.1209 9
-6.6046 -9.07569 9
-6.73242 -9.65441 9
-6.63603 -8.5324 9
-6.62883 -9.91368 9
-6.6952 -8.70827 9
-6.6425 -10.2583 9
-6.64241 -9.806 9
-6.67834 -9.84933 9
-6.65353 -9.28648 9
-6.72874 -9.80226 9
-6.76378 -9.41802 9
-6.67932 -9.47366 9
-6.70483 -9.19471 9
-6.73246 -9.80811 9
-6.37886 -9.35786 9
-6.6463 -9.99702 9
-6.6868 -9.36652 9
-6.59784 -8.40509 9
-6.60115 -9.77137 9
-6.69229 -9.8207 9
-6.71286 -9.31726 9
-6.57465 -8.5663 9
-6.77755 -10.1282 9
-6.67025 -9.27698 9
-6.57711 -9.95049 9
-6.68129 -9.55805 9
-6.63503 -10.0278 9
-6.64822 -9.24909 9
-6.63754 -9.3434 9
-6.59354 -9.45704 9
-6.71658 -9.28682 9
-6.67637 -8.93027 9
-6.62231 -10.1362 9
-6.63468 -9.19055 9
-6.59832 -9.11987 9
-6.66759 -9.07905 9
-6.50982 -9.28573 9
-6.67012 -8.89441 9
-6.66806 -9.38757 9
-6.79031 -9.01508 9
-6.69548 -9.77453 9
-6.48026 -9.12143 9
-6.73327 -8.39631 9
-6.56065 -9.25767 9
-6.62337 -9.66747 9
-6.89012 -9.8528 9
-6.54668 -9.32196 9
-6.69067 -10.2658 9
-6.6235 -8.53384 9
-6.56665 -8.98506 9
-6.7005 -9.13598 9
-6.63723 -10.0602 9
-6.64589 -9.58168 9
-6.64949 -9.42411 9
-6.54478 -8.81477 9
-6.5736 -9.45443 9
-6.63088 -9.97418 9
-6.60172 -9.15426 9
-6.60383 -9.06447 9
-6.57194 -10.5162 9
