3.5436 -1.50745 0
7.92744 -1.63008 0
5.17987 -1.11888 0
-0.731047 -0.910361 0
-1.14889 0.723568 0
6.93097 -0.134246 0
1.50069 -0.398139 0
-0.254064 -1.6205 0
6.30625 -2.31223 0
7.71569 -0.417067 0
0.527413 0.291178 0
-2.58986 1.15636 0
8.2505 -1.40964 0
-5.56919 -1.89678 0
-0.68053 1.47562 0
-3.8647 -0.122765 0
9.42168 -2.494 0
6.48396 -1.33613 0
-5.82604 -0.0187404 0
-1.03232 0.434169 0
4.62721 -0.593485 0
4.91245 -2.1677 0
-4.3664 -0.819978 0
5.31229 -0.313696 0
-2.99057 -1.15394 0
3.76223 -2.33065 0
5.7713 -1.10321 0
8.6335 -1.67541 0
0.807054 -0.553506 0
3.86327 -1.69943 0
-1.65396 0.111208 0
-3.67805 -1.21155 0
11.8325 -0.913693 0
0.307208 -1.70167 0
-3.98141 -0.627158 0
2.66136 -1.53846 0
-0.864838 -0.720122 0
2.09248 -2.48973 0
-5.11496 -1.09137 0
-1.6756 -2.8514 0
7.5391 -2.02466 0
-2.14945 -1.72913 0
-4.59115 -0.677269 0
5.73273 -0.988857 0
-0.465563 -2.3547 0
-3.57317 -0.491169 0
8.17065 -1.10789 0
1.19806 -1.84743 0
8.96422 -1.24184 0
-1.82863 -1.62815 0
2.98375 -1.19757 0
-3.49487 -0.130694 0
-1.77775 -1.90666 0
-4.79804 0.357675 0
-4.71653 -1.736 0
-4.21551 -1.75542 0
3.32672 -1.56329 0
-1.90104 -1.39476 0
-1.59673 -3.42478 0
-0.40427 -1.69614 0
0.11003 -2.77251 0
2.55806 -0.966947 0
-2.80863 -0.00758516 0
-1.21865 0.316077 0
4.22705 -0.538391 0
-4.0645 -1.17109 0
0.368026 -1.96444 0
-5.83183 -0.910188 0
5.22482 -1.06928 0
0.179591 -2.3514 0
-0.168937 0.131014 0
4.40906 -1.44608 0
-0.968958 -2.14083 0
4.35717 -1.93518 0
4.37246 -1.04545 0
2.48634 -0.901347 0
4.65495 1.02939 0
0.773676 -1.95051 0
-1.76224 -3.52286 0
3.74918 -1.68127 0
3.1398 -1.03905 0
-3.75622 -0.157153 0
-4.63658 0.252251 0
-2.60129 1.46372 0
1.85527 -0.418906 0
9.42957 -1.89173 0
2.63223 -1.89955 0
-10.5788 -2.2146 0
-11.1977 0.765022 0
3.47929 -0.936609 0
0.600738 -1.15628 0
-1.25391 0.761619 0
1.44919 -1.68082 0
4.6726 1.24372 0
-3.15859 -0.164143 0
5.08986 -0.904264 0
6.34791 -1.69794 0
-3.65726 -0.870504 0
2.96058 -1.33802 0
5.2658 -1.32806 0
16.5582 0.579533 0
12.8062 -1.14317 0
-4.63949 -2.11912 0
1.41458 -0.0764925 0
0.568527 -2.17056 0
-4.89567 -1.19615 0
-3.65881 -0.646537 0
0.421082 -0.277019 0
5.56891 -1.702 0
6.05331 -1.90074 0
6.11881 -0.255653 0
1.45037 -0.412213 0
5.36 -2.12055 0
3.11586 -2.77979 0
11.775 -1.66788 0
-0.604845 0.145716 0
-5.24237 -0.673251 0
-11.5868 -0.993072 0
-0.633532 -1.06352 0
2.14149 -0.646325 0
-5.13578 -1.85272 0
2.60195 -1.85965 0
8.30157 0.676054 0
2.65199 -0.339037 0
-0.0150272 -1.2509 0
-7.15006 -1.27404 0
-1.19791 -1.1086 0
3.25638 -1.40614 0
-0.751516 0.268193 0
0.514185 -3.81062 0
-8.43224 1.01029 0
9.99204 -0.771915 0
-5.44619 -2.01367 0
2.54469 -1.27762 0
3.74692 1.03443 0
-2.26019 -1.07419 0
3.09194 -0.910169 0
-1.4446 -0.277165 0
7.81443 -0.57082 0
-4.39813 -0.87139 0
6.35718 -2.88109 0
7.61732 -0.30337 0
2.34662 -1.4788 0
-0.949412 -0.727851 0
-2.1511 -0.587179 0
2.39672 -1.12927 0
-2.87595 0.837124 0
13.1092 -0.642256 0
9.36054 1.46993 0
-4.82834 -1.14979 0
0.159218 -2.10048 0
5.02261 0.640919 0
-0.953318 0.139805 0
2.57002 -1.64914 0
3.33997 -2.85701 0
1.47398 -2.40069 0
-2.63281 -1.35238 0
4.98815 -2.23648 0
6.29319 -0.318643 0
1.89951 -2.81289 0
-2.88236 -1.28358 0
3.36159 -1.36394 0
5.11841 -0.160705 0
6.88269 -0.659577 0
-2.51971 -1.28271 0
4.68008 -1.431 0
6.88271 -0.536286 0
0.566625 -1.97704 0
-3.45516 -0.838743 0
-4.2249 -1.87856 0
-2.71616 -1.07243 0
2.49828 -2.32938 0
-2.62327 -0.00947749 0
-2.24053 -1.46649 0
1.93137 -0.061847 0
3.14636 -2.45837 0
-4.13689 -3.01876 0
3.94912 -1.34316 0
-1.90357 -0.852822 0
4.15717 -0.235974 0
5.73224 -1.59799 0
-0.420961 -0.201302 0
8.8362 -2.23643 0
3.73891 -0.517766 0
-0.00284882 -0.727726 0
6.94409 -0.187407 0
-3.61496 -1.65511 0
-2.32901 -2.04609 0
0.33347 -0.768208 0
2.5544 -2.63653 0
-10.413 -0.352735 0
5.1113 -2.07196 0
4.69058 0.00366094 0
7.8014 -2.41111 0
-1.08082 0.07633 0
8.60219 -0.547286 0
0.0578438 -1.07875 0
4.43617 -4.05762 0
0.543616 -0.337034 0
8.49278 -1.21242 0
0.553607 -0.808243 0
-8.95338 -1.18589 0
2.62955 -1.44593 0
-4.81803 0.292274 0
-3.51089 -2.85245 0
11.014 -2.02162 0
-1.78973 2.1136 0
7.80968 -1.1821 0
2.0997 -2.48456 0
8.12363 -2.46299 0
9.0916 -1.73117 0
7.40891 -1.01111 0
-5.73961 0.40351 0
2.30203 -2.46527 0
4.16158 -1.01709 0
-1.83418 -1.11309 0
1.12034 -0.6227 0
-2.57843 -0.234061 0
-2.34536 -0.223617 0
0.263427 0.147765 0
1.52601 -1.252 0
-7.60538 -2.22729 0
2.16587 0.122226 0
-0.348 -0.977352 0
5.77649 -0.51237 0
-0.0950591 -1.56392 0
5.63906 -0.219148 0
-2.65642 -0.604035 0
5.47246 -1.30173 0
-2.97571 -2.24355 0
2.32387 -1.30812 0
-2.80577 1.58175 0
-3.89571 -1.28381 0
1.97711 -0.909038 0
0.759808 -2.14589 0
-1.75634 -0.767425 0
-7.12866 0.211571 0
-3.76794 -1.25195 0
5.4509 -2.1592 0
-8.14262 0.629139 0
0.900925 -0.205548 0
-11.1047 -1.63254 0
0.217898 -1.83986 0
5.61912 -2.14494 0
-6.17075 -1.91971 0
-0.0618117 -2.0838 0
-5.46927 0.0761587 0
12.9601 -3.03737 0
3.03281 -1.02879 0
4.6844 -0.150806 0
-4.68732 -0.521246 0
1.96903 -0.620364 0
-0.240216 -0.0863333 0
3.81031 0.00862295 0
3.80068 -0.519082 0
-3.06658 -0.959352 0
-1.47897 -1.38626 0
8.72685 -2.21017 0
0.436603 -0.18486 0
8.07833 0.306764 0
-6.1929 0.0334629 0
4.3344 -1.39944 0
2.94752 0.271379 0
7.436 -0.117017 0
4.03155 -0.903405 0
6.24742 -1.43592 0
0.331672 -1.68626 0
-0.3857 -0.171386 0
-6.26689 -2.66321 0
6.00378 -0.7776 0
2.68277 -1.59862 0
-0.850138 -1.9303 0
7.69185 -0.166963 0
3.14869 -0.426935 0
8.08893 -1.9119 0
2.88094 0.470249 0
4.94242 -1.02754 0
-14.3098 0.695755 0
4.86858 -0.0556202 0
-2.9592 -2.11804 0
3.48639 0.0283444 0
-2.40296 -0.579512 0
11.6803 -2.0785 0
-1.17753 -0.232602 0
-4.28773 0.420861 0
-7.04862 -0.335955 0
-4.78522 -1.06292 0
2.56381 -1.41106 0
-0.555954 1.68255 0
-1.54379 0.0866985 0
-0.221768 -0.800063 0
-3.56408 -0.163313 0
4.70667 0.445411 0
0.4031 -2.07867 0
8.41579 -0.653098 0
-3.45929 -0.313267 0
8.37904 -0.38682 0
6.09854 -0.655141 0
5.74422 0.21842 0
5.86316 -2.11947 0
12.3394 -2.65748 0
3.6628 -1.79609 0
-5.88384 -0.320165 0
-4.31328 -2.36916 0
-3.03294 -0.466915 0
2.3505 0.54251 0
5.2857 -0.753172 0
3.17065 -2.9404 0
-0.750449 1.39321 0
3.48071 -1.10342 0
-0.202146 -2.29985 0
-2.32509 -1.8279 0
-1.31916 -1.93284 0
0.34143 0.0565574 0
3.8103 -1.32192 0
-2.07922 0.49596 0
-7.11085 -0.937063 0
5.79272 -1.40398 0
0.282799 -0.838163 0
6.33125 -1.48261 0
3.44474 -0.184393 0
5.94033 -2.7955 0
0.653442 0.149472 0
-3.01901 -2.19174 0
1.66292 -0.668699 0
6.63917 -1.67894 0
5.33115 -0.790523 0
-4.09034 -0.483325 0
0.496345 -2.82415 0
3.26466 -0.367254 0
1.31491 -0.495319 0
-1.91329 -0.902943 0
-6.94707 -1.9895 0
-2.73615 -1.09154 0
0.856863 -2.08518 0
-2.53398 -1.27779 0
-4.70077 -1.73187 0
8.38779 0.860677 0
-3.97093 0.571942 0
6.11407 0.971189 0
1.3043 -1.14819 0
-0.427453 1.09323 0
6.14079 -2.38749 0
7.1629 -1.13271 0
10.2153 -1.9764 0
10.7317 -1.79466 0
5.36057 1.72129 0
6.0312 -1.13382 0
3.00428 -0.294596 0
4.30008 0.888892 0
-4.35134 -0.0404583 0
-0.0283013 -0.822059 0
4.05541 -1.88729 0
1.05757 -0.167927 0
4.57331 -0.915336 0
5.20508 -1.66572 0
12.7849 -0.576669 0
11.2507 -1.03305 0
2.743 -0.101896 0
3.25497 -0.0644257 0
-1.37417 -0.905129 0
1.44541 -0.133645 0
-5.10875 -1.97028 0
-0.327744 -0.347708 0
3.42181 -1.19384 0
7.00636 -0.973374 0
0.0897883 -2.04183 0
-5.92525 -0.251326 0
4.74757 -0.902994 0
-1.60999 -0.954493 0
15.2114 -1.10886 0
2.08745 -0.632149 0
-1.72166 -0.668854 0
-2.68616 -0.172976 0
1.43966 1.13435 0
2.92906 -2.6799 0
10.2394 -1.55004 0
-3.14967 -1.90164 0
-6.01612 -2.30875 0
5.65314 -1.68647 0
2.46159 -1.50727 0
1.99229 -0.730119 0
11.579 -1.50588 0
-5.29187 0.199307 0
11.8471 -0.71439 0
2.71538 -1.82701 0
-1.83448 -0.523582 0
1.83052 -2.56539 0
-6.12706 -0.906768 0
1.1652 -0.225434 0
15.8289 -2.03487 0
-5.01537 -2.89978 0
4.48297 -1.00637 0
4.43732 -0.835647 0
10.9128 -2.89209 0
-1.15669 -1.18043 0
2.69136 0.0726521 0
-1.26006 0.372442 0
8.48019 -2.42806 0
-6.6536 -0.452895 0
7.87451 -2.72857 0
5.35911 -2.68585 0
2.74909 -0.515946 0
-3.10443 -0.655477 0
-2.93682 -2.00865 0
-9.311 -0.232745 0
0.366772 -1.21573 0
0.613284 0.347771 0
1.15844 -1.60731 0
-9.22278 -1.17817 0
-5.75014 0.298632 0
2.76837 -0.608404 0
7.23652 0.316112 0
-0.187076 0.0340577 0
9.95571 -1.2279 0
-1.44677 -2.65691 0
-2.72239 -1.31713 0
-0.282117 -0.107099 0
7.58059 -8.21591 1
4.87592 -6.8571 1
4.82024 -6.91436 1
12.1209 -7.76039 1
5.95858 -7.42104 1
9.52963 -7.94646 1
7.37396 -7.42682 1
7.30002 -7.10611 1
6.59617 -5.67618 1
7.84803 -9.93131 1
8.42079 -7.40719 1
11.1963 -5.02023 1
7.59242 -6.44671 1
9.21324 -8.25127 1
6.5891 -8.49907 1
7.41619 -8.14875 1
5.92057 -8.01291 1
10.8404 -7.51121 1
7.62419 -4.75002 1
6.3416 -9.31625 1
8.22675 -6.3734 1
6.10953 -5.82462 1
6.16861 -4.65791 1
5.56854 -7.60436 1
4.3907 -6.95695 1
7.70792 -6.12236 1
7.50503 -7.76421 1
8.35479 -8.71579 1
9.17242 -7.48134 1
6.84505 -7.64502 1
8.4336 -7.27616 1
6.91339 -6.64268 1
7.22232 -5.78204 1
9.55051 -6.8919 1
6.71042 -6.87044 1
5.33858 -8.74753 1
3.74767 -7.86349 1
8.25806 -6.8258 1
3.81268 -7.76656 1
9.14314 -4.01756 1
6.27498 -7.56165 1
4.9873 -6.14067 1
8.44214 -7.30234 1
7.92578 -8.10537 1
7.8928 -8.08335 1
6.41629 -7.4917 1
8.0871 -6.78035 1
5.95093 -7.69517 1
4.65471 -7.01013 1
5.02659 -7.48942 1
7.97002 -6.79946 1
7.50789 -7.12136 1
5.76376 -6.63277 1
5.29101 -7.85358 1
5.93825 -7.38691 1
8.77979 -6.88115 1
8.77811 -8.26377 1
7.96742 -8.2724 1
10.149 -6.53837 1
9.43482 -8.84381 1
5.48708 -6.61037 1
9.79556 -5.52673 1
5.91195 -8.10226 1
7.03845 -8.39642 1
8.09207 -5.58153 1
7.46737 -8.13443 1
7.16418 -6.51983 1
4.67106 -6.25565 1
8.49064 -8.54711 1
5.80723 -8.19497 1
7.23882 -5.7796 1
6.03957 -7.37813 1
5.14879 -6.71751 1
6.73878 -6.75463 1
6.48683 -8.59636 1
9.2176 -7.46877 1
5.49626 -7.59643 1
7.27519 -6.71017 1
3.93615 -8.56471 1
7.35574 -6.50174 1
7.94121 -8.14179 1
6.24281 -7.7325 1
7.43345 -7.94399 1
5.6026 -7.97228 1
9.6525 -6.52055 1
7.68851 -7.20943 1
5.9838 -8.40138 1
5.86663 -8.65651 1
8.14135 -6.38709 1
5.45395 -6.84208 1
8.63067 -9.54376 1
10.9137 -5.66122 1
8.5818 -7.30295 1
4.40548 -7.47581 1
6.50087 -6.83078 1
4.9534 -9.04857 1
7.05049 -6.35919 1
7.40106 -6.5638 1
8.9376 -6.63896 1
9.82552 -6.60827 1
9.85861 -6.95765 1
7.11131 -8.24315 1
5.74475 -7.56742 1
8.66197 -8.05953 1
4.64123 -7.1316 1
5.95046 -7.3482 1
7.84303 -6.0171 1
9.99992 -9.31308 1
9.16684 -7.02145 1
7.77335 -6.67805 1
8.94056 -7.39809 1
9.65038 -6.51502 1
9.25482 -8.06367 1
9.24169 -8.06647 1
8.59604 -8.80504 1
8.38021 -6.70187 1
10.7686 -7.40769 1
6.7467 -8.42274 1
9.03741 -8.33123 1
9.8443 -8.20892 1
5.18148 -9.23317 1
6.98547 -7.32978 1
6.72941 -7.77979 1
6.51187 -7.49052 1
5.15693 -7.76787 1
5.99945 -6.20968 1
7.83611 -5.49588 1
5.16208 -8.05528 1
8.35646 -7.60601 1
5.10028 -6.93169 1
6.29026 -9.61709 1
8.70698 -8.13713 1
7.21388 -6.78926 1
6.75359 -7.87707 1
5.72603 -6.98279 1
3.99099 -7.16422 1
2.54314 -8.00764 1
8.86454 -6.14706 1
5.03541 -9.35135 1
6.01923 -6.671 1
4.41175 -7.22807 1
9.98644 -5.71992 1
6.51995 -7.44438 1
8.24703 -8.28459 1
10.0558 -6.8205 1
6.5545 -6.17732 1
6.78684 -7.71536 1
8.52702 -7.50053 1
5.92801 -6.97656 1
6.2605 -7.18443 1
6.00612 -8.68497 1
6.6969 -7.41029 1
9.07354 -6.89036 1
4.08524 -7.96913 1
6.51143 -8.03446 1
6.53515 -8.15633 1
7.56183 -5.70243 1
9.3971 -7.72486 1
6.30208 -7.14568 1
8.61699 -8.24596 1
7.17899 -7.82536 1
5.65443 -8.36588 1
7.417 -9.04408 1
5.76331 -9.06192 1
8.71903 -7.73894 1
8.68886 -6.11601 1
5.93727 -8.03147 1
5.96149 -6.68853 1
8.08347 -7.16023 1
8.43669 -6.84609 1
9.74816 -7.65385 1
4.16572 -8.094 1
7.9972 -9.21285 1
7.39275 -7.84167 1
8.53876 -8.19323 1
7.22703 -8.94541 1
6.74756 -6.40887 1
5.99549 -7.94514 1
6.03995 -6.2315 1
7.61188 -8.02103 1
5.28396 -6.53463 1
7.95822 -8.41117 1
7.72551 -7.38691 1
7.88316 -6.91345 1
3.42605 -8.27842 1
3.4996 -8.63249 1
5.57803 -8.08717 1
7.21418 -8.11603 1
6.69115 -6.96109 1
10.4482 -6.97552 1
9.45222 -8.01804 1
7.59621 -6.92396 1
5.46793 -6.74586 1
6.0969 -8.20552 1
7.39965 -6.29662 1
8.46965 -8.34225 1
6.90704 -6.08676 1
8.70185 -8.73522 1
9.71359 -7.83184 1
6.92543 -8.09607 1
6.03293 -7.30772 1
7.2048 -7.07369 1
8.26105 -6.60641 1
6.53288 -8.47924 1
9.64228 -6.05805 1
6.36035 -7.27153 1
5.17996 -9.43548 1
10.1107 -6.31439 1
5.47119 -7.39819 1
7.36145 -6.42447 1
7.3703 -6.55843 1
6.4916 -6.98254 1
9.61779 -7.39686 1
7.85402 -6.53296 1
7.97485 -7.0628 1
5.11222 -7.03541 1
8.41902 -7.31242 1
8.45361 -7.51682 1
9.79956 -6.77449 1
8.56725 -7.77242 1
8.40442 -7.30453 1
3.29086 -8.1571 1
6.73362 -7.83224 1
5.66251 -9.38956 1
7.50646 -6.49388 1
5.67772 -6.65249 1
5.78431 -6.90969 1
5.31802 -8.85159 1
5.60885 -8.05436 1
5.53186 -6.91573 1
9.31218 -8.016 1
8.84926 -7.12336 1
7.19295 -7.05599 1
11.2074 -7.05765 1
8.11904 -6.7117 1
6.86387 -9.03274 1
7.76415 -7.6401 1
6.55802 -8.88943 1
8.04512 -7.25711 1
8.83126 -8.78478 1
8.47218 -7.17116 1
11.8368 -8.27729 1
6.79094 -9.43915 1
9.71429 -5.50105 1
9.78154 -7.72113 1
9.10238 -7.57626 1
10.9512 -6.2585 1
5.78121 -6.50537 1
6.95741 -8.57083 1
7.46175 -8.37769 1
8.05958 -9.19723 1
8.50763 -7.85455 1
5.53904 -7.26397 1
5.24772 -8.32786 1
4.72001 -8.11221 1
6.95882 -10.1977 1
9.19405 -6.97022 1
5.45187 -7.88185 1
6.15633 -8.43947 1
5.77781 -8.21951 1
5.47169 -7 1
6.20065 -5.94567 1
8.18672 -7.30376 1
9.53886 -7.89456 1
7.70816 -8.85659 1
6.72742 -8.49107 1
7.18815 -6.30495 1
9.1287 -8.07796 1
7.88079 -8.01822 1
7.70106 -5.98993 1
9.98708 -4.7287 1
8.03329 -7.46876 1
4.94157 -7.37959 1
7.54591 -6.34758 1
7.61814 -9.00554 1
6.77789 -6.22677 1
8.41562 -7.05735 1
6.10316 -7.63953 1
9.08488 -7.96677 1
5.41858 -6.85365 1
5.54226 -7.01143 1
11.2229 -7.08126 1
6.0965 -8.27064 1
7.40569 -7.37611 1
5.76805 -7.46637 1
5.9703 -8.54943 1
4.36643 -7.6957 1
8.75534 -9.23236 1
4.75104 -8.68485 1
8.51405 -8.13821 1
5.25483 -8.18362 1
8.06023 -6.55584 1
6.47471 -7.20984 1
9.14861 -5.87539 1
6.91006 -7.83651 1
9.81501 -5.54886 1
8.51267 -8.03245 1
7.46047 -6.48198 1
8.01867 -6.87143 1
6.42822 -9.33382 1
6.3233 -6.98263 1
9.12744 -7.1959 1
8.47513 -7.09384 1
6.02633 -8.29289 1
5.75236 -8.10398 1
5.47918 -7.50815 1
6.88969 -7.17433 1
7.82443 -6.97585 1
8.28085 -8.54265 1
6.73589 -7.37015 1
10.5804 -5.86917 1
5.83207 -5.96225 1
6.71278 -6.08551 1
7.62786 -7.84178 1
7.5661 -6.60003 1
7.07099 -8.44088 1
5.13718 -7.89272 1
8.43063 -8.22509 1
7.09118 -8.47518 1
5.12391 -9.09412 1
4.03082 -6.38497 1
3.5829 -7.97074 1
11.7728 -5.54477 1
8.12104 -7.81909 1
7.60457 -6.46707 1
7.86502 -5.12393 1
8.75713 -5.84354 1
7.81713 -9.29275 1
9.1448 -7.40472 1
8.31364 -9.38767 1
8.07343 -5.37172 1
9.09942 -6.78409 1
6.48231 -7.20201 1
9.67707 -6.90772 1
9.32257 -6.11955 1
9.61041 -4.96715 1
6.97226 -7.44153 1
6.649 -8.8305 1
5.32697 -8.11188 1
6.50004 -5.86185 1
9.07887 -6.80741 1
4.94598 -10.0404 1
4.64478 -5.41997 1
3.66444 -8.95905 1
6.73924 -7.39345 1
8.38286 -8.12073 1
8.32751 -8.11225 1
9.20608 -7.56287 1
2.7285 -8.63562 1
10.0227 -7.94939 1
8.63175 -8.03332 1
4.70496 -7.69296 1
7.36937 -7.037 1
3.73552 -8.78093 1
6.60536 -7.34703 1
8.2685 -8.21043 1
8.54343 -5.60799 1
7.60408 -4.90903 1
8.19327 -5.88269 1
9.25399 -6.50801 1
3.92673 -6.98967 1
1.31177 7.53063 2
4.70143 6.48134 2
1.15777 6.19658 2
4.73505 5.43773 2
4.83397 5.62418 2
3.83605 6.86699 2
4.41859 6.5512 2
-4.19559 7.01485 2
7.32005 6.90196 2
9.57605 6.52389 2
2.23847 6.67973 2
-3.32537 8.88705 2
4.13443 7.97442 2
2.9541 6.64529 2
-6.62889 8.74893 2
2.43852 5.45146 2
2.36013 5.11414 2
-6.72753 9.35812 2
2.22946 6.9885 2
-2.06788 5.78707 2
-3.71482 6.4179 2
-0.67944 6.99263 2
-6.57587 6.86735 2
-4.96724 8.20483 2
0.401026 6.5273 2
-0.198963 5.51931 2
0.460157 7.51851 2
-4.37009 7.15483 2
0.403956 6.49694 2
-0.0833913 6.25883 2
-0.579172 8.16404 2
3.16301 4.52371 2
0.761766 7.29728 2
-3.18159 9.71018 2
4.29609 5.37122 2
-1.56614 7.19941 2
0.184042 8.10802 2
-1.45736 8.34631 2
-3.82788 5.10696 2
2.01997 6.48138 2
1.0213 5.4746 2
-0.595526 8.28959 2
2.06559 4.54807 2
2.10086 8.61244 2
-0.286121 7.61208 2
2.04882 6.10502 2
-0.665814 7.10035 2
4.30836 7.42094 2
-0.465167 5.92698 2
-2.98003 6.77396 2
1.03456 7.5526 2
3.58839 7.52866 2
-0.155511 8.47124 2
-0.637505 7.79551 2
7.94734 4.79682 2
0.0475971 7.48906 2
-0.0746872 7.95904 2
2.50366 5.64217 2
7.88941 6.50095 2
0.323111 5.94852 2
-2.30455 5.19028 2
2.68797 7.0987 2
1.41056 6.53756 2
3.96832 6.86076 2
8.5522 6.02984 2
4.5409 7.6554 2
-1.11841 6.43226 2
2.65564 8.54887 2
-0.450965 10.3266 2
-0.747875 5.85954 2
4.20079 6.44611 2
-1.82904 7.95817 2
1.59991 7.92072 2
-0.237507 8.11003 2
6.52547 7.94329 2
-0.811647 6.72502 2
-2.3956 5.93066 2
2.92736 8.98246 2
-3.90381 8.07243 2
-3.12491 8.46768 2
7.67029 5.96431 2
1.20035 6.17463 2
3.36451 6.23756 2
-0.376797 7.39603 2
3.63164 5.16779 2
0.4376 8.68208 2
-2.00951 6.14654 2
3.55871 6.36117 2
-0.876072 7.1481 2
-0.546885 6.59651 2
4.84546 6.06568 2
-3.43083 7.11644 2
-5.71519 7.68271 2
0.226503 7.07552 2
-3.55222 6.77305 2
2.1928 7.69332 2
-1.5989 4.79326 2
-0.797099 8.58095 2
-0.910267 6.93138 2
4.37526 7.05691 2
-4.74414 7.87087 2
-4.16877 6.69115 2
-2.68953 8.53094 2
-2.93378 8.33522 2
2.44313 7.42478 2
2.12559 6.50695 2
-6.49715 8.97533 2
-0.233365 9.80285 2
-1.20386 7.45079 2
-1.59261 7.03231 2
0.164367 6.60357 2
-0.685112 6.4321 2
0.24454 5.55898 2
4.23689 7.08709 2
-1.89742 5.36781 2
-4.04435 6.89373 2
4.66499 6.16972 2
0.804104 7.23066 2
-4.79036 6.66569 2
4.73049 5.02388 2
-0.910077 3.99275 2
5.12701 8.34573 2
2.58133 6.71745 2
-2.43689 5.72893 2
-0.400428 5.96158 2
5.04586 7.25472 2
3.07058 5.87726 2
0.254264 7.86869 2
5.61539 4.62152 2
8.38067 5.51148 2
-0.55421 7.52849 2
-2.33591 7.88999 2
-1.26462 7.02615 2
1.43907 7.48292 2
-4.9205 6.87989 2
-6.68541 7.4733 2
6.60647 4.25093 2
11.6066 6.29246 2
2.42071 7.22447 2
4.20971 4.94204 2
1.22401 5.5843 2
0.771854 7.35035 2
1.36581 6.51188 2
2.0536 6.74673 2
2.38681 5.79899 2
1.24567 7.61647 2
4.38771 5.74112 2
1.40096 7.7809 2
-0.0650044 6.22487 2
-2.04412 7.46679 2
1.47925 7.50672 2
-0.204236 7.08557 2
1.13181 6.72394 2
5.78268 6.19593 2
-3.0161 8.33955 2
3.17237 7.74761 2
3.69951 6.26861 2
3.47038 6.21721 2
4.96641 8.4806 2
-2.9954 7.83306 2
5.96142 7.14658 2
0.850968 7.1899 2
6.99902 6.67902 2
4.81679 6.55948 2
3.22141 9.12983 2
0.00251509 6.32083 2
4.77098 7.84883 2
-0.905595 7.26608 2
3.1128 5.90717 2
3.10233 7.12643 2
-0.611673 8.57069 2
0.197257 4.73929 2
-4.6124 8.86569 2
2.16705 6.74199 2
-7.30358 7.19453 2
6.14209 6.08623 2
2.7585 7.65004 2
1.22617 7.45621 2
2.38868 7.34039 2
0.805297 6.96743 2
2.37914 6.07236 2
-0.492388 7.95584 2
6.88886 7.28682 2
-1.72763 8.40368 2
1.42293 6.5893 2
-3.465 6.99598 2
-2.50707 7.91411 2
-2.00361 5.90015 2
-0.0470728 7.32413 2
-0.134546 7.2127 2
1.63105 7.67828 2
-2.39653 7.9258 2
0.153017 6.47527 2
1.96625 5.63911 2
-0.424853 6.89508 2
0.696932 5.4895 2
7.9939 8.40837 2
-6.46445 6.04552 2
1.685 6.18296 2
3.02144 7.56147 2
12.4573 3.50995 2
-2.09965 7.53861 2
-1.52889 8.18191 2
-2.04682 7.89143 2
2.87026 6.3607 2
-3.03213 7.08232 2
7.42911 7.53009 2
0.429512 7.55518 2
-0.554721 7.3198 2
-2.42097 7.58564 2
1.13425 9.42912 2
1.66159 7.67021 2
-1.14099 7.08798 2
-0.430607 8.23103 2
5.07113 5.42374 2
2.14391 7.63078 2
2.65226 5.03416 2
-1.45387 9.14587 2
-0.970188 6.6537 2
6.11227 6.96993 2
-2.65438 7.96306 2
3.05763 6.084 2
3.78557 7.05911 2
-4.81242 8.79358 2
1.67055 5.84898 2
1.49931 9.18611 2
-6.84251 7.02741 2
-2.9643 7.16007 2
-2.91354 8.82768 2
1.78248 5.48834 2
2.79868 8.52928 2
1.9127 5.58952 2
-2.66392 7.84159 2
4.78737 6.85854 2
5.79407 5.81424 2
-3.88149 7.04519 2
1.97413 4.26547 2
-4.31103 7.60429 2
1.88733 7.97057 2
-1.81761 8.25979 2
2.39862 6.67696 2
0.0426132 7.40742 2
-0.743433 6.13832 2
-3.04767 6.73221 2
0.258299 6.3678 2
-3.73888 6.70394 2
-1.14 6.21626 2
-1.0076 6.93293 2
-3.61284 6.60922 2
-3.07905 6.35314 2
-4.35521 7.18313 2
-3.18031 5.02695 2
0.0462392 5.96165 2
2.32289 6.61005 2
-1.24018 7.94447 2
2.66005 6.61425 2
-10.0892 6.34569 2
4.18867 6.19972 2
-2.68739 7.86681 2
-1.44457 7.69893 2
-1.80419 7.60557 2
2.34496 8.72836 2
-2.95139 5.29322 2
2.36183 6.84515 2
4.24443 6.02563 2
0.287004 6.59059 2
-6.11316 9.01619 2
1.14784 5.98699 2
4.49312 6.13859 2
2.80609 6.58545 2
-3.37784 6.3765 2
-7.89606 -8.81962 3
-11.3199 -7.20682 3
-7.87471 -8.89079 3
-7.47275 -9.54784 3
-11.8692 -7.87106 3
-11.8813 -8.69325 3
-11.2368 -9.26175 3
-8.30226 -9.99948 3
-10.2615 -9.9254 3
-8.90484 -8.73 3
-9.64787 -9.48136 3
-10.9688 -10.5309 3
-9.6047 -9.7406 3
-8.95408 -9.51984 3
-11.7896 -8.16913 3
-10.2564 -7.40567 3
-7.3948 -8.64363 3
-7.7616 -9.15209 3
-9.20254 -7.94026 3
-8.02225 -9.7666 3
-7.89371 -8.27184 3
-8.69985 -9.58832 3
-8.24857 -7.76738 3
-8.69141 -8.82806 3
-11.2436 -7.98592 3
-10.0295 -9.70031 3
-9.09025 -7.57481 3
-9.63828 -8.35125 3
-11.9345 -9.11256 3
-10.4943 -7.0528 3
-10.8458 -9.26911 3
-10.1092 -10.6965 3
-6.3539 -10.2721 3
-10.1711 -7.37063 3
-7.7216 -10.2941 3
-7.73428 -9.81341 3
-10.6454 -10.4853 3
-8.26407 -8.9762 3
-9.98862 -8.12766 3
-10.3016 -8.2951 3
-11.4104 -7.05266 3
-11.1521 -8.65932 3
-10.1574 -9.4651 3
-8.79913 -8.87196 3
-8.31907 -7.30032 3
-9.7393 -10.3964 3
-8.57004 -6.65393 3
-10.1842 -8.90495 3
-11.5043 -8.03575 3
-11.8979 -7.33196 3
-12.3055 -8.34013 3
-10.5725 -9.40002 3
-9.0723 -9.31602 3
-6.97809 -8.31148 3
-7.07142 -9.11266 3
-7.34373 -9.07904 3
-12.9644 -6.99338 3
-7.19792 -10.5085 3
-5.13233 -9.94871 3
-11.2609 -7.82794 3
-3.83891 -8.64162 3
-7.05825 -8.51642 3
-8.05016 -8.61474 3
-10.7769 -6.39622 3
-9.98465 -9.69194 3
-7.62736 -8.02363 3
-11.0926 -8.45391 3
-8.82268 -9.65281 3
-9.87936 -7.26887 3
-7.76125 -10.5821 3
-10.4957 -9.44628 3
-5.71239 -9.58357 3
-7.12356 -8.85121 3
-11.5684 -7.50815 3
-9.40913 -7.09878 3
-8.93801 -7.2405 3
-10.1762 -6.3141 3
-7.92775 -8.49344 3
-7.70928 -8.98863 3
-7.51525 -10.6189 3
-7.83953 -9.75209 3
-7.89179 -8.80185 3
-8.02768 -7.85167 3
-8.64002 -9.99542 3
-10.2275 -8.07113 3
-12.5665 -9.21882 3
-10.7618 -8.90955 3
-6.47702 -10.8156 3
-9.1895 -8.36787 3
-6.87247 -9.58471 3
-8.52504 -9.82111 3
-8.57217 -9.62038 3
-10.315 -8.5508 3
-10.3654 -7.83713 3
-7.39046 -8.87256 3
-9.06348 -9.02357 3
-8.27547 -10.3204 3
-5.92924 -10.5153 3
-8.39103 -7.50619 3
-9.52456 -9.00804 3
-7.19786 -9.73945 3
-9.6961 -8.74746 3
-11.3325 -8.5069 3
-8.70109 -8.30125 3
-11.4658 -8.94231 3
-10.5657 -10.1944 3
-8.46858 -9.84109 3
-9.15825 -8.4025 3
-8.85133 -8.57495 3
-9.57622 -9.06265 3
-10.7278 -7.63088 3
-7.81477 -9.33834 3
-9.92012 -8.93778 3
-10.8897 -8.47027 3
-9.63092 -8.29571 3
-6.351 -9.96343 3
-8.74993 -9.22202 3
-4.93962 -9.02536 3
-7.44178 -7.99609 3
-8.63338 -9.72168 3
-8.04771 -9.65054 3
-7.23488 -9.15067 3
-8.09943 -9.36579 3
-10.2345 -9.08249 3
-8.41904 -8.573 3
-8.28323 -9.46929 3
-12.0193 -9.55296 3
-8.66588 -8.94451 3
-9.69503 -10.2442 3
-9.24544 -7.95535 3
-7.0623 -6.36602 3
-5.48793 -8.36378 3
-8.65581 -10.9928 3
-9.56982 -9.32715 3
-7.04426 -8.6096 3
-7.61543 -8.22862 3
-8.52691 -8.60883 3
-12.3225 -7.88732 3
-8.02771 -10.2526 3
-6.73564 -10.6878 3
-6.80708 -9.50591 3
-9.57329 -10.5804 3
-9.98304 -9.17467 3
-8.18177 -9.45652 3
-9.90631 -10.0653 3
-11.2372 -8.55211 3
-9.24496 -7.57134 3
-9.41277 -8.48356 3
-7.06628 -9.45549 3
-9.63454 -7.40498 3
-7.25581 -9.64569 3
-5.21144 -9.30689 3
-8.20757 -10.3304 3
-7.97394 -8.96817 3
-9.05798 -9.53346 3
-8.60067 -8.62715 3
-7.80062 -9.13705 3
-9.84272 -8.58387 3
-8.27128 -9.17723 3
-7.61768 -10.5725 3
-8.68994 -8.38045 3
-8.61736 -9.92213 3
-8.99722 -8.28574 3
-7.51378 -8.65077 3
-7.44931 -10.4396 3
-8.79075 -8.88069 3
-7.98549 -8.5406 3
-11.7823 -10.5161 3
-12.4224 -8.63864 3
-10.343 -9.70802 3
-6.19008 -9.06223 3
-9.3477 -9.62055 3
-7.72248 -8.74591 3
-10.3284 -7.85962 3
-8.90565 -8.0006 3
-7.91064 -10.0126 3
-8.42012 -8.59706 3
-7.8089 -9.44722 3
-9.91345 -5.72792 3
-10.2713 -7.36675 3
-8.45109 -10.4471 3
-9.17889 -8.26466 3
-9.02302 -7.42213 3
-8.61234 -9.33564 3
-9.74639 -9.12048 3
-8.40143 -8.84132 3
-6.85265 -9.34264 3
-10.6492 -7.57882 3
-10.0338 -7.78413 3
-9.53102 -7.82946 3
-10.3119 -8.2894 3
-7.50117 -8.12703 3
-6.79842 -11.1412 3
-9.38696 -9.06394 3
-8.70741 -8.54356 3
-8.19266 -8.41989 3
-6.86742 -9.38749 3
-9.3966 -9.18804 3
-7.75376 -9.05879 3
-9.52861 -8.8338 3
-8.18948 -9.92475 3
-9.50813 -8.44613 3
-10.5641 -7.27028 3
-6.66687 -9.46563 3
-8.44626 -9.41316 3
-9.7597 -9.73031 3
-8.7719 -7.56995 3
-9.38992 -8.08001 3
-8.27663 -8.96249 3
-8.63301 -9.56268 3
-8.40493 -8.76771 3
-10.7282 -8.55274 3
-8.03248 -9.73927 3
-5.99436 -11.7392 3
-8.94827 -8.34375 3
-7.91644 -11.7948 3
-11.3746 -8.51433 3
-11.2213 -7.79201 3
-11.4319 -7.14093 3
-7.90038 -8.16519 3
-9.8078 -8.40764 3
-6.90971 -10.04 3
-9.16593 -7.27523 3
-7.17828 -8.6994 3
-6.76406 -9.95085 3
-10.247 -8.59883 3
-10.5035 -6.92741 3
-6.85152 -8.99767 3
-8.01824 -9.72376 3
-8.49391 -8.12327 3
-9.77012 -9.74397 3
-9.86024 -9.49036 3
-11.0548 -7.43548 3
-13.4181 -6.83584 3
-9.35484 -9.13545 3
-10.5136 -10.2693 3
-7.21044 -10.9025 3
-7.13243 -7.79705 3
-6.91604 -10.5015 3
-7.75226 -8.97625 3
-8.74968 -6.6644 3
-9.46701 -10.5944 3
-8.81529 -10.4289 3
-9.14882 -8.59772 3
-9.06118 -8.03718 3
-10.8822 -8.89873 3
-9.51198 -8.31635 3
-10.4862 -8.74145 3
-8.75013 -10.3752 3
-8.33411 -8.70052 3
-10.8868 -8.57198 3
-7.71096 -9.47119 3
-9.42677 -6.96321 3
-9.47643 -8.82949 3
-9.72887 -10.1182 3
-2.50685 -9.78288 3
-5.83474 -10.9624 3
-8.87957 -7.33796 3
-8.2908 -9.24797 3
-7.85816 -7.75841 3
-9.9092 -8.5265 3
-8.04966 -7.82324 3
-10.9029 -8.77284 3
-6.56276 -8.64268 3
-9.27891 -7.92927 3
-7.87647 -8.91184 3
-8.17355 -8.19232 3
-8.31049 -11.2952 3
-8.28425 -9.36055 3
-6.24157 -8.89552 3
-6.55596 -8.96604 3
-4.95838 -10.4081 3
-10.4405 -6.87194 3
-7.80262 -10.5895 3
-11.0141 -9.92018 3
-9.86455 -10.1143 3
-9.57003 -8.43328 3
-9.03384 -8.32908 3
-9.23913 -6.93051 3
-11.2564 -7.84183 3
-9.30945 -8.27778 3
-11.2801 -7.3762 3
-11.745 -8.2019 3
-11.8734 -9.50857 3
-9.59604 -9.15325 3
-8.09016 -8.01152 3
-11.6519 -7.33693 3
-11.9572 -8.26511 3
-8.67785 -9.86768 3
-9.37715 -7.87631 3
-10.525 -9.02866 3
-11.116 -9.0976 3
-12.8752 -5.74332 3
-10.9955 -9.10734 3
-11.0874 -7.41124 3
-6.30001 -8.46172 3
-11.2889 -8.05131 3
-9.43923 -8.35865 3
-5.92376 -7.66974 3
-8.48442 -10.507 3
-10.0138 -8.54261 3
-5.83738 -10.1886 3
-6.55045 -10.2758 3
-7.4346 -9.16247 3
-10.5307 -7.56764 3
-9.29539 -9.42394 3
-10.3126 -8.67735 3
-8.62317 -10.9357 3
-6.115 -9.38509 3
-11.4955 -8.27067 3
-6.46269 -9.63402 3
-11.4457 -8.98963 3
-7.54009 -8.19803 3
-10.6636 -8.53604 3
-8.48621 -9.80584 3
-10.6869 -8.95232 3
-8.16025 -8.5913 3
-9.72911 -9.22715 3
-10.524 -9.1429 3
-9.5583 -8.67017 3
-10.1528 -7.8271 3
-9.50567 -9.45837 3
-9.48914 -9.89474 3
-10.6936 -8.70768 3
-10.2501 -9.46941 3
-7.87459 -9.40009 3
-10.6115 -9.30499 3
-7.35592 -11.2421 3
-6.88869 -7.56298 3
-9.63007 -10.182 3
-8.22104 -9.64662 3
-7.26241 -9.76825 3
-10.0501 -8.19093 3
-10.0622 -9.09941 3
-8.4408 -7.8226 3
-6.69249 -8.57362 3
-8.87769 -9.16857 3
-10.1672 -7.40311 3
-8.19681 -8.38498 3
-9.36221 -9.9628 3
-5.80772 -11.0019 3
-8.09085 -8.75109 3
-6.74995 -8.20922 3
-9.3052 -7.4067 3
-10.0256 -8.45854 3
-8.80259 -7.50482 3
-10.8465 -7.95166 3
-8.63609 -7.69512 3
-8.19511 -9.77506 3
-8.92103 -7.97561 3
-12.5909 -7.1444 3
-8.76287 -7.70704 3
-12.4197 -6.22221 3
-8.07462 -6.58949 3
-6.51908 -9.32 3
-8.74167 -9.509 3
-8.03551 -9.87568 3
-9.80154 -9.35067 3
-10.6704 -8.32759 3
-6.02205 -10.6292 3
-10.7473 -6.36563 3
-6.88082 -8.72654 3
-8.25551 -9.9904 3
-9.37334 -9.07566 3
-8.86066 -6.84222 3
-6.69549 -11.8017 3
-6.02876 -9.35427 3
-8.97038 -7.87289 3
-7.89879 -7.5688 3
-6.97379 -9.23767 3
-8.75822 -8.07019 3
-10.1257 -9.76967 3
-13.2684 -6.99846 3
-11.2661 -8.57554 3
-10.3981 -8.54549 3
-7.32459 -8.27079 3
-9.85045 -9.03539 3
-6.20141 -10.4406 3
-9.46407 -10.4439 3
-7.09216 -9.64349 3
-9.88078 -8.76607 3
-7.50251 -8.77696 3
-9.15037 -9.35701 3
-10.777 -7.46139 3
-6.40781 -9.41361 3
-8.59781 -6.91385 3
-10.0389 -6.75778 3
-7.91918 -9.0333 3
-9.29379 -8.45451 3
-7.1726 -11.1902 3
-11.6957 -8.12783 3
-5.78215 -9.80394 3
-9.02281 -8.70409 3
-11.0817 -9.70164 3
-9.36229 -8.46028 3
-7.01486 -8.90915 3
-9.73817 -10.031 3
-10.7276 -7.06071 3
-10.6332 -9.35269 3
-4.95566 -10.1207 3
-11.7553 -8.05136 3
-7.82924 -10.1149 3
-8.61038 -10.2826 3
-8.97032 -8.28178 3
-11.5277 -8.16971 3
-6.36286 -9.91948 3
-11.2698 -8.25442 3
7.36633 3.63726 4
8.85887 3.41964 4
7.11916 3.02936 4
8.06414 3.69158 4
7.81929 3.05751 4
7.4707 3.21924 4
5.76655 2.76438 4
6.96238 3.04593 4
5.2794 3.19947 4
7.9519 3.33289 4
5.77862 3.58474 4
8.21499 3.47238 4
8.39603 3.36431 4
7.32358 3.2254 4
9.23308 3.27034 4
5.34714 3.39266 4
9.1228 3.10699 4
5.79419 3.26459 4
7.1941 3.12617 4
7.05544 2.76222 4
8.17357 3.02351 4
4.77098 3.33407 4
6.97802 3.39068 4
5.31815 2.99125 4
6.31667 3.2229 4
7.08832 2.88417 4
3.42546 3.15439 4
6.4694 2.83434 4
5.7768 3.3233 4
10.9648 3.06526 4
6.53344 3.2825 4
6.48963 2.89718 4
7.37409 3.5804 4
5.09371 2.94855 4
3.10536 3.16492 4
3.68453 3.11857 4
6.40836 3.02876 4
5.21048 2.78572 4
5.44942 3.24388 4
6.79929 3.36238 4
7.8719 3.5491 4
4.8752 3.4797 4
4.54037 3.05867 4
5.8249 3.06032 4
7.13156 3.25166 4
7.38147 3.60165 4
7.86793 3.29858 4
7.46985 3.14242 4
6.35494 3.25843 4
3.82999 3.01158 4
6.81878 3.35737 4
6.76621 3.12874 4
9.59473 3.33107 4
7.16391 3.54703 4
5.36667 3.3182 4
6.9913 3.03394 4
6.02202 3.66166 4
5.46238 3.09316 4
7.40049 3.38068 4
6.25837 3.22368 4
5.58005 3.30893 4
6.33572 3.27352 4
9.29853 3.24265 4
7.43429 3.26192 4
6.29652 3.19758 4
3.87529 3.2155 4
9.34409 3.37455 4
6.749 3.2551 4
4.18509 3.4463 4
9.55561 3.24651 4
4.56509 3.07687 4
5.76803 3.47711 4
5.02076 2.99281 4
9.18607 3.56656 4
4.00754 3.23435 4
8.22642 3.32362 4
8.88079 3.00281 4
7.28464 3.50702 4
6.98031 3.19291 4
9.26947 2.89846 4
8.12182 2.67592 4
5.18596 3.72227 4
6.84443 3.55627 4
7.5337 3.37132 4
6.72636 3.64241 4
7.34283 2.84894 4
8.17675 3.45708 4
5.33336 3.21027 4
7.50225 3.06799 4
7.11294 3.18506 4
6.22764 3.0361 4
9.34721 3.15922 4
6.19204 3.92938 4
8.31819 3.4485 4
6.92672 3.01567 4
2.65583 3.10605 4
6.26551 3.3441 4
7.62849 3.58125 4
7.55356 3.66044 4
5.82353 3.0652 4
7.45228 3.18362 4
8.0995 3.27409 4
8.38193 3.00211 4
5.98034 3.35211 4
8.02095 3.0719 4
8.41115 3.19243 4
7.39822 3.21725 4
2.68894 3.21767 4
4.76233 3.36529 4
10.6063 3.42964 4
4.89511 3.07088 4
9.12209 3.20958 4
7.41151 3.47053 4
6.07238 3.08563 4
8.04847 3.34389 4
7.87567 3.79175 4
6.0053 3.41854 4
5.68966 3.01982 4
4.8312 3.31286 4
9.71723 2.95688 4
8.33309 3.39605 4
6.2569 3.05059 4
7.91129 3.43294 4
7.81059 3.3761 4
4.30801 2.8828 4
7.40574 3.2084 4
7.61226 2.87109 4
6.82964 3.36589 4
5.71865 3.16927 4
9.14433 3.99551 4
7.22485 3.64918 4
6.91302 3.17123 4
7.5299 3.53839 4
6.63904 3.38704 4
6.38715 2.81925 4
6.79817 3.02948 4
7.03124 3.40153 4
6.68407 3.21155 4
7.26604 3.5811 4
9.26306 3.32506 4
9.15437 3.18351 4
10.1384 3.40808 4
5.87692 2.85059 4
7.6582 3.19188 4
7.8448 3.61528 4
6.18601 3.55037 4
7.4077 3.50426 4
4.39152 3.29294 4
6.98401 2.78274 4
7.50619 3.20295 4
7.39339 3.05868 4
9.23988 3.32398 4
4.64363 3.39745 4
5.35843 3.67575 4
6.29382 3.178 4
6.38995 3.11309 4
6.49954 3.34936 4
5.48353 2.9487 4
6.32693 3.01954 4
9.27839 3.48999 4
7.41626 3.16712 4
9.38285 4.1218 4
5.27361 3.45154 4
5.92698 3.58261 4
6.90844 3.2579 4
6.22744 3.08504 4
4.65441 2.847 4
6.16978 3.62499 4
5.28983 3.01957 4
5.32399 3.3206 4
5.48877 3.38846 4
5.72923 2.98774 4
7.8144 3.03655 4
9.48918 3.06179 4
6.90691 3.28581 4
7.71075 3.23546 4
7.56728 3.37039 4
4.89311 3.11115 4
3.6132 3.20227 4
9.79748 3.46536 4
5.3115 3.02305 4
5.88286 2.89038 4
6.57343 2.99883 4
5.45703 3.48944 4
7.44598 3.08292 4
7.24164 3.2788 4
4.99454 3.10982 4
8.86626 3.58421 4
7.12843 3.11172 4
5.8904 3.16333 4
6.93914 3.58483 4
5.14874 3.40641 4
3.14583 3.1201 4
6.05757 3.36549 4
6.03831 3.09805 4
4.85802 3.36054 4
6.51855 3.0323 4
7.4357 3.24769 4
6.77892 3.79908 4
5.66607 3.33424 4
6.45243 3.24836 4
7.01844 3.27541 4
5.43588 3.32368 4
8.13663 3.18483 4
6.68527 3.08142 4
5.34121 2.76683 4
5.54173 3.48278 4
6.58169 3.1886 4
7.70903 2.99273 4
8.96916 3.74059 4
8.14669 3.65069 4
5.8312 2.8003 4
4.8194 3.49961 4
9.47188 3.4816 4
7.62449 3.03566 4
6.61767 3.24996 4
7.00648 3.57919 4
4.63439 2.98173 4
8.69954 3.31096 4
5.62616 3.15116 4
7.56748 3.80312 4
6.86821 3.45253 4
7.5539 3.27865 4
7.82703 3.89362 4
4.71793 2.86307 4
7.13289 3.79422 4
4.40457 2.83169 4
7.78906 3.40717 4
0.801101 2.29835 5
0.711447 2.74879 5
0.812117 2.37242 5
0.624483 2.66254 5
0.844249 2.46319 5
1.01556 1.3627 5
0.753525 1.92859 5
1.01361 2.40608 5
0.822805 2.86292 5
0.803846 2.47567 5
0.822824 1.93601 5
0.672961 2.25893 5
1.02835 2.81244 5
1.04285 3.25938 5
0.899485 2.60367 5
0.954879 2.4434 5
1.1479 2.35725 5
0.891988 1.76602 5
0.813598 2.26183 5
0.807153 2.71521 5
0.920322 2.1611 5
0.823323 2.21244 5
0.821541 2.67593 5
0.824692 1.79235 5
0.823443 2.09136 5
0.846119 1.38505 5
0.752397 2.50597 5
0.911034 2.04908 5
0.652502 2.37445 5
0.842623 2.55808 5
0.674742 2.72739 5
0.614509 2.54258 5
0.856529 2.07984 5
0.938281 3.03546 5
0.960899 1.81143 5
0.75414 2.11826 5
0.835469 2.10793 5
1.14342 1.65103 5
0.811437 3.45826 5
0.863498 1.77817 5
0.798196 2.30461 5
1.15462 1.98885 5
0.833092 2.92563 5
1.11873 1.91179 5
0.5924 2.48747 5
0.90817 2.43403 5
1.0128 2.58743 5
0.785149 2.89836 5
0.702613 2.18694 5
1.06767 1.90597 5
0.991555 2.08314 5
1.01926 2.17723 5
0.801527 3.20993 5
0.889742 1.90944 5
1.05293 2.22821 5
0.778715 2.27672 5
0.990838 1.97815 5
0.907269 2.197 5
0.626826 2.06186 5
0.933771 2.8533 5
0.824028 2.85989 5
0.880483 2.94601 5
0.902095 1.77393 5
0.626827 2.80324 5
0.81877 2.14625 5
1.06084 1.10901 5
0.748128 2.52667 5
0.74393 2.49355 5
0.803356 2.70507 5
0.918298 1.39293 5
0.827746 2.33593 5
1.16082 2.62303 5
1.02293 2.28124 5
0.855515 2.01056 5
0.742857 2.38229 5
0.801707 2.05012 5
0.837109 2.29447 5
0.670319 2.58421 5
1.02382 2.2676 5
0.674606 1.59179 5
0.784101 2.14019 5
0.677638 2.58024 5
1.14876 2.04881 5
0.881477 1.78417 5
0.763719 2.45398 5
0.826801 2.51161 5
0.779435 2.01542 5
0.756758 2.68107 5
0.938207 1.87552 5
0.950989 2.27416 5
0.744481 2.57453 5
0.799952 1.27261 5
0.873714 1.9789 5
0.779358 2.77714 5
0.906254 2.48607 5
0.807892 2.39126 5
1.03275 2.50728 5
0.691033 2.08764 5
0.988179 2.31718 5
0.824807 1.87721 5
0.749802 2.24118 5
0.897307 2.24838 5
0.820436 1.59772 5
0.816492 2.18565 5
0.848359 2.13996 5
1.02038 3.05988 5
1.1029 1.77492 5
0.873032 1.89033 5
0.903555 1.78684 5
0.668945 3.18175 5
0.954505 1.9614 5
0.788697 2.76441 5
1.21775 1.76011 5
0.777541 2.64273 5
0.970283 2.72234 5
0.814909 2.32303 5
1.16862 1.735 5
0.934311 2.90759 5
0.753667 1.70937 5
0.853403 1.74235 5
0.894494 2.64267 5
1.01471 2.39548 5
0.777049 2.26406 5
0.900421 1.88599 5
0.625254 2.4426 5
0.753787 3.01909 5
0.803285 2.35486 5
0.687461 2.36248 5
1.01283 2.22846 5
0.912817 2.26427 5
0.903664 2.2854 5
0.90454 2.40952 5
0.746585 1.99839 5
0.944586 1.97641 5
0.737831 2.37079 5
0.902277 2.44461 5
0.723522 2.21193 5
1.07142 2.97231 5
0.796602 2.92921 5
1.11919 2.05453 5
0.929078 2.49458 5
0.942876 2.27039 5
0.771129 2.45997 5
0.717792 2.05183 5
0.742619 2.12109 5
0.98166 2.20438 5
1.15951 1.28034 5
1.04671 2.41779 5
0.731548 2.45888 5
0.608442 2.71067 5
0.794597 1.35748 5
0.615695 2.50035 5
0.978246 2.20146 5
1.01832 2.28321 5
0.882773 2.35061 5
0.94422 2.23788 5
0.714014 1.93541 5
1.04759 2.39861 5
0.851736 1.97844 5
0.734174 2.08171 5
0.96338 2.99483 5
0.750042 2.87527 5
0.854784 2.54575 5
0.867947 2.54034 5
0.848564 2.03797 5
0.828755 2.19602 5
0.776252 2.83185 5
0.703793 1.91741 5
0.756687 1.89961 5
0.749567 2.25991 5
0.954468 2.06662 5
1.07715 2.70133 5
0.991999 2.15826 5
1.05583 2.6295 5
0.95016 2.09904 5
0.829121 1.86641 5
1.10437 2.0677 5
0.868146 1.89969 5
0.756033 2.06878 5
0.875417 2.52886 5
0.920518 3.14099 5
0.840008 2.04078 5
0.858451 1.99597 5
0.732508 2.55782 5
1.09973 1.85825 5
0.776446 1.55289 5
0.814938 2.3971 5
1.05554 1.8197 5
0.811766 2.07502 5
0.668529 2.862 5
0.745282 2.82402 5
0.775581 2.53294 5
0.631173 2.25425 5
1.04618 2.36992 5
0.802928 2.67553 5
0.923326 2.8431 5
0.860361 1.32832 5
0.837051 2.09873 5
0.800013 2.28189 5
0.924396 2.00948 5
0.615264 2.52621 5
1.09279 2.02871 5
1.1437 2.27984 5
0.744633 1.56779 5
0.815073 1.8901 5
0.781666 2.70298 5
0.850691 2.66704 5
0.768639 3.16712 5
0.9961 1.36489 5
0.84727 2.89458 5
0.733955 2.1951 5
0.834427 2.86968 5
0.947063 1.8451 5
0.898751 2.61907 5
0.738969 3.05993 5
0.846809 2.06247 5
0.762169 2.1634 5
0.877485 1.34536 5
0.943824 1.87155 5
0.824546 2.52068 5
0.794165 2.14839 5
0.932847 2.75609 5
1.01049 2.53263 5
0.996455 1.65333 5
1.01846 1.69157 5
0.848631 2.38526 5
0.888781 2.17343 5
1.09612 2.0098 5
0.812062 1.88032 5
0.77652 1.992 5
0.764571 2.58738 5
0.779041 2.05846 5
0.852472 2.14732 5
0.91434 2.53276 5
0.864008 2.45804 5
0.655505 2.34944 5
1.12596 2.61789 5
0.813727 2.68784 5
0.911227 2.24119 5
0.817449 2.86609 5
0.893993 1.63947 5
0.927136 2.23101 5
1.08148 2.6984 5
0.710741 1.98812 5
0.705115 1.9503 5
0.879652 2.68493 5
0.812925 2.49611 5
0.94588 1.67917 5
0.903292 2.13251 5
0.900935 1.50478 5
0.88144 1.72464 5
1.04075 2.19912 5
0.909717 1.88328 5
0.526383 2.72519 5
0.586128 2.60743 5
0.941884 1.93956 5
0.791333 2.37879 5
1.01571 2.60838 5
1.04421 1.9498 5
0.606925 1.7947 5
1.00251 2.35124 5
0.962082 1.2077 5
0.840404 2.95684 5
0.684541 2.87419 5
0.990687 2.57238 5
0.729215 2.19427 5
0.938056 2.76225 5
0.830669 2.71746 5
0.967445 2.8942 5
0.843412 2.47115 5
0.774673 2.57719 5
0.81058 2.00441 5
0.872304 2.12771 5
0.808541 0.990831 5
1.01809 2.10168 5
0.892841 1.82262 5
0.426112 2.5007 5
0.981397 2.6248 5
0.973045 2.12559 5
0.847023 2.26858 5
1.09884 2.22444 5
0.756151 1.54859 5
0.806638 1.79149 5
0.893563 2.16846 5
0.95837 1.83936 5
0.727853 1.93336 5
0.769076 2.31836 5
0.876981 2.83865 5
0.889824 1.92587 5
0.889911 2.39962 5
0.762061 2.73294 5
0.924552 1.82968 5
1.06044 1.46137 5
0.660592 1.81412 5
0.829089 1.71023 5
0.777138 2.2078 5
0.825394 2.88678 5
0.761783 2.14849 5
0.92869 2.55152 5
0.89939 2.02916 5
0.698726 1.66113 5
0.925676 2.55298 5
0.862141 2.11196 5
0.674642 2.71806 5
0.739732 1.72432 5
0.766639 2.08549 5
0.535082 2.50936 5
0.812852 2.34799 5
1.01691 2.09832 5
0.963036 2.63961 5
0.697741 2.28966 5
0.902363 1.30621 5
1.1341 2.63394 5
0.948652 2.32403 5
0.775903 2.1336 5
0.856481 2.89812 5
0.771867 2.0353 5
1.04334 3.00142 5
0.952626 1.88205 5
0.66442 2.34453 5
0.814965 2.88426 5
0.779119 2.59382 5
1.01474 1.49558 5
0.730344 2.05718 5
1.01999 2.22872 5
0.868659 2.32918 5
0.895374 1.72015 5
0.912445 1.48557 5
0.87262 2.59631 5
0.84781 2.05094 5
0.79101 2.87391 5
0.983933 1.42932 5
0.885928 2.82624 5
0.652896 2.24421 5
0.931099 2.03441 5
0.832774 2.16115 5
0.965306 2.77982 5
0.999063 1.33742 5
0.735433 2.83083 5
0.578048 2.11522 5
0.792222 1.82514 5
1.01054 2.66179 5
0.905419 1.9212 5
0.68181 2.05661 5
0.998138 2.08135 5
0.854619 2.5618 5
0.691314 2.61479 5
0.545848 2.15731 5
0.998659 2.59791 5
1.04301 2.48652 5
0.810783 1.84142 5
0.81649 2.56885 5
0.917611 1.93602 5
0.968871 1.68869 5
0.819908 2.50752 5
1.02137 2.60627 5
0.90497 2.18115 5
0.923293 2.81858 5
0.765911 1.93284 5
0.876499 1.70628 5
1.04644 1.6237 5
0.740434 2.24184 5
0.84647 2.48276 5
0.825728 2.69114 5
0.851028 2.38619 5
0.852949 1.77735 5
0.789472 1.77017 5
0.684323 3.05966 5
0.958526 2.36439 5
0.940151 2.93656 5
1.09941 2.06268 5
0.862381 1.76715 5
0.855353 2.21657 5
1.01788 1.91891 5
0.990516 1.55173 5
1.07627 2.23729 5
0.825511 2.06071 5
0.910145 2.35679 5
0.854906 2.62671 5
0.52781 3.72691 5
0.831174 1.86383 5
0.474825 2.56603 5
0.81875 3.03097 5
0.839095 1.47151 5
0.789634 2.8453 5
0.809268 2.20327 5
0.813195 1.65654 5
0.722875 2.26411 5
0.827066 2.19562 5
0.807019 2.04041 5
0.743898 3.54572 5
1.06525 1.76741 5
0.535489 2.25217 5
0.885389 1.87752 5
0.804173 2.66432 5
0.788182 1.50959 5
0.783394 2.12392 5
1.02656 1.60467 5
0.73742 2.53023 5
1.00637 2.24798 5
0.785567 2.74774 5
0.845922 2.23556 5
0.994569 1.7443 5
0.758886 1.86945 5
0.73063 2.37358 5
0.926174 1.89732 5
0.899528 3.17561 5
0.841247 2.11823 5
0.656349 2.21782 5
1.02461 2.37659 5
0.81752 2.84413 5
0.572064 1.95444 5
0.882675 1.83285 5
0.873567 2.70082 5
0.828982 2.48755 5
0.545077 2.6067 5
0.882738 2.60297 5
0.798195 1.89378 5
0.806234 2.25341 5
0.719933 2.07228 5
0.830343 2.87382 5
0.934866 2.52156 5
0.806951 2.04537 5
0.820314 2.24443 5
0.997559 2.76273 5
0.755573 2.69494 5
1.12696 2.34668 5
1.09989 1.28318 5
0.821791 2.6833 5
0.997662 2.5532 5
0.857598 2.65674 5
0.962032 2.10508 5
0.809826 2.32531 5
0.968901 3.12619 5
0.777155 2.30003 5
0.947111 2.43079 5
0.977471 2.42148 5
1.07231 1.87323 5
0.916015 2.43261 5
1.12584 2.43033 5
0.675169 2.29875 5
0.899817 2.24101 5
1.08635 2.44475 5
0.850377 2.80704 5
0.941959 2.13079 5
1.05798 1.4708 5
1.04184 2.21209 5
0.694557 2.30982 5
0.794476 1.61652 5
1.04375 1.35264 5
0.810814 2.24111 5
0.759158 2.23815 5
0.811564 2.1851 5
0.973236 2.35664 5
1.20604 2.78967 5
0.97685 2.01117 5
0.674783 2.1129 5
0.822702 1.6091 5
0.959911 2.45631 5
0.752667 2.55909 5
1.08405 2.15849 5
0.942381 2.16406 5
0.939248 2.35015 5
0.77416 2.45954 5
0.997825 1.11892 5
0.729613 2.7311 5
1.12663 2.31145 5
1.07299 1.89685 5
0.851192 3.12746 5
0.805744 1.89517 5
0.984977 2.77781 5
0.948884 2.08773 5
0.975742 1.62505 5
0.749941 2.12781 5
0.819745 2.69278 5
1.25754 2.65223 5
0.814576 2.40121 5
1.04221 1.76532 5
0.8379 1.7951 5
0.831806 2.07856 5
0.990836 2.0756 5
1.02292 1.86798 5
1.00348 3.44242 5
0.812818 2.71635 5
0.567862 2.4119 5
0.621296 2.45563 5
0.896531 2.52856 5
0.824968 2.57859 5
0.653643 1.38555 5
0.949304 2.09953 5
0.69745 2.85364 5
1.05878 1.79266 5
0.894726 1.81147 5
0.885673 1.7902 5
0.803055 1.99593 5
1.00539 1.65611 5
1.03576 3.12302 5
0.908772 2.36787 5
0.728042 1.82057 5
0.830377 2.34544 5
0.783596 2.16258 5
0.967219 2.07314 5
0.788887 2.16499 5
1.05444 1.62225 5
0.845968 2.39889 5
0.849289 2.51641 5
0.992081 2.28877 5
0.696923 2.50015 5
0.765209 2.63189 5
1.05745 2.47672 5
1.02523 1.79414 5
0.840229 2.11458 5
0.997205 1.94069 5
1.06408 2.165 5
0.654132 3.07752 5
0.913147 2.39321 5
0.862995 2.33178 5
0.772741 2.49321 5
0.65368 2.43599 5
0.603257 2.52199 5
0.776474 2.16625 5
0.97343 1.82876 5
1.29069 2.70355 5
0.813889 3.00673 5
0.868123 2.22259 5
0.974556 2.24396 5
1.09594 2.08881 5
0.82264 2.16349 5
0.747841 2.17016 5
0.942834 2.19597 5
0.708135 2.00965 5
0.944905 1.88725 5
1.02318 2.28173 5
1.07107 1.82284 5
0.982245 1.72716 5
0.807317 1.85557 5
0.883531 2.38233 5
0.89764 1.79248 5
1.04573 1.46842 5
0.728536 2.58832 5
0.739067 2.37934 5
0.796896 1.84708 5
-6.48046 3.40553 6
-6.27385 4.04351 6
-5.70069 3.57046 6
-5.79135 3.60452 6
-5.51223 3.72762 6
-5.87453 4.27665 6
-5.95058 3.24636 6
-6.82789 4.23251 6
-4.1848 4.36352 6
-6.72939 3.84877 6
-7.28621 4.31068 6
-7.08661 4.12008 6
-6.88642 4.35883 6
-5.89309 3.48643 6
-5.19979 4.98228 6
-4.71236 3.55792 6
-6.36773 3.95805 6
-6.20815 3.24874 6
-5.50524 3.62258 6
-6.55494 4.25546 6
-6.00147 3.34956 6
-6.17452 4.22373 6
-4.79074 3.74364 6
-6.92014 2.99651 6
-7.31402 3.77752 6
-5.71534 3.42502 6
-5.46149 4.06061 6
-5.56201 4.31816 6
-7.31604 3.17075 6
-6.91982 4.61365 6
-4.74107 3.5334 6
-7.0661 3.15866 6
-5.36484 3.71212 6
-5.03067 3.43707 6
-5.08286 4.57752 6
-5.47424 3.68925 6
-6.42196 3.81503 6
-7.04043 3.8785 6
-5.4492 2.74601 6
-4.63584 3.77567 6
-6.13999 4.4075 6
-5.77286 4.24737 6
-6.10233 4.3695 6
-6.13308 4.06421 6
-5.75202 3.49496 6
-6.12835 3.58011 6
-6.89603 3.14434 6
-6.11892 4.05179 6
-5.49367 4.11428 6
-7.32187 3.78207 6
-8.04191 2.60984 6
-5.51163 3.62173 6
-6.06331 3.44561 6
-7.87965 4.03362 6
-6.56652 4.79096 6
-6.60845 3.99296 6
-6.18687 4.00713 6
-7.21872 4.08824 6
-6.50194 3.82338 6
-5.26795 3.87145 6
-5.64711 3.61635 6
-5.12489 3.71741 6
-5.70343 4.12029 6
-6.10959 3.02768 6
-7.28497 3.73554 6
-7.75451 4.02404 6
-5.65147 4.26444 6
-6.914 4.19129 6
-7.56269 4.31161 6
-6.69832 3.692 6
-6.48807 4.26096 6
-7.20681 4.14044 6
-6.95407 3.99648 6
-6.28457 4.55239 6
-5.42681 3.70861 6
-5.79694 3.94627 6
-5.68482 3.28962 6
-6.54396 3.6529 6
-7.64516 3.53327 6
-6.70171 3.01826 6
-6.88665 3.64878 6
-8.04245 3.97042 6
-6.32406 3.54041 6
-6.91921 4.54236 6
-6.08927 4.06467 6
-7.01985 3.2054 6
-5.98968 4.17494 6
-7.55367 4.01116 6
-6.36116 3.98921 6
-6.679 3.5041 6
-6.67179 3.54841 6
-6.77476 3.97528 6
-4.23895 3.76649 6
-6.80105 2.86151 6
-5.56191 4.29703 6
-6.31021 3.0371 6
-6.11303 4.85343 6
-6.79054 4.35794 6
-6.4464 3.74162 6
-5.97361 3.68791 6
-6.95146 4.53283 6
-6.31586 3.24626 6
-6.53753 5.17978 6
-6.74389 3.42187 6
-6.76295 3.6332 6
-8.15435 4.15378 6
-6.18845 3.63908 6
-5.83495 3.42133 6
-6.34708 3.70794 6
-6.44851 4.13866 6
-5.18394 3.48562 6
-6.51337 3.37203 6
-6.10052 3.50328 6
-6.68046 4.17472 6
-7.03361 3.43199 6
-6.78711 4.35692 6
-8.21818 3.86743 6
-6.41317 4.43755 6
-4.87206 2.81068 6
-6.28384 4.44156 6
-6.71067 2.83351 6
-6.93401 3.66501 6
-6.24142 4.09586 6
-7.25873 4.21548 6
-5.93959 3.37972 6
-5.61968 4.26125 6
-7.65558 3.42623 6
-5.61256 4.67149 6
-8.091 4.90101 6
-6.22998 3.41505 6
-5.52009 4.06064 6
-6.01383 3.85282 6
-5.68463 4.79385 6
-6.70081 3.90994 6
-5.88707 3.57988 6
-8.46299 4.06962 6
-7.26695 4.25596 6
-8.35556 4.2965 6
-4.81544 3.49384 6
-5.25251 3.21689 6
-6.43742 4.45166 6
-6.14973 3.03388 6
-6.02783 3.35261 6
-7.06833 3.80734 6
-5.90447 3.63267 6
-7.47992 4.13391 6
-7.14795 4.31926 6
-5.47456 4.11575 6
-6.84653 3.95843 6
-5.07923 3.69947 6
-6.06509 3.82895 6
-3.98304 3.95827 6
-7.66813 5.14806 6
-5.59289 3.71671 6
-5.74842 3.84931 6
-7.7712 3.67112 6
-6.16975 3.7225 6
-6.51702 3.96709 6
-1.42695 -6.65212 7
-2.08199 -7.0153 7
-1.47674 -7.02905 7
0.595723 -7.45641 7
-1.51192 -7.68195 7
-0.0167998 -7.41885 7
-0.348641 -8.27504 7
0.224668 -7.72938 7
-1.92604 -7.20848 7
-1.69711 -6.06495 7
-0.931367 -7.81078 7
-1.3256 -7.07719 7
-1.75081 -7.15259 7
-1.97189 -7.38028 7
-1.84214 -6.34904 7
-0.747855 -7.14587 7
0.664976 -7.91495 7
-0.283719 -8.06951 7
-1.71676 -7.17773 7
-1.63036 -6.34023 7
-0.914708 -7.00452 7
-1.43845 -7.22342 7
-1.08441 -7.93955 7
-0.404252 -7.52918 7
-0.474327 -7.80597 7
-0.21735 -7.59734 7
-1.42793 -5.6876 7
-0.745877 -7.10385 7
-0.1908 -8.51844 7
-2.16941 -6.11846 7
-1.0731 -7.73891 7
-0.798423 -8.0229 7
-1.556 -6.25664 7
-1.22844 -8.30685 7
-0.687588 -7.02659 7
-0.705691 -8.01063 7
-0.778361 -8.33179 7
-1.89048 -7.07123 7
-1.57661 -7.31201 7
-0.756043 -7.43424 7
-1.42032 -6.95253 7
-1.4431 -7.61489 7
-2.318 -6.57536 7
0.510471 -8.82423 7
-0.514342 -7.20843 7
-1.84801 -7.62269 7
-0.787076 -7.2593 7
-1.70424 -6.81153 7
-1.08862 -7.40662 7
-1.00141 -7.62504 7
-2.16216 -6.21981 7
-2.68326 -7.22803 7
-0.256887 -8.42124 7
-0.539009 -6.94388 7
-1.41239 -6.55674 7
-1.80822 -6.6069 7
-2.04985 -6.4906 7
-1.23199 -7.48896 7
-0.137065 -8.23243 7
-0.972178 -6.59662 7
-1.08951 -7.81551 7
-2.29015 -6.35644 7
-1.54498 -8.62717 7
-0.97574 -7.54146 7
-0.238876 -7.70777 7
-0.027233 -7.68103 7
-1.98656 -5.97967 7
-1.44414 -7.57934 7
-0.0686914 -6.43023 7
-2.47272 -6.91174 7
-2.26203 -6.42908 7
-0.626245 -7.87644 7
-1.99943 -6.99944 7
-1.58616 -6.45676 7
-0.574505 -7.67084 7
-2.88612 -5.98924 7
-2.70237 -6.86124 7
-0.0736683 -7.02219 7
0.555843 -7.39985 7
-0.879709 -7.05199 7
-2.17654 -7.81755 7
-1.41106 -6.47924 7
-1.68945 -8.44494 7
-1.45356 -7.27744 7
-1.67122 -7.08713 7
-1.38951 -7.76304 7
-0.547874 -8.41923 7
-0.74682 -7.35289 7
-1.89397 -6.35865 7
-1.46745 -8.27618 7
-1.56491 -8.00854 7
-1.50525 -7.40097 7
-1.89926 -7.53193 7
0.26557 -7.82456 7
-1.17612 -6.84942 7
-0.464763 -7.39161 7
-0.927195 -8.22218 7
-0.174128 -7.54314 7
-0.588266 -8.01656 7
-1.17645 -6.52381 7
-1.94299 -7.33017 7
-1.45694 -7.61289 7
0.192839 -6.9708 7
-1.92078 -7.9074 7
-1.25018 -7.45247 7
-3.13671 -5.92488 7
-2.06251 -6.44676 7
-3.74688 -6.32739 7
-1.21015 -7.21208 7
-1.81809 -7.19513 7
-2.22034 -6.67314 7
-1.72793 -7.60856 7
-0.284199 -7.37818 7
-0.464961 -7.71873 7
-1.85387 -7.3292 7
-1.00069 -6.88401 7
-2.40429 -6.35239 7
-0.824915 -8.56856 7
-0.596633 -7.5753 7
-1.405 -6.75602 7
-1.68867 -7.2957 7
-1.07565 -7.80449 7
-0.265777 -7.83823 7
-1.75594 -7.27006 7
0.235117 -7.75071 7
-0.858812 -7.62881 7
-1.76031 -6.9355 7
-3.01848 -6.13912 7
-1.83963 -6.81436 7
0.296538 -7.84369 7
-3.5608 -6.75453 7
-0.502835 -7.00044 7
-0.810096 -7.96916 7
-1.93711 -5.9971 7
-1.04927 -6.41408 7
-2.56221 -6.70663 7
-0.630369 -7.8116 7
-1.08437 -6.71174 7
-2.14937 -6.86032 7
-2.32758 -6.69307 7
-1.33619 -6.83727 7
-1.63823 -7.77076 7
0.072037 -7.39531 7
-0.950078 -7.56506 7
-2.64253 -6.31622 7
0.823428 -8.60907 7
-0.762888 -7.5083 7
-0.67825 -7.1245 7
-0.399475 -7.28049 7
0.658769 -8.21671 7
1.00501 -8.45666 7
-1.21638 -8.43907 7
-2.37577 -6.5776 7
-1.17064 -6.75423 7
-2.20157 -6.52383 7
-1.62868 -6.77661 7
-0.778536 -7.03012 7
-0.991402 -7.29137 7
-1.10496 -6.62393 7
0.157926 -8.90785 7
-3.00317 -6.2355 7
-1.79921 -8.71279 7
-1.06088 -6.76943 7
-1.85257 -7.17807 7
-2.46409 -6.4889 7
-2.10603 -6.58569 7
-3.26332 -5.92402 7
-0.202381 -8.38058 7
-0.212892 -8.50775 7
-0.219858 -7.32233 7
-1.85452 -6.84901 7
-2.48816 -6.63789 7
-3.07759 -6.15939 7
-1.63895 -7.24955 7
-0.149775 -7.04261 7
-1.19684 -7.97329 7
-1.8208 -6.66084 7
-0.634159 -7.01844 7
0.0446902 -7.37745 7
-0.812534 -7.55352 7
-1.00757 -6.7923 7
-1.58748 -6.7492 7
-0.280314 -7.36061 7
0.0388996 -7.74908 7
-2.69336 -7.11878 7
-0.781417 -8.38041 7
-1.24894 -7.01016 7
-2.25972 -6.92434 7
0.347396 -8.58679 7
-1.28842 -7.81971 7
-2.51144 -7.1659 7
-0.955341 -6.90471 7
-0.441741 -6.79831 7
-1.26681 -7.43182 7
-2.52368 -6.96849 7
-1.96404 -6.5584 7
-1.9611 -6.9933 7
0.205291 -8.42349 7
-0.841132 -7.00172 7
-2.58328 -7.36825 7
-1.17796 -7.6815 7
-1.38449 -7.83753 7
-0.727794 -6.97436 7
-2.39706 -6.59215 7
0.196275 -8.02657 7
-1.32845 -7.09633 7
-1.91216 -7.18057 7
-1.51901 -7.55231 7
-0.487234 -7.89763 7
-2.41807 -8.1008 7
-3.37425 -5.92084 7
-1.43801 -8.20416 7
-2.44257 -7.10661 7
-2.29871 -6.68917 7
-1.4579 -7.14079 7
-0.555685 -7.30828 7
0.52883 -7.98464 7
-0.125614 -7.38598 7
-0.814473 -7.08228 7
-1.43457 -7.17976 7
-2.11257 -7.44931 7
-0.717683 -7.53392 7
-1.03127 -6.96246 7
-1.48042 -7.46468 7
-0.697485 -7.74896 7
-0.380039 -7.29737 7
-0.456185 -8.14109 7
1.03383 -8.90734 7
-1.26301 -7.31514 7
-0.52957 -6.78519 7
-0.955006 -7.2911 7
0.146692 -7.60368 7
-1.40708 -7.85433 7
-1.7977 -7.63174 7
-1.07195 -7.1566 7
-0.684079 -7.24821 7
-0.614179 -6.87147 7
-0.784398 -8.19134 7
-0.810867 -7.29593 7
-2.48712 -6.08245 7
-1.27058 -6.87243 7
-0.107725 -8.53704 7
-0.226879 -8.08177 7
-0.844433 -7.13775 7
-1.70389 -7.22385 7
-1.98085 -7.79946 7
-1.01006 -7.81977 7
-1.45159 -7.25663 7
-0.321308 -7.73275 7
-1.53018 -6.24366 7
-0.962878 -7.6447 7
-0.342693 -7.03598 7
-2.43081 -7.68232 7
-2.1335 -7.61496 7
-1.80479 -6.2288 7
0.196337 -7.97145 7
-1.19105 -7.03929 7
-0.732169 -7.3624 7
0.603932 -7.81354 7
-1.83197 -6.43457 7
-1.10965 -7.64921 7
-0.141208 -7.7007 7
-0.0725696 -7.60128 7
-2.91315 -7.06599 7
-0.199517 -7.03749 7
1.10948 -8.63609 7
-1.07956 -6.76101 7
-2.59686 -6.44243 7
-1.69874 -6.96994 7
-0.298183 -8.1123 7
-1.2467 -6.53317 7
-2.54467 -6.13931 7
-3.80546 -5.62192 7
-0.15269 -6.86393 7
-1.23002 -6.27882 7
-0.525512 -7.16782 7
0.491831 -7.53544 7
-0.823448 -6.59377 7
-1.74209 -8.37987 7
-1.647 -7.81426 7
-1.27207 -6.8119 7
-0.38199 -8.58787 7
0.545413 -7.20363 7
-1.07791 -7.19958 7
-0.0721216 -7.61347 7
-0.0531836 -8.27696 7
-1.32771 -7.56342 7
-0.743485 -7.1162 7
-3.29662 -7.65216 7
-1.40468 -6.8228 7
-1.80153 -7.68339 7
-1.37182 -8.22743 7
-1.06572 -7.1263 7
-0.92726 -7.34438 7
-0.661536 -7.03207 7
-0.7026 -6.98384 7
-1.94003 -7.20737 7
-1.08138 -6.67514 7
-0.539271 -7.74361 7
0.274316 -7.92677 7
-1.38345 -6.99748 7
-1.20553 -6.853 7
-1.53031 -8.01813 7
-0.944206 -7.46016 7
-2.62505 -7.23112 7
-1.49266 -7.62775 7
-2.97885 -7.38501 7
-0.682892 -6.84316 7
-1.53237 -6.47237 7
-1.08409 -7.94624 7
-2.17785 -6.67847 7
0.339877 -8.21042 7
-1.52996 -8.18215 7
0.47746 -8.57745 7
-1.49783 -8.05908 7
-0.784422 -7.65504 7
-3.06047 -6.33162 7
-0.666823 -7.74504 7
-2.70846 -7.86767 7
-0.775116 -6.7035 7
-2.10192 -7.49953 7
0.27279 -7.39922 7
-2.17624 -7.23618 7
-2.09714 -7.14577 7
-0.881727 -7.31331 7
-1.31493 -7.99439 7
-0.111058 -8.11763 7
-1.31422 -7.37992 7
0.450333 -7.19415 7
-2.9062 -5.69597 7
-1.1863 -6.8432 7
-0.559227 -6.67198 7
-2.71109 -7.1687 7
-2.75242 -7.11457 7
-0.246071 -8.07434 7
-0.095693 -7.977 7
-0.882419 -6.06226 7
-0.907732 -7.27843 7
0.671393 -8.36315 7
-1.10094 -6.89096 7
-1.91803 -6.69841 7
-1.24738 -7.15945 7
-1.4066 -6.12872 7
-0.145102 -7.21512 7
-2.28616 -6.60606 7
-0.297565 -7.27019 7
-1.77279 -6.97474 7
-1.09205 -6.71895 7
-1.1367 -7.19086 7
-0.736904 -8.17842 7
-2.29523 -5.70353 7
-3.13592 -6.07596 7
-1.55934 -6.60066 7
-2.44856 -5.83426 7
-4.1601 -6.74372 7
-1.30823 -6.86353 7
-0.801104 -7.44357 7
-0.876171 -7.34717 7
-1.19685 -6.93907 7
-1.68959 -7.55622 7
-2.98596 -5.45828 7
0.567682 -7.80053 7
-1.82003 -7.16241 7
-1.63934 -7.26588 7
-1.62708 -6.38046 7
0.0392511 -8.42501 7
-2.12059 -7.46037 7
-0.765029 -7.75749 7
-2.50128 -6.91976 7
-1.25271 -7.39274 7
-1.98844 -7.00091 7
-1.11171 -7.73601 7
-2.2429 -6.99179 7
-0.681073 -7.54005 7
-0.938868 -7.2271 7
-0.980009 -7.26385 7
-0.997699 -7.77477 7
-0.691321 -7.05687 7
-2.29889 -7.81883 7
-2.43382 -6.30888 7
-2.07262 -8.0808 7
-0.657019 -7.03924 7
-0.623955 -7.34367 7
-1.94939 -8.12062 7
-1.51332 -7.64661 7
-0.206742 -7.84234 7
-2.27797 -7.23631 7
-1.44157 -7.21886 7
-1.4554 -7.30589 7
0.16053 -7.61525 7
-1.14444 -8.66811 7
-1.1696 -6.7312 7
-3.05717 -7.23333 7
-0.294011 -8.26129 7
-1.10624 -6.84129 7
-2.05099 -6.92663 7
-0.798364 -7.94307 7
-1.70731 -6.55226 7
-1.02899 -7.33898 7
-2.00889 -7.09616 7
-1.18875 -7.35089 7
-0.32779 -6.89193 7
-2.18662 -6.92505 7
-1.323 -6.99366 7
-2.32159 -7.82071 7
-2.87975 -7.00439 7
0.346313 -8.16378 7
0.238942 -7.72532 7
-2.45919 -7.11733 7
-0.719502 -7.99332 7
-1.48591 -6.64362 7
-0.601188 -7.22056 7
-1.36218 -7.07051 7
-2.25054 -7.07108 7
-0.244141 -8.31131 7
-0.123105 -8.33442 7
-2.19494 -6.20855 7
-2.79578 -7.40564 7
-1.19849 -7.08501 7
-0.643528 -6.77017 7
-1.2587 -7.62 7
-1.54654 -6.22052 7
-2.53298 -6.88615 7
-1.33302 -7.93757 7
-0.377118 -8.40904 7
-1.20539 -7.33615 7
-0.359686 -7.47304 7
-0.853538 -7.17627 7
-1.56311 -7.61003 7
-1.3994 -6.26615 7
-3.08631 -5.95315 7
-2.81449 -6.96261 7
-1.86286 -8.17225 7
-2.48475 -7.48484 7
-2.71159 -6.11581 7
-3.04752 -6.79172 7
-0.704142 -6.54426 7
-0.973392 -6.88879 7
-1.49265 -7.51545 7
-0.408162 -8.24434 7
1.00202 -8.55372 7
-0.179295 -8.45571 7
-0.73788 -6.35513 7
-0.851208 -7.68411 7
-0.145167 -7.70982 7
-1.04317 -7.58346 7
-1.25531 -7.62214 7
-2.24268 -6.95826 7
-0.0218495 -6.58808 7
-1.27488 -7.02681 7
-0.941847 -6.97609 7
-1.4833 -6.45261 7
-1.24747 -7.60889 7
0.0262872 -7.51754 7
-0.202311 -8.65628 7
-1.18196 -6.96094 7
-1.25153 -7.59222 7
-0.836935 -7.97838 7
-1.01834 -7.62861 7
-3.23277 -6.65067 7
-0.405467 -6.85611 7
-1.78074 -7.16836 7
-1.7235 -7.53364 7
-0.308577 -7.60261 7
-1.60126 -7.30494 7
-0.133516 -7.72612 7
0.954015 -7.84546 7
-1.84499 -6.3308 7
1.63251 -8.69013 7
-1.86886 -7.06242 7
-1.11329 -7.89206 7
-1.41874 -7.90633 7
0.779372 -8.89676 7
-0.633321 -7.11965 7
-2.03966 -7.03274 7
-1.87829 -6.73691 7
-0.908823 -7.82576 7
-2.0219 -7.26486 7
-2.25238 -6.98786 7
-1.13125 -7.26399 7
-1.5792 -7.44546 7
-0.74788 -7.64125 7
-0.666049 -8.55747 7
-0.304156 -7.46435 7
-1.35547 -7.81866 7
-2.10032 -6.79676 7
-0.31634 -7.35621 7
-1.0127 -6.06599 7
-1.98227 -7.70121 7
-1.31479 -6.68901 7
-1.89857 -6.71947 7
-2.62794 -7.5583 7
-1.95367 -6.04203 7
-1.77799 -7.18983 7
-0.69479 -7.36245 7
-1.29208 -7.03527 7
-1.25262 -6.31059 7
-0.478485 -7.15665 7
-0.387835 -7.72607 7
-1.68095 -6.66734 7
-3.15924 -6.0573 7
-1.21442 -7.62146 7
-0.465846 -7.23103 7
-1.61496 -6.83153 7
-1.69977 -6.6613 7
-1.3824 -7.51227 7
0.273554 -7.52215 7
-1.20502 -7.29658 7
-1.69035 -7.52463 7
-8.83851 -4.51218 8
-8.74878 -4.53212 8
-9.21782 -4.32491 8
-9.30468 -3.95726 8
-9.27391 -3.99265 8
-9.89859 -3.83882 8
-9.39654 -4.07999 8
-9.61287 -3.89854 8
-9.23618 -3.98953 8
-8.88156 -4.55921 8
-9.11447 -4.33053 8
-9.48359 -4.12332 8
-9.99148 -3.3172 8
-9.25339 -4.0001 8
-9.80767 -3.90368 8
-9.1259 -4.47243 8
-9.00152 -4.40438 8
-9.3105 -4.08629 8
-8.76351 -4.37362 8
-9.21224 -3.98423 8
-9.22349 -4.02914 8
-9.19727 -4.15833 8
-10.2531 -3.14485 8
-9.71079 -3.60224 8
-9.90859 -3.8801 8
-9.86914 -3.6818 8
-10.1293 -3.63083 8
-9.99703 -3.59572 8
-9.79204 -3.69572 8
-9.27949 -3.79166 8
-9.13909 -4.02498 8
-9.72212 -3.80068 8
-9.29251 -3.95297 8
-9.1025 -4.33979 8
-9.39267 -4.04496 8
-9.21937 -4.11079 8
-9.28873 -4.00168 8
-9.55807 -3.80519 8
-8.71681 -4.45676 8
-9.98329 -3.32164 8
-9.10528 -4.24461 8
-9.0711 -4.25816 8
-9.27254 -3.99692 8
-9.02611 -4.42604 8
-9.0565 -4.35873 8
-8.5584 -4.56483 8
-9.80098 -3.62584 8
-9.52568 -3.86296 8
-9.30095 -4.04678 8
-9.70361 -3.7474 8
-9.5807 -3.81745 8
-9.77583 -3.90164 8
-9.23046 -3.88515 8
-9.57875 -3.55398 8
-9.3068 -4.55103 8
-9.18844 -4.28183 8
-9.17638 -4.10659 8
-9.99289 -3.68712 8
-9.61284 -3.86842 8
-9.79831 -3.47186 8
-9.49724 -3.73712 8
-9.33925 -4.32696 8
-9.37887 -4.079 8
-9.6595 -3.75984 8
-9.64642 -3.92639 8
-9.28296 -4.31476 8
-8.98319 -4.33254 8
-10.5448 -3.11314 8
-9.91753 -3.61269 8
-9.94546 -3.45974 8
-9.20304 -4.31228 8
-8.64108 -4.39426 8
-8.83315 -4.57532 8
-9.6454 -3.76595 8
-9.57763 -3.79064 8
-10.3715 -3.08092 8
-9.32674 -4.0184 8
-9.40431 -4.04327 8
-9.3509 -3.874 8
-9.80228 -3.35994 8
-9.77924 -3.59658 8
-9.27402 -3.89826 8
-9.32194 -4.29172 8
-9.14882 -4.06197 8
-9.11318 -4.23824 8
-8.79311 -4.55366 8
-9.18011 -4.29052 8
-8.73194 -4.89043 8
-9.56118 -3.92008 8
-9.63195 -3.65753 8
-9.10337 -4.16533 8
-9.26684 -3.91132 8
-9.26258 -4.21608 8
-9.75037 -3.74815 8
-9.23836 -4.11223 8
-9.73911 -3.75091 8
-8.70592 -4.43364 8
-9.00023 -4.26332 8
-8.88311 -4.29957 8
-9.75239 -3.41837 8
8.26675 9.89248 9
8.25863 9.67226 9
7.60482 9.57147 9
7.7333 9.26587 9
8.08874 9.53751 9
8.35402 9.43409 9
8.28223 9.6467 9
7.94368 9.68712 9
8.08178 9.62247 9
6.94902 9.01663 9
8.13826 9.63772 9
7.90411 9.56144 9
7.98896 9.38692 9
9.16982 10.0308 9
7.97281 9.56191 9
9.01346 9.90263 9
8.59634 9.44932 9
8.23128 9.5709 9
8.47114 10.0553 9
8.04593 9.46583 9
8.3675 9.68547 9
7.79229 9.28149 9
8.45184 9.91032 9
8.14585 9.07315 9
7.81902 9.78037 9
7.34736 9.25431 9
8.53809 9.70671 9
8.08479 9.49146 9
9.08758 10.1157 9
8.26221 9.51504 9
8.01362 9.4822 9
7.66232 9.25184 9
8.58252 9.75522 9
9.04225 10.2735 9
8.10256 9.27034 9
7.94047 9.60939 9
8.29924 9.34098 9
8.20096 9.83344 9
8.09037 9.64161 9
8.38588 9.40278 9
8.19131 9.77965 9
6.94297 9.21572 9
7.99714 9.65048 9
8.34087 9.48055 9
8.45138 9.52717 9
7.53998 9.47065 9
7.69586 9.00045 9
8.45149 10.0915 9
8.23271 9.70546 9
7.63376 9.0874 9
8.16641 9.42455 9
8.69614 9.99296 9
8.09216 9.76189 9
8.3588 9.3466 9
8.39604 9.51498 9
8.32379 9.44922 9
7.69614 9.68655 9
8.07982 9.37834 9
8.62412 10.0471 9
7.93358 9.06293 9
8.46805 9.46852 9
7.75071 9.39929 9
8.55998 9.74689 9
8.20454 9.6763 9
7.52669 9.45911 9
8.49893 9.55354 9
8.53399 9.60342 9
8.02024 9.51185 9
7.89456 9.49257 9
8.10012 9.45375 9
8.01476 9.09146 9
7.29446 9.56656 9
8.48013 9.80201 9
7.87566 9.39472 9
8.68818 9.52916 9
7.82402 9.42311 9
8.23249 9.53651 9
8.18105 9.48092 9
7.93937 9.31225 9
7.97874 9.37302 9
7.51376 9.17226 9
8.37132 9.75914 9
8.30897 9.62458 9
8.57306 9.80957 9
8.02282 9.58091 9
8.18402 9.80131 9
8.54325 9.46917 9
8.25175 9.60444 9
8.37591 9.52203 9
8.22473 9.10371 9
8.28278 9.98022 9
8.40246 10.0156 9
8.45621 9.74267 9
7.98968 9.26174 9
8.29695 9.26412 9
8.12784 9.75087 9
8.81916 9.61002 9
8.95174 9.762 9
8.34727 9.8726 9
8.03095 9.76444 9
8.09151 9.53522 9
7.64596 9.18926 9
8.15043 9.61733 9
8.42203 9.73465 9
8.6003 9.81758 9
7.88628 9.45342 9
8.64473 9.45656 9
7.81184 9.78905 9
8.44299 9.78373 9
7.85881 9.36161 9
7.7901 9.23813 9
7.40837 9.44417 9
7.70358 9.41458 9
8.80087 9.68008 9
8.3115 9.56393 9
7.24616 9.0759 9
8.28628 9.39577 9
7.72218 9.4027 9
7.83132 9.32184 9
8.23952 9.68973 9
9.2556 10.0532 9
8.04671 9.88735 9
8.9004 9.86867 9
8.06158 9.4873 9
7.72941 9.32737 9
7.70229 8.82987 9
8.20471 9.76079 9
7.9135 9.72858 9
8.05927 9.90017 9
8.0527 9.52629 9
8.1995 9.39929 9
8.24601 9.94668 9
8.01138 9.34247 9
8.18147 9.85097 9
8.03932 9.61313 9
6.81701 8.82811 9
7.41425 9.12042 9
8.70185 9.80138 9
8.28588 9.49867 9
8.3316 9.3034 9
8.67953 9.39651 9
8.08303 9.5281 9
8.15869 9.59385 9
7.79977 9.33804 9
8.44056 9.64188 9
8.0741 9.47837 9
7.97795 9.56191 9
8.12044 9.3365 9
8.18796 9.30441 9
8.59135 10.042 9
8.7244 9.4482 9
7.4768 9.29322 9
7.80774 9.24391 9
8.62436 9.25304 9
8.19841 10.0592 9
8.22134 9.45829 9
8.77896 10.0563 9
8.58545 9.70005 9
7.81004 9.08271 9
7.58283 9.36859 9
8.29648 9.44265 9
8.31331 9.78348 9
7.83824 9.67289 9
8.422 9.58395 9
8.47015 9.75351 9
7.63525 8.83212 9
7.51542 9.20132 9
7.95468 9.64442 9
8.93539 9.84063 9
8.51936 9.70998 9
8.38802 9.85151 9
8.52189 9.79668 9
8.75947 9.74449 9
8.38335 9.6343 9
7.99446 9.75537 9
8.40491 9.63998 9
8.33279 9.77942 9
8.02848 9.22067 9
7.97012 9.46507 9
7.45395 9.18349 9
8.4562 9.60138 9
8.09725 9.29104 9
8.99741 9.92221 9
8.79151 9.84076 9
8.16581 9.32267 9
8.27129 9.24726 9
8.26501 10.064 9
8.29378 9.56995 9
8.70914 9.43163 9
8.26582 9.38706 9
7.80231 9.54386 9
8.46822 9.54982 9
8.33492 9.54361 9
8.44128 9.47718 9
7.38803 9.44728 9
7.67882 9.48896 9
7.54104 9.71958 9
7.8398 9.34108 9
8.40887 9.5674 9
8.05245 9.54462 9
8.52044 9.80211 9
7.70359 9.7248 9
7.90097 9.22334 9
8.63653 9.96374 9
7.975 9.35687 9
8.41585 9.88108 9
7.70251 9.65115 9
8.31073 9.66158 9
8.48157 9.64762 9
8.1472 9.15127 9
8.6971 9.5782 9
8.09823 9.6837 9
9.21277 9.87441 9
7.73474 9.88752 9
7.83268 9.58679 9
7.56495 9.26188 9
8.55052 9.22718 9
8.51658 9.5282 9
8.13973 9.49329 9
7.93666 9.46163 9
8.5163 9.81035 9
8.5777 10.0123 9
8.12726 9.26534 9
8.22711 9.52317 9
7.85422 9.31071 9
8.02141 9.42449 9
8.23884 9.3924 9
8.38902 9.76188 9
8.33006 9.56128 9
8.85107 9.44102 9
8.32048 9.49998 9
8.36427 9.72473 9
7.86463 10.1186 9
7.9058 9.53056 9
8.21051 9.49388 9
7.63697 9.45958 9
7.78009 9.33965 9
7.96806 9.60238 9
7.52893 9.04309 9
8.25196 9.18558 9
7.88511 9.55759 9
8.05458 9.27033 9
8.39826 9.59267 9
8.53965 9.65466 9
8.23615 9.10986 9
7.96236 9.86121 9
8.02255 9.28576 9
8.45119 9.77189 9
8.84791 9.65055 9
8.56194 9.54958 9
7.44623 9.12667 9
8.4763 9.55271 9
8.1842 9.24876 9
7.63996 9.70563 9
8.17476 9.66683 9
7.48593 9.00776 9
7.82499 9.42571 9
8.19728 9.62981 9
8.33542 9.24379 9
8.76496 9.54598 9
8.32279 9.74711 9
8.04538 9.65475 9
8.54073 9.51816 9
8.45151 9.33277 9
8.53968 9.769 9
7.99149 9.31122 9
8.14883 9.19019 9
9.31699 9.73523 9
8.17506 9.11804 9
8.46838 9.92467 9
8.50621 10.0947 9
8.66714 9.62879 9
8.20577 9.64202 9
8.40394 10.1328 9
7.6002 9.3175 9
8.90077 10.0955 9
7.85744 9.11206 9
7.2694 9.02453 9
8.45469 9.4214 9
8.11861 9.55537 9
8.51468 9.5188 9
8.57921 9.93146 9
8.90502 10.3409 9
8.54394 9.62787 9
8.02635 9.18238 9
8.56648 9.88643 9
7.83316 9.25977 9
9.20702 10.2349 9
8.23744 9.66347 9
7.80158 9.19383 9
7.87109 9.44696 9
8.18654 10.0019 9
7.55653 9.27101 9
8.35669 9.51576 9
8.16415 9.61666 9
8.39152 9.29462 9
8.02648 9.49183 9
