12.9225 8.67594 0
13.8706 7.34894 0
6.9672 13.5777 0
5.79195 7.24933 0
11.15 6.02914 0
10.986 7.60837 0
3.46562 13.0672 0
10.9245 15.4921 0
11.4576 8.73389 0
13.0218 5.32111 0
10.0912 9.68573 0
6.45918 7.67431 0
11.2599 4.72285 0
6.92755 12.7551 0
11.1924 9.31176 0
7.88556 6.51465 0
9.32606 4.70102 0
9.36013 10.2613 0
1.63372 7.51054 0
6.33173 9.38159 0
7.06723 6.77798 0
10.8439 8.9014 0
7.72648 7.43471 0
9.06104 12.9296 0
9.64984 10.0058 0
6.47146 5.5139 0
6.98844 9.14137 0
9.79622 10.2373 0
8.87996 9.25569 0
10.4227 14.801 0
7.64178 12.0423 0
6.1961 16.5159 0
11.5729 7.2794 0
8.16143 10.5862 0
6.60445 8.15911 0
8.16486 11.1339 0
7.76623 10.2882 0
10.372 11.4996 0
9.81796 14.2739 0
6.93886 12.5675 0
8.58645 8.14866 0
13.6836 12.8352 0
8.90276 6.72324 0
3.76361 7.74062 0
5.70601 6.37283 0
10.5467 5.98852 0
8.23991 5.963 0
3.25188 9.73446 0
7.35632 15.6952 0
11.4466 12.0135 0
-0.813003 8.49666 0
11.2095 4.80911 0
10.2634 8.15229 0
10.4619 11.9611 0
6.30146 3.33878 0
9.59851 13.176 0
13.2354 12.1952 0
7.36233 9.47343 0
8.23017 10.9877 0
5.99113 9.74607 0
17.3989 13.1034 0
9.2599 8.34102 0
9.02904 8.97119 0
9.32177 17.2498 0
9.01995 7.76701 0
14.781 7.64607 0
9.8405 4.62468 0
18.9113 4.54452 0
7.32413 3.36857 0
11.9068 9.68304 0
12.7908 8.0259 0
4.68102 16.129 0
7.32372 12.3284 0
12.249 13.0716 0
9.2304 12.8661 0
1.62149 7.22531 0
5.34326 8.98083 0
11.972 9.76535 0
9.94063 9.58172 0
10.477 9.83375 0
6.7059 15.4982 0
5.06716 8.21788 0
9.25399 6.97987 0
7.78731 13.9186 0
7.05086 12.3281 0
13.4204 4.98241 0
6.77802 10.1075 0
6.39975 13.5566 0
11.6462 8.04557 0
11.6984 13.9918 0
11.331 12.077 0
6.31799 9.36931 0
9.55694 7.5041 0
11.8267 10.7264 0
11.8979 9.55634 0
8.14772 9.59622 0
11.9624 4.71363 0
6.09369 7.90568 0
9.1284 11.4684 0
1.36827 12.2016 0
10.8416 6.3808 0
10.1638 7.81201 0
4.19846 6.38485 0
9.24353 7.67065 0
16.3024 10.4436 0
5.6777 12.7267 0
13.5652 8.85232 0
9.48249 9.64289 0
9.04405 7.21002 0
6.43791 16.3598 0
6.80836 7.53805 0
1.87437 13.5672 0
7.09983 10.0982 0
6.32618 5.54152 0
10.3194 13.9027 0
4.32177 1.26127 0
3.63385 8.92776 0
7.45363 6.09494 0
5.86408 10.9315 0
13.1227 6.30126 0
3.55074 13.8592 0
7.92807 11.6217 0
6.28604 12.5877 0
9.59697 8.83119 0
10.8495 10.2552 0
10.5437 6.52362 0
10.3051 7.14861 0
3.8216 12.0076 0
6.29476 3.77438 0
5.49011 12.8673 0
7.80383 9.31057 0
12.1665 10.3095 0
11.1709 4.02288 0
8.50151 8.333 0
10.4125 10.2562 0
7.85983 9.48329 0
2.82867 7.22431 0
8.99831 7.78988 0
11.378 11.4205 0
8.14852 13.8719 0
6.18827 12.9848 0
7.11398 0.58144 0
10.3184 12.9296 0
6.16491 8.4347 0
13.924 6.35135 0
7.71877 5.53365 0
15.3892 7.40834 0
7.96413 11.7945 0
8.43475 11.4862 0
11.8933 8.80964 0
8.20047 8.21014 0
10.3438 12.4092 0
11.7872 12.1035 0
14.9106 9.59625 0
0.334437 14.2173 0
7.9501 9.24111 0
2.59051 7.95201 0
14.2472 8.9672 0
9.21211 9.35463 0
7.89601 13.0928 0
10.3742 8.74499 0
8.4062 8.33869 0
13.969 9.32195 0
4.53899 12.5606 0
4.67964 7.00881 0
8.69694 10.0581 0
7.30344 8.1636 0
4.63226 4.94867 0
11.1937 7.58411 0
7.53186 6.72706 0
11.1347 6.35357 0
7.24947 12.252 0
5.83868 6.74406 0
6.55795 9.96467 0
10.0495 8.89467 0
9.05601 12.2689 0
6.18268 11.6903 0
15.253 6.92583 0
12.4556 11.8284 0
0.338891 11.4219 0
11.5455 11.72 0
10.9248 18.1465 0
9.42787 11.8943 0
4.43216 6.35504 0
10.2769 13.5047 0
8.95798 10.1784 0
9.65566 7.57962 0
9.17917 8.444 0
8.75423 9.359 0
12.3545 12.3465 0
3.85312 6.53238 0
11.7611 10.4767 0
4.74544 9.48914 0
8.22025 15.0006 0
10.1644 14.8845 0
13.3489 11.3263 0
6.96763 10.5989 0
7.36415 5.25222 0
10.8078 12.0296 0
6.01169 12.8259 0
6.31494 5.94144 0
8.24268 8.64125 0
12.521 13.5789 0
11.4279 10.4622 0
6.77398 4.69766 0
4.2325 9.91213 0
5.17842 9.34517 0
4.69615 11.5866 0
11.1252 7.28473 0
4.61328 8.59962 0
3.05556 12.0671 0
8.226 7.44961 0
11.1246 9.11668 0
13.2932 8.31343 0
6.6537 10.2009 0
9.35015 11.867 0
7.36545 10.418 0
6.6773 9.49786 0
6.01634 9.57377 0
9.87114 12.0256 0
2.20551 12.4464 0
5.56929 9.14953 0
7.27812 14.6113 0
10.3598 12.3445 0
6.17625 11.4608 0
11.4502 6.45707 0
4.95932 4.7255 0
3.87372 18.9563 0
6.50756 11.077 0
0.512581 8.0096 0
8.99971 4.95981 0
9.37875 7.04274 0
7.35681 18.927 0
4.8009 10.5542 0
1.43909 11.5135 0
8.98967 8.95783 0
8.81348 4.9587 0
4.54876 7.19938 0
7.68462 10.3546 0
9.02853 12.5947 0
7.61975 12.9757 0
7.20499 9.68339 0
6.53646 6.84973 0
11.0056 13.1931 0
4.17781 6.51307 0
8.84741 9.49018 0
11.8572 9.7971 0
7.91694 14.6113 0
5.30322 15.3154 0
5.72059 8.63448 0
17.8918 8.74309 0
10.8345 11.6983 0
5.0223 10.8002 0
6.28675 18.6773 0
7.92262 16.6916 0
6.82663 9.93316 0
8.52188 10.3089 0
11.1141 12.6477 0
6.83308 10.4211 0
6.69018 12.7564 0
10.6291 12.8645 0
8.68969 15.8815 0
6.19824 13.6952 0
5.10229 4.32739 0
7.88896 9.69707 0
11.5543 9.83043 0
7.40013 13.311 0
8.52865 7.49873 0
7.2445 12.3307 0
5.56439 11.2207 0
4.87833 10.5783 0
9.39344 10.6392 0
5.06321 13.3023 0
2.01188 12.1599 0
10.228 14.2199 0
6.01573 12.8565 0
8.14817 5.96092 0
10.3876 8.70353 0
8.86724 8.28327 0
9.94961 11.6987 0
8.35257 8.32275 0
5.30279 9.4346 0
8.38636 9.7976 0
11.3839 7.97197 0
2.50756 14.5024 0
12.9606 14.8077 0
7.29232 11.5352 0
10.6299 7.74341 0
5.99795 13.0999 0
11.2966 5.7777 0
7.39834 4.12902 0
8.77667 7.71264 0
5.16193 7.63981 0
10.9689 9.01871 0
11.1217 10.4831 0
8.9517 5.86312 0
10.0148 9.14998 0
12.6754 13.9535 0
11.0848 8.69084 0
9.87745 13.2496 0
5.68821 11.7959 0
7.21535 11.5107 0
7.89886 11.162 0
7.39814 10.6067 0
11.341 6.94215 0
8.97035 10.1115 0
6.97241 7.53148 0
13.1496 8.6798 0
10.5017 6.94209 0
9.55971 7.81957 0
9.7814 10.5534 0
13.335 8.42821 0
14.6172 13.5824 0
7.8277 10.9439 0
4.01279 9.76485 0
10.4847 11.0407 0
7.01421 7.40236 0
8.96527 9.37112 0
11.609 10.1127 0
4.68101 9.85593 0
9.02482 9.34057 0
14.4535 9.43114 0
8.64015 10.3752 0
12.7653 10.1183 0
10.5729 10.7638 0
8.51127 9.23442 0
10.0822 11.9949 0
11.4936 7.52083 0
9.87854 8.26509 0
8.30448 8.97024 0
7.68905 4.22876 0
11.3694 9.337 0
5.82501 11.2458 0
4.44372 11.3515 0
3.53338 8.74388 0
7.39585 9.0199 0
4.42496 11.6499 0
9.08299 8.96594 0
5.10547 3.39571 0
8.87965 -3.77209 0
12.2406 11.9488 0
10.6291 6.01705 0
11.6604 10.6691 0
7.94884 10.3978 0
7.25785 13.6998 0
10.2571 9.93737 0
6.95674 10.2031 0
6.07111 12.2108 0
8.97958 3.61066 0
6.75794 6.96988 0
5.73513 10.1294 0
12.2305 7.69139 0
11.9264 3.00947 0
12.974 11.7511 0
3.55308 10.4598 0
7.53294 15.0812 0
10.4386 14.9016 0
7.48972 10.3878 0
7.83702 14.0731 0
12.2989 16.1257 0
8.81228 13.4536 0
8.58164 12.3698 0
7.96416 13.8418 0
8.39185 7.4573 0
15.1889 9.11249 0
10.5687 9.19252 0
5.68086 17.1448 0
10.1163 8.1723 0
10.1614 12.4393 0
5.80404 10.3986 0
6.93117 3.48516 0
6.61154 3.74922 0
9.76102 10.8264 0
8.14619 9.65233 0
8.92952 7.45636 0
12.1679 12.0728 0
7.7862 11.949 0
13.765 8.31562 0
6.9655 5.98369 0
6.92396 9.6448 0
9.88603 6.84875 0
11.8196 7.57788 0
12.7031 4.79174 0
5.94943 10.3059 0
3.43218 15.569 0
8.74124 9.58362 0
3.74693 14.599 0
8.92199 15.2977 0
6.24822 8.73269 0
5.38937 12.4492 0
7.48379 4.63601 0
7.24598 13.3476 0
7.35956 8.00648 0
8.15126 9.83553 0
13.8959 10.5466 0
4.0022 6.91653 0
12.709 5.95549 0
10.628 14.8497 0
7.78791 4.93579 0
4.01218 10.8917 0
8.56943 14.7467 0
12.243 16.9829 0
8.67649 15.7916 0
5.48971 7.74213 0
8.59292 5.48517 0
10.4773 6.88993 0
12.9071 9.12278 0
4.54207 7.25538 0
5.80786 10.5647 0
5.21072 9.23085 0
10.0595 15.3079 0
6.49304 12.223 0
10.0701 10.2327 0
3.26108 10.5031 0
8.31961 7.81762 0
11.4957 11.0654 0
14.8612 3.66577 0
9.61683 14.1737 0
3.84856 7.83216 0
10.9932 14.6053 0
11.2458 10.9851 0
8.97865 15.5692 0
12.014 11.7616 0
12.6173 9.63009 0
10.4288 10.855 0
7.99097 8.27288 0
6.67056 10.9716 0
5.54977 14.3278 0
3.95655 12.6571 0
5.15437 8.57615 0
9.53495 12.38 0
7.93288 7.65891 0
8.30377 10.2876 0
5.34242 15.4327 0
6.05709 11.0737 0
12.4743 14.4982 0
9.77721 7.98761 0
8.93136 5.63668 0
7.7557 15.1964 0
12.742 5.68901 0
7.60185 8.32906 0
2.14001 8.35536 0
5.27747 12.1478 0
10.3161 10.4143 0
2.0445 9.18061 0
10.6165 4.22329 0
11.9828 3.2469 0
8.69983 14.2042 0
5.61868 2.15018 0
6.96342 9.77514 0
1.01854 8.56669 0
10.8566 11.0335 0
12.6394 10.7511 0
11.5135 8.97774 0
8.06866 7.38389 0
13.1445 10.1719 0
8.9193 6.66019 0
4.74143 14.2194 0
11.7266 9.84851 0
11.2716 6.93466 0
11.2484 7.68227 0
7.25728 14.3678 0
13.5392 12.887 0
2.68022 13.4576 0
4.656 0.667615 0
13.1033 10.0929 0
11.158 11.4737 0
12.8038 13.6725 0
10.8477 8.25061 0
9.48661 5.64655 0
7.16298 10.8317 0
4.47159 8.89142 0
6.11185 13.9298 0
10.7222 10.2437 0
7.37148 12.9215 0
11.8578 7.80013 0
6.42353 4.86919 0
9.48227 5.80776 0
12.679 6.50028 0
11.5552 5.49008 0
11.9898 6.79152 0
13.333 9.93877 0
10.8165 12.9247 0
8.54436 8.26241 0
8.97978 11.7844 0
2.66138 -9.11034 1
-5.09009 -9.1589 1
3.62109 -8.20688 1
6.54108 -9.68224 1
-0.276544 -7.77465 1
-2.16331 -7.11934 1
1.744 -8.88106 1
3.61044 -7.4256 1
3.16898 -8.86002 1
5.76457 -9.88319 1
7.4533 -8.50786 1
5.5366 -8.84875 1
6.99174 -7.90452 1
-1.84551 -8.77854 1
-1.4496 -9.0454 1
6.37327 -8.80132 1
-2.71956 -8.25399 1
4.00361 -9.10212 1
-0.338894 -10.4833 1
6.1049 -8.67568 1
-2.19652 -9.2145 1
-0.830068 -8.32181 1
4.47651 -8.74821 1
-1.251 -8.80856 1
1.49464 -8.84185 1
2.99524 -7.31082 1
-6.1813 -10.152 1
1.9936 -7.40193 1
4.00018 -8.96159 1
-2.70145 -7.6687 1
0.580082 -7.93339 1
1.20274 -8.37852 1
-1.76518 -8.46755 1
3.0704 -9.18315 1
-2.66376 -8.48902 1
6.40256 -7.46155 1
1.20875 -8.20442 1
5.55388 -9.25624 1
2.82839 -8.81791 1
-2.82004 -8.97392 1
-0.770352 -6.77712 1
-1.12838 -7.30726 1
4.39457 -8.0631 1
4.46413 -9.22009 1
6.85746 -9.246 1
0.795731 -8.06394 1
3.11502 -8.59707 1
-1.41235 -8.17708 1
1.00928 -8.16506 1
-7.25998 -10.3968 1
0.806659 -7.80241 1
2.45549 -8.49625 1
2.40508 -9.16242 1
-3.28313 -10.4207 1
2.04309 -8.69877 1
0.215787 -9.96933 1
2.73505 -9.28265 1
3.11294 -7.92414 1
-0.706359 -9.54142 1
-2.98616 -10.0939 1
1.54815 -8.16031 1
-3.52661 -9.69401 1
-1.14717 -8.43866 1
5.16188 -7.49361 1
-1.72848 -7.80968 1
3.3652 -9.23075 1
0.0102791 -7.42986 1
-3.92201 -9.145 1
-2.75714 -7.44049 1
-1.88568 -8.57968 1
5.38437 -7.4433 1
8.69919 -10.8098 1
-1.31094 -6.66131 1
4.26009 -7.85761 1
6.7829 -10.495 1
0.457139 -7.28399 1
-2.98325 -6.99589 1
-4.02835 -7.63709 1
-1.90794 -8.37638 1
6.02745 -9.61581 1
-1.72464 -7.44003 1
2.5269 -9.47383 1
4.46574 -8.5526 1
2.08777 -7.05054 1
6.00953 -10.3806 1
1.42363 -7.28837 1
2.93108 -9.10005 1
6.29049 -10.0217 1
-1.9537 -8.72998 1
0.199736 -7.82774 1
3.21398 -10.4502 1
2.02514 -6.38315 1
0.0441508 -7.07559 1
5.75986 -9.0866 1
5.99372 -8.80975 1
8.23355 -9.03751 1
-4.26252 -8.7911 1
7.09219 -9.2354 1
7.33093 -10.0431 1
1.95105 -10.9518 1
-1.74949 -9.16278 1
-3.03211 -8.18625 1
0.277247 -9.7406 1
-1.87768 -7.30369 1
-0.284548 -7.64044 1
0.794598 -9.30502 1
0.01872 -8.39884 1
2.35476 -9.84468 1
-2.68547 -8.75335 1
1.40834 -6.93558 1
1.06739 -6.30033 1
0.460715 -8.08455 1
-0.273238 -10.0181 1
3.45068 -8.33372 1
7.00869 -6.91506 1
-1.11109 -7.53862 1
-2.40879 -8.39063 1
5.18372 -8.68509 1
2.68606 -7.93454 1
1.89358 -8.75731 1
6.41878 -8.13646 1
6.22585 -8.69414 1
-2.43787 -7.94128 1
-1.69243 -7.93204 1
0.755132 -7.93284 1
-0.436539 -8.96304 1
0.426322 -8.45173 1
6.62386 -7.73867 1
1.99329 -7.7816 1
1.55025 -8.15019 1
3.74827 -8.93369 1
1.26239 -8.62841 1
7.82752 -9.1167 1
-0.51476 -8.49839 1
0.349057 -9.44935 1
3.22194 -8.55692 1
2.62738 -8.31357 1
5.1488 -7.59109 1
-0.769094 -8.16801 1
2.41042 -9.13167 1
2.61613 -6.64678 1
1.13733 -9.65484 1
-3.38858 -8.51505 1
3.68439 -8.89806 1
3.81807 -7.72169 1
-4.45186 -8.80134 1
-0.373152 -8.91131 1
4.25787 -8.79866 1
-4.71475 -8.18181 1
4.90298 -6.903 1
1.73904 -8.77604 1
-0.558316 -11.1102 1
-6.12616 -8.29217 1
1.8173 -8.09122 1
6.93664 -9.37724 1
-6.32182 -8.14864 1
0.913756 -7.87728 1
4.79877 -8.8713 1
0.348019 -9.49405 1
-6.72922 -9.65242 1
1.43556 -8.59349 1
4.64887 -6.88376 1
2.00077 -6.54822 1
-2.97517 -7.54345 1
0.654775 -8.06132 1
1.60001 -7.41696 1
1.57002 -9.94334 1
-2.28976 -8.35618 1
8.28475 -8.91339 1
4.27779 -8.83798 1
5.79342 -9.49445 1
0.0321288 -7.10414 1
-1.28905 -9.20844 1
-1.5269 -7.65784 1
0.822592 -8.4696 1
0.843585 -6.73193 1
5.94011 -7.58301 1
-4.81979 -8.24086 1
-0.846862 -9.39734 1
3.57765 -10.0459 1
10.3361 -10.4393 1
-3.3414 -9.25452 1
-1.35891 -9.54146 1
11.7652 -8.77886 1
0.660659 -7.6372 1
-3.31286 -8.1176 1
0.755434 -9.07258 1
-3.92032 -9.10955 1
10.6026 -7.40561 1
-3.07796 -8.18596 1
7.96788 -8.29756 1
-9.2836 -7.86552 1
-1.61908 -7.98564 1
4.81159 -9.06586 1
-2.46847 -8.5367 1
2.44684 -9.03253 1
3.4083 -8.11268 1
-1.49256 -8.63288 1
-3.97463 -7.25604 1
1.67261 -7.85989 1
1.81855 -9.0273 1
1.62516 -8.853 1
-1.15624 -7.91895 1
1.45034 -8.01356 1
7.06682 -8.48725 1
0.319949 -7.15731 1
1.59283 -8.84125 1
-5.95962 -7.73567 1
10.2612 -9.25201 1
-3.99984 -8.30676 1
2.81885 -8.32245 1
2.5214 -9.06978 1
8.76358 -7.14404 1
0.892295 -9.51473 1
-0.723538 -8.67508 1
-0.127849 -7.9671 1
1.2522 -6.72514 1
-1.59978 -8.4986 1
1.13796 -7.98351 1
-0.864199 -10.9064 1
-1.41879 -9.98354 1
0.276565 -9.78902 1
-1.17794 -7.95884 1
-5.26026 -9.05686 1
-3.48115 -9.57785 1
0.54231 -8.18064 1
1.14027 -7.08165 1
-0.326026 -8.13071 1
-5.17917 -7.51668 1
-1.07433 -8.21713 1
-1.09621 -8.03369 1
4.24945 -8.7159 1
-0.910913 -6.95644 1
2.58498 -7.68241 1
-4.96362 -10.0361 1
0.130434 -8.92994 1
-0.901721 -8.68889 1
-0.160776 -6.4322 1
2.45939 -8.01176 1
-0.37076 -9.14504 1
-1.70652 -6.39139 1
1.76492 -8.08745 1
-1.00021 -7.78138 1
0.774211 -9.03151 1
3.47104 -8.95576 1
2.00574 -7.24169 1
-1.2608 -8.93439 1
-0.286069 -9.64428 1
-4.71918 -9.09055 1
5.57623 -9.04705 1
0.820147 -9.57101 1
4.88341 -9.84487 1
-1.40893 -8.96859 1
6.86545 -9.01324 1
-1.46525 -6.88381 1
-1.80588 -8.37267 1
5.05666 -6.57787 1
2.55749 -8.67254 1
-2.93238 -7.8773 1
-6.126 -8.41505 1
5.57152 -8.87373 1
-1.0607 -7.51462 1
10.5764 -10.2085 1
0.746088 -8.11491 1
0.101316 -8.87738 1
4.94391 -8.84232 1
-4.24555 -7.98625 1
-5.8678 -7.26886 1
5.56914 -9.37855 1
7.77137 -8.38776 1
2.06143 -9.30611 1
-4.93337 -7.57607 1
3.90592 -7.71645 1
-3.07055 -8.18895 1
1.14035 -7.26314 1
-0.440561 -8.98021 1
-0.0350244 -6.29325 1
1.06948 -8.35838 1
-0.611506 -9.3446 1
2.31434 -9.81462 1
0.544216 -7.96867 1
-0.210914 -7.63812 1
-9.79029 -7.48238 1
-2.67695 -8.34389 1
-3.84306 -8.57867 1
5.47136 -8.15243 1
2.79594 -7.72949 1
-0.574116 -9.84835 1
0.0456555 -9.09991 1
8.62589 -8.8992 1
8.1057 -9.4814 1
-3.88157 -8.23581 1
6.73223 -8.01466 1
2.54015 -9.02713 1
8.85064 -7.68717 1
-3.18044 -9.05733 1
-2.45228 -8.27195 1
4.94201 -8.69145 1
0.92105 -8.97075 1
-2.36202 -9.4839 1
5.92851 -6.64348 1
-5.2437 -8.96021 1
-4.19789 -7.82376 1
-0.74342 -8.51297 1
0.617478 -9.62431 1
-0.571691 -9.81778 1
3.73862 -7.6587 1
0.036817 -7.43382 1
1.99104 -8.83373 1
3.23739 -9.27222 1
5.38879 -9.35434 1
-4.45699 -9.26538 1
3.37784 -8.67915 1
-2.20628 -7.30242 1
1.09924 -8.7425 1
1.23319 -8.66454 1
7.11064 -7.94687 1
-4.91611 -7.95854 1
4.16565 -7.97624 1
2.92602 -9.03064 1
-3.27667 -8.06792 1
-0.824385 -7.25206 1
6.29203 -9.39613 1
3.31436 -9.79944 1
-0.537165 -8.88585 1
-3.53408 -8.78184 1
-4.42485 -6.14461 1
0.624286 -9.22411 1
-0.272641 -10.074 1
-1.23571 -9.99255 1
1.91544 -9.02687 1
3.79219 -8.06891 1
10.3644 -9.89931 1
-1.80066 -9.75519 1
-3.08645 -8.893 1
0.0468741 -8.96334 1
-1.60502 -9.59142 1
1.35627 -8.1904 1
2.30609 -9.45177 1
3.22798 -8.03314 1
-0.0832911 -9.97797 1
1.88704 -7.84689 1
4.04991 -7.25996 1
2.73534 -8.04583 1
3.48204 -8.77102 1
-1.86385 -9.84345 1
-1.2657 -8.97027 1
3.81998 -8.23558 1
-1.0538 -7.7848 1
6.38232 -10.1285 1
0.510519 -9.66016 1
1.76675 -8.83247 1
-3.52649 -7.06477 1
4.32026 -8.31701 1
3.81807 -9.0672 1
1.75244 -7.80239 1
0.923611 -7.19939 1
7.60465 -10.5622 1
3.09699 -9.37204 1
2.39309 -7.46466 1
-6.4957 -8.66268 1
4.18777 -9.10666 1
3.1806 -9.13346 1
2.6174 -8.92099 1
3.26948 -9.6765 1
0.525322 -7.29937 1
1.33123 -7.8714 1
5.62526 -9.20242 1
-0.106911 -7.12976 1
2.67724 -6.95515 1
-0.243276 -7.7635 1
-2.54755 -7.51809 1
2.78389 -9.36813 1
1.26585 -8.10232 1
6.40881 -9.42234 1
3.92974 -8.99654 1
1.67987 -8.30111 1
1.50085 -8.56058 1
2.55367 -9.11176 1
-1.28779 -8.14761 1
0.281726 -8.75705 1
3.61564 -7.26842 1
2.89863 -8.65094 1
5.46266 -8.92185 1
5.11874 -9.02081 1
-0.130139 -9.65954 1
1.30897 -10.4894 1
6.17099 -8.65895 1
-3.43768 -8.2343 1
-0.152753 -7.30264 1
4.43962 -8.38818 1
6.28766 -8.84171 1
-1.10416 -9.67535 1
1.02399 -8.11009 1
8.26387 -9.50214 1
2.91292 -7.84416 1
1.46228 -7.36535 1
-1.67895 -8.68717 1
-2.97174 -8.29788 1
-0.423891 -8.20895 1
4.96788 -8.22375 1
2.64863 -8.91053 1
0.345372 -7.74129 1
4.42672 -9.27453 1
2.22154 -7.3117 1
1.04222 -9.75311 1
-1.99128 -10.5828 1
4.12989 -9.0723 1
4.1394 -8.96203 1
1.38672 -8.89706 1
-4.59796 -8.1353 1
2.85162 -9.69541 1
1.33705 -8.19101 1
-2.72057 -7.21263 1
8.35359 -9.78286 1
-1.83514 -8.08787 1
-0.707831 -7.79454 1
-0.190739 -10.3772 1
2.74759 -7.66921 1
5.98108 -8.88465 1
0.739028 -8.85088 1
3.8245 -10.1352 1
6.36875 -9.10511 1
-0.76393 -8.85635 1
0.500565 -9.13586 1
-2.24302 -8.58551 1
0.370724 -8.72043 1
0.576566 -8.67535 1
1.70588 -7.82373 1
7.25026 -9.93719 1
-0.922391 -10.0047 1
-3.59959 -7.79924 1
3.49645 -8.37686 1
-1.42577 -9.48958 1
-2.72079 -9.00694 1
1.45665 -8.59219 1
6.50967 -8.94345 1
2.97884 -6.852 1
2.94876 -7.6343 1
-7.14697 -8.00202 1
-5.44387 -7.18387 1
-7.98229 3.26399 2
-7.68899 -3.39612 2
-9.75716 2.68999 2
-6.77116 5.55653 2
-8.25803 5.0808 2
-7.74087 6.00043 2
-7.15246 -1.20903 2
-5.94289 0.343771 2
-7.82982 3.40708 2
-6.92263 3.02392 2
-7.69716 1.81567 2
-7.82408 -0.927603 2
-6.0696 4.45006 2
-8.93544 1.75525 2
-7.56411 3.29514 2
-8.22934 8.98348 2
-10.422 2.74296 2
-7.81996 1.84425 2
-6.92452 1.07378 2
-9.16702 2.19744 2
-7.03301 3.51697 2
-8.49479 2.69215 2
-7.1085 2.59891 2
-7.86299 0.520824 2
-8.83891 7.45474 2
-8.18255 2.44281 2
-7.39065 4.73541 2
-8.42248 -0.725711 2
-9.29457 3.96434 2
-6.96229 3.63405 2
-9.85653 3.47579 2
-9.49905 11.0659 2
-10.5131 0.865207 2
-8.52746 8.90153 2
-8.43151 5.7113 2
-8.68581 1.60952 2
-7.54337 0.743036 2
-9.61413 3.36131 2
-8.33642 -0.314386 2
-5.99099 5.76996 2
-9.81289 0.819566 2
-9.61283 1.10589 2
-7.0318 3.03812 2
-6.69932 4.21519 2
-8.70404 0.721649 2
-8.77995 0.955208 2
-7.60897 1.37629 2
-6.23027 -1.29664 2
-6.19208 8.33867 2
-8.12277 4.68212 2
-8.97314 6.12352 2
-6.5451 -0.89367 2
-7.68515 -1.44264 2
-9.5019 5.05671 2
-8.99412 0.006069 2
-7.01509 -1.77685 2
-7.22317 3.1721 2
-8.37795 -0.979909 2
-6.94255 0.466821 2
-7.67765 -3.62255 2
-7.84468 1.62612 2
-6.62004 4.66353 2
-8.29297 7.13325 2
-7.75384 -2.79283 2
-9.57439 -1.20639 2
-8.41023 6.65161 2
-6.18685 -0.749496 2
-7.79175 -2.32997 2
-7.20658 3.46457 2
-8.1959 2.75073 2
-8.25934 5.48865 2
-6.37584 -0.459013 2
-8.59427 8.28996 2
-8.79225 11.3419 2
-8.05574 6.51067 2
-8.4774 7.5188 2
-9.72163 2.9148 2
-8.93977 3.62818 2
-7.37266 -0.0171517 2
-9.15173 -0.481877 2
-6.90308 -1.29973 2
-7.33379 -4.94571 2
-6.94819 4.67457 2
-8.6669 2.09817 2
-6.45549 3.66847 2
-9.92614 8.8935 2
-7.44936 6.96384 2
-6.68785 4.38208 2
-10.197 5.33884 2
-6.28998 0.2681 2
-8.39417 14.8697 2
-9.29109 6.7678 2
-8.05485 5.74349 2
-6.39617 0.991432 2
-8.31464 4.66461 2
-9.27289 4.48299 2
-6.55054 4.83647 2
-9.8562 4.80178 2
-8.28334 3.16685 2
-6.30896 -2.3188 2
-7.088 -1.72224 2
-8.77241 0.864706 2
-6.82653 5.77915 2
-8.18775 2.98453 2
-7.05511 -0.234168 2
-7.43806 5.19545 2
-7.58985 -1.60056 2
-9.9749 4.09964 2
-8.35842 11.5084 2
-8.43975 6.49114 2
-8.22557 -0.130231 2
-8.92561 -1.09669 2
-6.75966 4.63544 2
-9.03309 -0.907742 2
-8.43596 5.93433 2
-8.85465 8.63332 2
-5.14732 8.87155 2
-7.77035 -0.803102 2
-7.36517 3.50718 2
-7.90153 3.70008 2
-8.40055 5.301 2
-7.71741 1.75552 2
-7.70489 2.92333 2
-7.99886 -4.45973 2
-8.1689 4.55297 2
-6.62743 1.34509 2
-7.17051 7.11356 2
-9.49911 5.63624 2
-9.51198 2.0438 2
-8.95137 4.95536 2
-8.94293 -1.17003 2
-7.19341 2.97894 2
-7.17818 0.678374 2
-7.72417 3.57641 2
-6.82812 2.50699 2
-7.22835 5.74474 2
-0.88526 5.52367 3
-0.594093 5.44433 3
-0.656076 5.04548 3
-0.96581 5.60008 3
-0.559501 5.37346 3
-0.920756 5.31553 3
-0.846292 5.53199 3
-0.893997 5.37655 3
-0.798582 5.47943 3
-0.689683 5.3409 3
-0.506277 5.60586 3
-0.725897 5.10351 3
-0.732793 5.00505 3
-0.876264 5.56605 3
-0.93236 5.57463 3
-1.00338 5.60478 3
-1.14497 5.82088 3
-0.883505 5.53594 3
-1.11478 5.48788 3
-0.902665 5.10695 3
-0.746454 5.21286 3
-0.887188 5.52991 3
-0.733218 5.2049 3
-0.8397 5.06547 3
-0.75243 5.4973 3
-0.932259 5.31449 3
-0.754259 5.51557 3
-1.01633 5.72536 3
-0.527556 5.14612 3
-0.977716 5.498 3
-0.780376 5.19839 3
-0.946949 5.35103 3
-0.889556 5.4212 3
-1.13474 5.75056 3
-1.02612 5.31813 3
-0.921424 5.42079 3
-1.25805 5.79108 3
-0.68012 5.3488 3
-0.733992 5.57656 3
-0.922332 5.36708 3
-0.600717 5.12027 3
-1.07039 5.71205 3
-1.07994 5.67812 3
-0.765094 5.2935 3
-1.01255 5.83419 3
-1.17497 5.46327 3
-0.61023 5.02083 3
-0.726088 5.14236 3
-0.869507 5.55118 3
-1.04357 5.67945 3
-0.732178 5.05139 3
-0.891576 5.46245 3
-0.974824 5.49504 3
-1.00286 5.41011 3
-1.0108 5.85553 3
-0.639879 5.37304 3
-0.884254 5.26971 3
-0.764476 5.16921 3
-0.945324 5.30794 3
-0.850284 5.35595 3
-1.11097 5.7809 3
-0.82172 5.44618 3
-0.638628 5.11624 3
-0.999322 5.51756 3
-0.805411 5.38041 3
-0.965906 5.26756 3
-0.758325 5.57981 3
-0.650345 5.53736 3
-1.06255 5.61691 3
-1.04351 5.49274 3
-0.813221 5.46264 3
-0.743508 4.98113 3
-0.982294 5.26682 3
-0.735959 5.47065 3
-0.602651 5.2425 3
-1.12286 5.61379 3
-1.0231 5.57323 3
-1.05181 5.64773 3
-0.862708 5.4891 3
-0.788107 5.29938 3
-0.782021 5.51997 3
-0.700844 5.12145 3
-0.711852 5.61885 3
-1.02426 5.44964 3
-0.650488 5.19945 3
-0.876232 5.36845 3
-0.844416 5.33073 3
-0.917822 5.29421 3
-0.673475 5.28349 3
-1.00235 6.05861 3
-0.612847 5.11696 3
-0.936729 5.36917 3
-0.828403 5.59215 3
-0.964048 5.36997 3
-1.07951 5.70086 3
-0.998617 5.34883 3
-0.944207 5.53334 3
-0.869423 5.33777 3
-0.570107 4.90433 3
-1.08432 5.44196 3
-0.922637 5.08852 3
-0.876907 5.48682 3
-0.725647 5.61009 3
-0.86637 5.14757 3
-0.957928 5.31976 3
-0.840799 5.41489 3
-0.880584 5.62003 3
-0.810478 5.41545 3
-0.954881 5.23863 3
-1.13589 5.67019 3
-0.789441 5.55666 3
-1.34519 5.82644 3
-0.867566 5.48146 3
-0.713959 5.33646 3
-0.966181 5.51759 3
-0.849612 5.23045 3
-1.53837 5.9951 3
-0.837375 5.89813 3
-0.882559 5.35517 3
-0.923286 5.2689 3
-0.925503 5.51932 3
-0.727813 5.30986 3
-0.877103 5.2579 3
-0.706801 5.34205 3
-0.87702 5.29812 3
-1.07947 5.78729 3
-0.848837 5.30917 3
-0.986458 5.44719 3
-0.991498 5.47647 3
-1.1001 5.45515 3
-0.759458 5.38331 3
-0.661788 5.5182 3
-0.788724 5.52079 3
-0.711791 5.12916 3
-0.730324 5.39706 3
-0.955482 5.71735 3
-0.828532 5.39645 3
-0.937573 5.58183 3
-1.00141 4.87579 3
-0.733163 5.6304 3
-1.02064 5.64006 3
-1.17619 5.50645 3
-1.1291 5.48628 3
-0.594759 5.10527 3
-0.753496 5.65287 3
-1.12871 5.41813 3
-0.7628 5.4849 3
-0.827533 5.38658 3
-1.00032 5.45787 3
-0.968512 5.49351 3
-0.698832 5.15981 3
-1.05457 5.65723 3
-0.782831 5.06691 3
-0.731876 5.25931 3
-0.809061 5.77272 3
-0.719322 5.20637 3
-1.13678 5.67617 3
-0.789416 5.33226 3
-0.873494 5.58812 3
-0.963897 5.31567 3
-0.809076 5.09403 3
-0.957567 5.92567 3
-0.698369 5.17032 3
-0.84595 5.6659 3
-0.683778 5.28085 3
-0.779728 5.2134 3
-0.9742 5.09053 3
-0.547959 5.01147 3
-0.850573 5.41762 3
-0.86244 5.66479 3
-1.03311 5.39893 3
-0.615765 5.38151 3
-0.846629 5.26755 3
-0.687176 5.31086 3
-0.78321 5.6308 3
-0.97646 5.22478 3
-0.704045 5.13137 3
-0.885407 5.35842 3
-0.962242 5.38195 3
-1.02058 5.60031 3
-1.04098 5.40714 3
-0.894499 5.49519 3
-0.568337 5.16616 3
-0.94114 5.26625 3
-0.707206 5.37781 3
-0.668026 5.24291 3
-0.766035 5.19889 3
-0.916023 5.20532 3
-1.39252 5.84389 3
-0.929932 5.28946 3
-0.731688 5.11577 3
-0.946881 5.45806 3
-0.591082 5.38021 3
-1.04547 5.26771 3
-1.01419 5.45738 3
-0.778886 5.14204 3
-0.784277 5.39817 3
-0.610809 5.38951 3
-0.847334 5.03394 3
-0.801327 5.06415 3
-0.884225 5.35922 3
-0.762407 5.04694 3
-0.803432 5.22744 3
-0.613957 5.12564 3
-0.825672 5.60618 3
-0.855579 5.49605 3
-0.664711 5.6802 3
-1.11309 5.45003 3
-0.86523 5.54219 3
-0.922268 5.6695 3
-0.875618 5.56834 3
-0.83579 5.3382 3
-0.874561 5.35922 3
-0.760535 5.27425 3
-0.789656 5.38667 3
-0.428026 4.94697 3
-0.847694 5.28563 3
-0.64084 5.20076 3
-0.86978 5.28588 3
-1.08853 5.40403 3
-0.818475 5.61842 3
-0.799998 5.18007 3
-1.10192 5.54791 3
-0.810693 5.64437 3
-0.90453 5.40445 3
-0.892318 5.15573 3
-0.906165 5.31849 3
-1.00003 5.25259 3
-0.784173 5.45771 3
-1.00545 5.76069 3
-0.942764 5.55493 3
-0.805863 5.60446 3
-0.546805 5.52721 3
-0.630587 5.30213 3
-0.795221 5.24507 3
-1.03509 5.57562 3
-0.915957 5.08126 3
-0.91556 5.59732 3
-0.921461 5.51318 3
-0.947187 5.68547 3
-1.03398 5.49387 3
-0.689467 5.31202 3
-0.839334 5.30834 3
-0.84019 5.53109 3
-0.861261 5.52574 3
-0.632414 5.33834 3
-0.656731 5.27698 3
-0.836113 5.46181 3
-1.05199 5.18327 3
-0.942344 5.29527 3
-1.01524 5.21037 3
-0.729649 5.09817 3
-0.927336 5.30839 3
-0.996831 5.41614 3
-1.01681 5.68071 3
-0.997353 5.49481 3
-0.691192 5.31505 3
-1.08774 5.77426 3
-0.93811 5.56685 3
-0.680645 5.17558 3
-0.878279 5.56247 3
-0.944054 5.54069 3
-0.784459 4.98227 3
-0.634432 5.58357 3
-0.948158 5.47243 3
-0.967663 5.86808 3
-1.00442 5.72671 3
-0.640056 5.08082 3
-0.829281 5.53897 3
-1.11943 5.67668 3
-0.6599 5.30552 3
-0.787257 5.5004 3
-0.779821 5.44887 3
-1.14722 5.48525 3
-0.69853 5.39417 3
-0.896613 5.49721 3
-0.753589 5.47288 3
-0.581722 5.25633 3
-0.560077 5.19876 3
-0.941558 5.55383 3
-0.896032 5.19988 3
-1.03514 5.39542 3
-0.994673 5.72355 3
-0.821006 5.23318 3
-0.655042 5.0745 3
-1.17393 5.5777 3
-0.638218 5.07512 3
-0.790163 5.1857 3
-1.17248 5.52498 3
-1.0992 5.4764 3
-1.0328 5.64419 3
-1.0543 5.46085 3
-0.331451 4.91867 3
-0.649693 5.29004 3
-0.829105 5.2345 3
-0.581894 5.35503 3
-0.643214 5.16815 3
-1.00218 5.08935 3
-0.986354 5.48952 3
-1.07356 5.30938 3
-0.685796 5.32875 3
-0.904565 5.33892 3
-0.821145 5.61459 3
-0.621386 5.3319 3
-0.754509 5.41291 3
-0.788937 5.33111 3
-1.01032 5.69533 3
-1.1167 5.68871 3
-0.84991 5.03608 3
-0.8724 5.57919 3
-0.704389 5.12932 3
-0.967848 5.35049 3
-0.892239 5.7085 3
-0.754587 5.49594 3
-0.794496 5.33906 3
-0.860048 5.57141 3
-0.484192 5.56159 3
-0.910846 5.59844 3
-1.24478 5.80128 3
-0.691553 5.63386 3
-0.59998 5.28705 3
-0.911501 5.40968 3
-0.902704 5.16408 3
-1.31597 5.85322 3
-0.929709 5.48038 3
-0.928357 5.61327 3
-0.93415 5.53689 3
-0.608247 5.30762 3
-0.859685 5.42141 3
-0.653745 5.26785 3
-1.22533 5.76445 3
-0.899701 5.48117 3
-0.87067 5.58524 3
-0.884458 5.30373 3
-1.11802 5.77806 3
-0.687283 5.59611 3
-1.23372 5.6656 3
-0.86756 5.67592 3
-0.905261 5.76318 3
-0.883569 5.40069 3
-0.416015 4.75584 3
-0.786682 5.60988 3
-0.876639 5.41536 3
-0.944465 5.40464 3
-0.760635 5.60967 3
-0.849441 5.34205 3
-0.589457 5.05719 3
-0.578954 5.21111 3
-0.87391 5.38659 3
-0.934282 5.33489 3
-0.9002 5.50018 3
-0.798556 5.39361 3
-0.924434 5.37297 3
-0.727538 5.24534 3
-0.948593 5.12984 3
-0.711585 5.54409 3
-0.927473 5.80094 3
-1.36298 5.86311 3
-0.875176 5.4854 3
-1.33216 5.4106 3
-0.910293 5.45538 3
-0.870983 5.20273 3
-1.04321 5.52048 3
-0.889592 5.42647 3
-0.999856 5.62213 3
-0.632586 5.37795 3
-1.01063 5.49522 3
-0.966707 5.27936 3
-0.692667 5.29782 3
-0.898464 5.29938 3
-0.999839 5.90132 3
-1.05308 5.6242 3
-0.556505 5.19429 3
-0.957146 5.59499 3
-0.892013 5.10867 3
-0.579073 5.39943 3
-0.777993 5.13032 3
-1.03238 5.60604 3
-1.32995 5.54722 3
-0.895919 5.37794 3
-1.19082 5.73836 3
-1.05192 6.01891 3
-0.961172 5.50562 3
-0.816348 5.36041 3
-1.21375 5.47387 3
-0.704712 4.93505 3
-0.849561 5.62792 3
-0.732123 5.49144 3
-1.08932 5.82043 3
-1.07374 5.982 3
-0.80629 4.88824 3
-1.05941 5.45342 3
-1.17259 5.93224 3
-0.835631 5.26997 3
-0.943982 5.29203 3
-0.896667 5.32615 3
-1.30894 5.71931 3
-0.743357 5.25768 3
-0.703939 5.24924 3
-1.06128 5.62597 3
-0.379124 5.35554 3
-0.850177 5.27668 3
-0.853454 5.28074 3
-0.889979 5.2375 3
-1.03002 5.32428 3
-0.862416 5.37525 3
-1.11753 5.45779 3
-0.903533 5.7777 3
-0.925755 5.38199 3
-0.571887 5.07354 3
-0.636528 5.34499 3
-0.54854 5.15647 3
-1.10379 5.39212 3
-0.928634 5.33598 3
-1.09959 5.26789 3
-1.07502 5.90477 3
-1.00272 5.81736 3
-0.894467 5.4287 3
-0.725847 5.11758 3
-1.14756 5.62904 3
-0.670583 5.31096 3
-0.710538 5.45809 3
-0.413736 5.20355 3
-0.795876 5.32473 3
-0.818234 5.59132 3
-1.01177 5.44905 3
-0.750325 5.6051 3
-0.948287 5.60031 3
-0.666371 5.31328 3
-1.02482 5.57533 3
-1.08919 5.82244 3
-0.942733 5.66458 3
-1.25748 5.29854 3
-0.881536 5.23946 3
-0.673716 5.3275 3
-0.886094 5.53794 3
-1.06296 5.5116 3
-1.14005 5.32612 3
-1.08026 5.36221 3
-0.890333 5.6961 3
-1.25491 5.5144 3
-0.757238 5.37106 3
-1.18928 5.49169 3
-0.485837 5.01148 3
-0.973337 5.63168 3
-0.565187 5.28554 3
-0.849078 5.53966 3
-0.476169 5.22577 3
-0.750737 5.32227 3
-0.681264 5.08645 3
-1.19011 5.65498 3
-0.919232 5.57398 3
-0.954773 5.53939 3
-0.757322 5.22879 3
-0.742974 5.30112 3
-0.950132 5.58567 3
-1.17441 5.6413 3
-1.25675 5.5615 3
-0.875024 5.44525 3
-1.05996 5.49816 3
-0.973527 5.40502 3
-0.833793 5.39158 3
-0.956149 4.96987 3
-0.928436 5.62581 3
-0.980235 5.19672 3
-0.783677 5.29784 3
-0.883181 5.73463 3
-1.08475 5.63648 3
-0.738828 5.35485 3
-0.989756 5.34726 3
-0.913067 5.64754 3
-0.618183 5.24332 3
9.45927 -0.548719 4
8.77908 -0.796803 4
10.8823 -1.22786 4
7.30363 -1.6236 4
8.65937 -1.8253 4
8.19711 -2.04782 4
11.0803 -1.69446 4
10.4196 -0.855222 4
10.7709 -1.02768 4
11.7984 -0.56227 4
8.55335 -1.82473 4
9.72745 -0.107584 4
12.1911 -1.05421 4
9.22015 -2.4553 4
8.1643 -2.64088 4
8.52651 -1.32344 4
10.2194 -0.989359 4
8.71159 -1.38562 4
10.1106 -1.03203 4
8.76582 -2.2339 4
7.05915 -1.89369 4
9.31362 -0.337138 4
8.58079 -0.63477 4
9.47635 -1.19845 4
8.79258 -2.52021 4
9.95038 -1.25604 4
10.6196 -2.157 4
8.15794 -1.74048 4
9.00762 -0.13586 4
11.5913 0.450051 4
10.0327 -1.97775 4
8.70919 -2.07542 4
10.5392 -1.98781 4
10.0418 -2.72899 4
9.33001 -1.51695 4
9.67742 -1.39925 4
11.4105 0.192586 4
7.98003 -0.9138 4
9.77026 -0.448036 4
9.04844 -1.54478 4
8.95932 -0.685089 4
10.9024 -2.21263 4
9.45166 -2.11587 4
8.13837 -2.49127 4
9.6555 -1.85897 4
9.21238 -1.0307 4
9.14555 -1.36186 4
9.708 -0.810378 4
9.89698 -0.812503 4
8.19406 -0.862559 4
8.21636 -1.19757 4
11.2623 -0.522428 4
10.7152 -1.85395 4
8.84929 -1.96845 4
11.0493 -0.99854 4
8.58475 -1.16222 4
11.7578 -0.0590925 4
10.1109 -0.820497 4
10.4534 -0.15785 4
8.30152 -0.495397 4
10.0881 -0.600744 4
12.0811 -1.00394 4
7.38806 -2.01706 4
11.0129 -0.528069 4
7.42209 -2.35931 4
8.84758 -2.12656 4
8.43128 -1.356 4
9.74467 -0.930268 4
7.70564 -1.96278 4
8.50311 -2.4906 4
9.51636 -2.28275 4
10.0484 -0.489963 4
9.12528 -1.69606 4
10.1051 -1.00507 4
9.3783 -0.700051 4
7.05903 -2.73321 4
9.65085 -1.89945 4
9.78616 -2.14819 4
9.52331 -1.84567 4
9.78533 -2.0428 4
10.3167 -0.464825 4
7.76748 -3.05656 4
8.99037 -1.40157 4
9.95052 -2.2688 4
11.6115 0.0942527 4
10.1114 -1.3596 4
8.85164 -2.40621 4
9.21825 -2.10676 4
10.6455 -0.368779 4
10.7519 -1.22541 4
9.05951 -0.649529 4
12.1325 -0.215766 4
10.3776 -0.481603 4
10.4695 -1.45483 4
8.68054 -0.775748 4
11.9489 0.422523 4
10.135 -0.440018 4
8.46898 -2.60289 4
9.42248 -1.91681 4
9.2348 -1.57292 4
10.7307 -0.848794 4
8.70374 -1.46312 4
12.5002 0.780992 4
10.3614 -1.39394 4
9.09226 -2.17337 4
11.1771 -0.0986266 4
8.50799 -1.99609 4
9.45296 -0.0882099 4
7.26977 -2.33053 4
10.316 -0.947846 4
8.59967 -0.359554 4
7.98692 -2.26724 4
8.50597 -1.08534 4
10.5301 -1.35181 4
10.7526 -0.315239 4
12.8304 0.111096 4
9.11013 -2.33792 4
11.4986 0.0803272 4
10.549 -0.507253 4
11.5085 -0.138626 4
8.19246 -0.296263 4
11.2981 -0.0587953 4
8.15438 -1.0206 4
11.0505 -0.694979 4
11.2219 -0.0919634 4
7.26191 -2.65951 4
8.323 -1.09047 4
10.7704 -1.27757 4
9.78846 -1.70424 4
8.96457 -2.01433 4
10.1999 0.379278 4
10.9049 -0.734721 4
9.2024 -1.56389 4
9.04888 -2.08138 4
9.13827 -1.72513 4
7.85398 -1.70095 4
10.2141 -0.561952 4
10.0128 -1.87105 4
8.81206 -2.77996 4
10.5869 -0.991467 4
11.6705 -0.15468 4
9.52713 -1.46193 4
8.96131 -0.660928 4
6.6543 -3.05379 4
7.48981 -1.46139 4
9.27444 -0.995211 4
10.8347 -1.39975 4
8.02347 -0.640958 4
10.0107 -0.357909 4
9.83076 -0.0767621 4
9.86722 -2.63558 4
7.96485 -1.22272 4
8.43747 -1.53301 4
8.59139 -2.53006 4
7.02062 -2.69742 4
8.84292 -2.48307 4
6.48555 -2.51351 4
12.6171 0.121932 4
10.0978 -2.52736 4
9.64244 -1.79014 4
11.9737 -0.509039 4
10.5567 -0.957413 4
10.335 -0.972289 4
7.13227 -2.50092 4
12.6932 1.2033 4
11.5236 -1.08901 4
11.6858 -0.589211 4
8.60093 -1.47224 4
10.7756 -0.776439 4
9.9207 -2.27613 4
9.5279 -1.38999 4
10.1544 -2.02366 4
12.319 0.0614564 4
10.4583 -1.48074 4
8.07007 -0.553257 4
9.31139 -2.99477 4
8.48006 -1.27027 4
10.5028 -1.50477 4
9.85798 -1.54162 4
11.7293 0.0462134 4
9.19542 -0.21689 4
12.8696 1.09797 4
11.489 -0.31596 4
8.80859 -1.46637 4
9.75187 -1.33445 4
10.105 -1.0769 4
10.7205 -1.01494 4
8.01087 -1.4923 4
9.24173 -0.0914102 4
8.63166 -3.18454 4
9.45174 -0.528442 4
12.8856 -0.499766 4
7.5086 -2.5747 4
9.39326 -1.08842 4
10.6279 -0.743302 4
7.60781 -2.28908 4
10.0285 -1.86513 4
11.7721 0.263532 4
11.7477 -1.17394 4
11.0605 -0.723892 4
8.49304 -0.959382 4
10.4934 0.18283 4
11.1757 -1.54143 4
11.1456 -0.53815 4
11.4778 0.395176 4
7.76248 -2.53343 4
9.02701 0.0604638 4
7.88215 -1.15684 4
8.10073 -3.20127 4
10.306 -1.2424 4
10.5469 -1.30784 4
8.64774 -1.61406 4
11.5234 0.846274 4
7.09938 -2.15265 4
7.11513 -1.80505 4
8.92413 -1.43357 4
9.90362 -0.165841 4
10.8547 -1.12546 4
10.2774 -0.97888 4
9.90241 -1.16887 4
10.0417 -0.253853 4
9.8062 -0.56269 4
11.9014 0.0147252 4
8.42071 -2.08098 4
9.00699 -1.39757 4
9.21113 -1.12379 4
9.63196 -0.692895 4
9.90794 -2.35251 4
7.55334 -2.59574 4
9.94791 -1.54007 4
11.4253 0.788586 4
9.34586 -1.96541 4
10.2851 -0.766366 4
8.43306 -1.51375 4
9.48437 -0.665462 4
11.0857 -2.13564 4
8.37926 -2.93175 4
11.6401 -0.434548 4
9.33036 -2.05462 4
9.27194 -1.63241 4
8.75028 -1.65334 4
10.2132 -2.21969 4
8.94372 0.0845646 4
7.39029 -2.40924 4
9.2183 -0.682373 4
9.96792 -1.64237 4
8.47033 -0.850936 4
9.69684 -1.2764 4
10.6046 -1.68931 4
9.16591 -0.75154 4
8.1284 -2.54455 4
7.23564 -0.635704 4
11.3722 -0.750199 4
8.62108 -1.14016 4
10.5933 0.659245 4
9.83443 -1.17792 4
8.346 -1.42929 4
11.0045 -0.7735 4
7.95309 -2.16665 4
10.7504 0.067437 4
8.80104 -2.27446 4
9.777 -1.302 4
11.4909 -0.258753 4
8.93172 -0.297217 4
10.6646 -1.63446 4
10.5809 -1.12495 4
8.96128 -1.51435 4
10.4327 -0.959268 4
7.74122 -0.759927 4
9.83594 -0.48302 4
8.53096 -2.89083 4
7.73194 -1.15134 4
13.0177 1.04776 4
9.25889 -1.71917 4
8.58256 -2.72979 4
8.77136 -1.27332 4
10.6722 -0.231711 4
12.8805 -0.104223 4
7.69213 -2.18914 4
11.3976 -0.803632 4
11.5858 -0.205443 4
10.5164 -1.42063 4
11.4279 -1.61564 4
8.99284 -0.53506 4
10.8643 -1.71557 4
8.54607 -2.57716 4
10.095 -2.06582 4
10.3392 -1.63558 4
8.76224 -2.39436 4
10.139 -1.61658 4
8.49502 -1.42537 4
8.49586 -1.83818 4
8.21213 -2.76822 4
11.3474 -0.903928 4
12.0041 0.243829 4
10.2138 -1.30107 4
7.28136 -3.27018 4
10.6237 -1.46303 4
10.8103 0.307832 4
8.6259 -1.48302 4
6.86736 -2.97243 4
8.54416 -1.40677 4
11.7416 0.388017 4
9.48989 -1.61903 4
7.94809 -1.91436 4
10.2476 -1.85604 4
8.31591 -1.59136 4
9.37607 -3.1542 4
10.1782 -1.42217 4
8.44706 -1.47908 4
7.76233 -1.2676 4
11.8701 0.313548 4
11.2117 -0.0125222 4
12.201 -0.854168 4
9.19462 -1.1337 4
8.50645 -2.27751 4
10.3134 -0.0168995 4
9.69541 -2.70333 4
9.99446 -1.66446 4
9.93233 -1.69489 4
8.7992 -1.19029 4
10.8152 -1.83164 4
9.3884 -1.51393 4
12.0198 0.623317 4
8.52919 -2.30746 4
9.11579 -0.523409 4
10.6614 -0.538536 4
8.86813 -0.9951 4
9.7327 -0.847217 4
10.7351 -0.589977 4
11.7651 0.0761759 4
10.4439 -2.10368 4
11.2815 -0.12809 4
11.1133 -1.05881 4
9.52995 -2.08586 4
6.63949 -3.32408 4
9.06898 -3.31868 4
8.1579 -1.80616 4
10.7902 -1.13927 4
11.0579 -0.601379 4
9.38468 -1.74286 4
12.105 0.653147 4
10.5086 -1.05683 4
8.94891 -0.0495152 4
8.14446 -2.28816 4
10.5028 -0.431896 4
9.56323 -0.532098 4
9.80347 -1.3409 4
8.81921 -1.5932 4
9.4848 -1.67669 4
9.22115 -1.24808 4
9.91089 -1.36416 4
9.41027 -0.503761 4
9.67134 -1.19641 4
8.43958 -0.612072 4
10.7048 0.534825 4
8.83404 -2.70143 4
8.53806 -1.70367 4
9.22148 -2.37978 4
7.46023 -2.0326 4
12.8448 -0.227551 4
9.11872 -1.05542 4
10.6348 -1.38127 4
10.682 -0.225111 4
9.25664 -1.01905 4
9.07173 -2.6544 4
10.8895 -0.378615 4
8.80896 -0.75901 4
7.83745 -1.93779 4
8.86348 -0.751253 4
9.64368 -2.13602 4
7.33671 -2.32659 4
9.06155 -1.40187 4
9.69978 -0.303951 4
7.73518 -2.23559 4
9.24915 -0.797031 4
8.97714 -0.0552846 4
9.50389 -0.630493 4
11.3035 -1.0541 4
10.5315 -1.29436 4
10.544 -1.95197 4
10.4404 -0.323688 4
11.3518 -1.5029 4
8.71153 -1.66805 4
8.16156 -2.44323 4
7.51771 -2.75374 4
9.94849 -0.248784 4
9.40045 0.206011 4
10.3368 -0.944208 4
12.8358 -0.365175 4
10.1026 -1.77218 4
10.4251 -1.33876 4
8.92477 -0.947177 4
11.9773 -1.44451 4
10.2648 0.133597 4
9.44956 -1.15444 4
7.79145 -1.28064 4
10.8161 -1.24942 4
10.1778 -2.15838 4
13.1288 -0.860847 4
6.80952 -3.31028 4
9.6832 -0.922448 4
9.15153 -0.735202 4
8.63134 -0.218787 4
9.77521 -0.64233 4
8.24628 -3.12757 4
11.5473 0.11673 4
9.13279 -0.321601 4
9.23856 -1.8295 4
-4.69615 7.44975 5
-5.47382 8.42201 5
-2.9465 8.64008 5
-3.44944 5.94175 5
-2.55404 3.78932 5
-4.51477 5.34946 5
-3.38161 5.65738 5
-3.65503 4.50888 5
-2.37848 6.53951 5
-3.98544 5.13325 5
-2.6511 6.51174 5
-2.4284 5.41918 5
-4.524 6.2859 5
-3.88783 8.26172 5
-4.68255 4.5028 5
-3.98309 6.61408 5
-3.75101 7.26164 5
-4.46183 7.24109 5
-3.0346 5.69624 5
-4.03816 6.64081 5
-4.14198 5.67717 5
-5.18976 6.15714 5
-4.60588 6.98686 5
-1.62432 7.47198 5
-4.60013 6.14144 5
-4.62627 6.17884 5
-4.36915 7.04872 5
-3.31171 5.82879 5
-3.75756 6.31231 5
-4.24198 10.3039 5
-4.86143 6.98131 5
-4.25809 4.15027 5
-4.46096 4.75866 5
-4.0049 5.52332 5
-5.30418 8.11736 5
-4.35584 5.17615 5
-4.9403 7.18209 5
-6.28038 6.82588 5
-4.06323 7.79022 5
-3.05655 2.72655 5
-4.07657 6.87539 5
-3.98014 7.69244 5
-3.35028 2.12444 5
-4.08007 8.00123 5
-4.27086 5.69227 5
-3.83686 6.17097 5
-4.96886 4.59886 5
-4.19398 6.46932 5
-2.82497 4.82688 5
-3.64035 4.45352 5
-3.48542 4.99992 5
-4.29432 4.42352 5
-3.43983 4.28181 5
-4.02588 7.82172 5
-5.15612 7.45784 5
-4.7825 8.31082 5
-3.79725 7.91922 5
-3.90663 3.92659 5
-4.21215 8.30597 5
-3.72639 6.10815 5
-3.87844 6.63622 5
-5.62307 7.40331 5
-3.15131 3.73741 5
-4.09785 6.9637 5
-3.79428 3.32126 5
-3.37937 5.10493 5
-5.47055 5.83584 5
-3.85928 5.53147 5
-4.19297 5.92965 5
-5.22769 7.45972 5
-4.76787 6.99878 5
-4.04405 7.37612 5
-4.08534 6.92932 5
-4.83713 6.87886 5
-4.06399 6.33508 5
-3.55955 5.21568 5
-4.34112 4.89603 5
-3.83585 9.24373 5
-3.84145 6.57972 5
-4.97199 7.58861 5
-3.7877 5.79791 5
-3.32319 5.55389 5
-2.59488 4.63685 5
-2.96377 3.87602 5
-2.06887 3.11768 5
-2.77348 5.77286 5
-3.7966 4.58903 5
-5.29244 8.30148 5
-3.78907 5.68995 5
-3.93165 9.70336 5
-6.58905 7.20939 5
-2.84444 2.50797 5
-4.13963 5.52134 5
-4.46172 5.7099 5
-4.45784 7.01337 5
8.68131 -4.83528 6
3.45452 -5.49756 6
3.40033 -5.05045 6
6.49543 -5.31051 6
2.73629 -5.17702 6
9.1958 -5.37958 6
12.7356 -5.60138 6
6.17287 -5.2579 6
5.60545 -4.65804 6
9.26497 -4.99083 6
2.95877 -4.62264 6
13.5795 -4.81808 6
6.69234 -5.35596 6
15.2111 -5.17054 6
8.08645 -5.01267 6
-1.20422 -4.87366 6
8.00436 -4.63983 6
8.081 -5.04032 6
7.25822 -4.92239 6
17.1861 -4.99273 6
14.6407 -5.56014 6
9.31268 -5.17809 6
18.8986 -4.85996 6
14.4951 -5.05339 6
3.63291 -5.18381 6
17.1352 -4.97985 6
9.47704 -4.48093 6
2.56954 -4.82062 6
17.072 -4.88748 6
-1.76143 -5.50997 6
12.201 -5.12532 6
10.5172 -5.17246 6
12.6099 -4.57467 6
14.2244 -4.71114 6
8.3798 -5.2108 6
8.53524 -5.04945 6
1.95685 -5.3443 6
11.2019 -5.05258 6
0.364942 -5.4073 6
2.84104 -4.71061 6
12.8611 -4.68019 6
11.1495 -4.95979 6
17.3541 -4.99413 6
13.7065 -5.24457 6
17.5581 -4.79852 6
8.45343 -4.555 6
6.16187 -4.88659 6
4.45391 -4.74479 6
10.3671 -5.22129 6
5.49687 -5.15883 6
5.62409 -4.89975 6
-0.77586 -4.86495 6
9.73566 -5.06555 6
12.0653 -5.00666 6
12.7316 -4.69636 6
3.91761 -4.78027 6
6.5256 -4.74946 6
4.69354 -5.04288 6
6.29973 -4.68414 6
7.38925 -4.79462 6
7.93511 -4.92376 6
11.2768 -5.14167 6
7.01238 -5.09726 6
2.75512 -4.97913 6
11.604 -5.09731 6
17.1436 -5.08432 6
5.26727 -4.94157 6
4.48052 -5.21753 6
6.01464 -4.54441 6
4.21359 -4.83779 6
5.19991 -4.90495 6
0.742951 -4.77398 6
9.9593 -4.89566 6
1.47977 -4.83276 6
7.66251 -5.16458 6
2.96003 -5.01536 6
14.9432 -4.47354 6
0.190798 -4.58979 6
10.5944 -5.07871 6
6.97364 -4.9689 6
21.4709 -4.75759 6
9.57077 -4.83847 6
15.1969 -5.16221 6
11.6107 -4.8372 6
10.8413 -5.08969 6
11.7472 -4.96503 6
8.72618 -5.24031 6
4.70626 -4.76478 6
2.31165 -5.00721 6
6.38097 -5.04684 6
-0.820303 -4.93699 6
13.1102 -4.7654 6
2.94431 -4.7178 6
3.81987 -4.93932 6
13.3416 -4.88388 6
3.09651 -5.04803 6
4.93163 -4.38875 6
9.87593 -4.80688 6
12.0211 -5.21528 6
5.33178 -5.09775 6
2.1903 -4.85206 6
10.285 -5.2852 6
15.0936 -4.6752 6
2.96018 -5.2516 6
6.58791 -5.18055 6
6.27796 -4.96139 6
1.8322 -4.95106 6
13.3978 -5.1454 6
11.1598 -4.62733 6
10.4822 -4.94253 6
9.90534 -5.07113 6
2.30241 -4.8645 6
0.999932 -4.5219 6
5.79515 -5.53278 6
-0.643175 -5.13839 6
12.5946 -4.63652 6
5.71556 -5.13436 6
10.1682 -4.62921 6
5.0915 -4.66639 6
9.27458 -5.01298 6
14.3242 -4.82006 6
12.0269 -4.89492 6
5.40842 -5.07442 6
5.83072 -5.14193 6
4.07403 -5.09463 6
12.6463 -5.02679 6
3.6843 -4.82641 6
2.57334 -4.61952 6
11.4906 -4.93937 6
16.8556 -5.34337 6
10.4692 -5.09474 6
7.16516 -5.40717 6
1.85607 -4.55633 6
7.33459 -5.28585 6
14.2151 -4.96788 6
11.084 -5.05271 6
7.23673 -4.92996 6
10.1135 -4.46695 6
6.14579 -4.56548 6
2.20321 -4.88221 6
10.4937 -5.01843 6
7.69375 -5.36727 6
13.503 -5.22352 6
8.69382 -5.04635 6
6.77042 -4.97427 6
8.99199 -5.26249 6
7.91077 -4.36342 6
7.32698 -4.73675 6
9.72766 -4.9825 6
2.49647 -5.09611 6
4.96205 -4.73656 6
1.1585 -4.8907 6
13.6754 -5.00357 6
3.72057 -4.74824 6
10.9824 -4.84526 6
15.0498 -4.76933 6
13.207 -4.9511 6
4.57862 -4.8123 6
9.21722 -4.94226 6
5.30027 -4.8827 6
8.06818 -4.71531 6
8.14042 -4.8895 6
5.31786 -4.94562 6
20.7168 -5.25848 6
18.6137 -5.17058 6
8.56787 -4.70299 6
11.6223 -5.13178 6
7.23149 -4.80431 6
1.26039 -4.77935 6
-1.42763 -4.76452 6
13.2823 -4.93932 6
10.2611 -5.22691 6
11.418 -4.74204 6
15.4884 -4.65915 6
-1.09594 -5.23949 6
8.55022 -4.95187 6
10.2782 -5.24751 6
-5.4129 -5.09907 6
10.7529 -5.09735 6
8.60991 -4.8215 6
11.8842 -5.23852 6
8.27842 -4.80801 6
6.31627 -5.0168 6
8.73446 -4.94015 6
8.53393 -5.01758 6
13.0442 -5.15877 6
0.883408 -4.75873 6
6.53871 -5.24266 6
17.3193 -4.48479 6
14.9392 -5.28652 6
11.7966 -4.87369 6
1.72029 -5.03531 6
16.005 -4.87447 6
8.58377 -4.74856 6
11.6929 -5.33558 6
0.150878 -5.29617 6
10.8797 -5.00849 6
12.1208 -4.97724 6
14.0508 -5.0592 6
-3.49555 -5.09671 6
11.9589 -4.66286 6
14.229 -4.78426 6
8.57714 -5.02349 6
7.95006 -5.15017 6
5.42112 -4.91502 6
9.89991 -4.85233 6
10.6748 -5.00623 6
3.85119 -4.80447 6
5.3722 -5.08079 6
12.7816 -4.76217 6
-0.934252 -4.60834 6
6.08639 -5.01739 6
3.69608 -4.74833 6
-1.83447 -4.97466 6
11.0603 -5.23753 6
1.32517 -5.34301 6
4.50704 -4.94586 6
-0.568396 -5.16794 6
7.15885 -4.79239 6
8.54175 -4.65722 6
12.3027 -4.78806 6
18.7453 -4.89897 6
3.28915 -4.44017 6
3.02509 -4.88708 6
12.2356 -5.09425 6
8.04487 -4.94431 6
7.49235 -4.85503 6
7.79217 -5.11345 6
-1.74009 -5.00548 6
13.1081 -4.69943 6
2.3551 -4.75696 6
-0.949795 -4.61676 6
0.954691 -5.16929 6
5.37529 -4.97919 6
-0.249864 -4.97953 6
9.32708 -4.75785 6
-0.148853 -4.92631 6
8.53272 -4.98482 6
6.34 -5.06615 6
16.6064 -4.84164 6
15.217 -4.67612 6
2.5246 -4.85688 6
14.1219 -5.01056 6
10.3553 -4.82255 6
2.03765 -4.80743 6
9.65796 -4.92851 6
7.55893 -4.77202 6
14.1171 -4.6644 6
2.01687 -4.74894 6
15.7186 -5.28429 6
14.4445 -5.46385 6
7.53617 -5.01418 6
12.195 -4.86621 6
4.2466 -5.08644 6
7.62448 -5.05903 6
8.02016 -4.77895 6
12.1448 -5.03353 6
10.3303 -5.13926 6
7.78283 -5.10866 6
4.67114 -5.23007 6
10.0642 -5.15242 6
6.29953 -4.95482 6
8.98949 -4.80667 6
7.25141 -5.12864 6
7.6075 -4.93508 6
9.51024 -4.63522 6
2.16759 -4.84805 6
8.73156 -4.88027 6
11.0509 -4.91346 6
5.8123 -4.56589 6
2.90749 -4.98194 6
19.9336 -5.0583 6
5.18128 -4.89906 6
9.29689 -4.97628 6
6.26347 -4.88419 6
1.48662 -4.97077 6
14.5185 -4.90593 6
4.21643 -4.99512 6
7.80298 -4.68016 6
19.626 -5.18751 6
6.29292 -4.81623 6
5.54914 -4.79444 6
0.337137 -4.96214 6
11.4229 -5.1707 6
3.7465 -5.00299 6
-3.04557 -4.94816 6
9.8445 -4.6989 6
7.74216 -5.31074 6
21.5339 -4.92933 6
7.35988 -4.79435 6
8.2624 -5.0428 6
8.19445 -5.29391 6
8.96582 -5.27274 6
10.3163 -5.03562 6
3.67749 -5.06332 6
1.7776 -4.89098 6
6.83812 -4.76263 6
5.56055 -4.51576 6
13.3983 -4.95373 6
4.13501 -5.42268 6
9.52346 -4.67581 6
9.2145 -4.93404 6
8.93606 -5.01374 6
7.05048 -4.67208 6
11.9379 -5.04885 6
10.7777 -4.78365 6
6.10005 -4.9247 6
8.149 -4.62816 6
7.67643 -4.69164 6
13.5846 -5.3062 6
8.91198 -4.88065 6
3.2085 -5.06624 6
4.19096 -4.37796 6
17.4144 -5.12258 6
7.82632 -4.70053 6
9.12501 -5.00486 6
-2.17213 -5.20882 6
-1.0608 -5.05374 6
11.5587 -4.98379 6
5.74037 -5.30364 6
4.42232 -5.37807 6
13.4617 -5.17449 6
6.80516 -5.01606 6
11.7809 -5.1028 6
0.118332 -4.89543 6
10.5755 -5.11728 6
12.0143 -4.69638 6
11.0231 -4.96377 6
17.8352 -4.98626 6
2.42727 -5.16377 6
11.0292 -5.28788 6
10.5302 -5.24711 6
9.10189 -5.20982 6
6.82669 -4.63774 6
2.13505 -5.22673 6
4.39802 -5.04459 6
3.05062 -4.94908 6
-1.9045 -5.00064 6
9.41488 -4.99274 6
5.8233 -5.26728 6
15.3637 -4.72875 6
18.1988 -4.73059 6
16.5691 -5.03428 6
11.9748 -4.93468 6
8.36944 -4.94303 6
5.38873 -4.93579 6
20.0822 -4.81519 6
10.0149 -5.29446 6
7.56298 -5.28082 6
0.0302272 -5.1673 6
8.2422 -5.07128 6
12.367 -5.35997 6
19.9336 -4.80816 6
12.8959 -5.04901 6
10.9845 -4.96796 6
7.36564 -5.12649 6
14.134 -4.85783 6
5.54257 -5.01454 6
5.63893 -5.00504 6
15.8901 -5.06839 6
9.62113 -5.04904 6
2.78437 -5.14745 6
3.99114 -5.17943 6
-4.06356 -5.22915 6
5.22097 -5.30035 6
6.51359 -4.81042 6
13.8105 -4.89385 6
8.33294 -4.72805 6
12.7365 -5.16712 6
6.99128 -4.79308 6
3.266 -5.19073 6
6.91634 -5.65355 6
9.78423 -5.10205 6
1.17294 -5.05335 6
19.0326 -4.7416 6
8.65684 -5.27548 6
14.9525 -4.94385 6
3.49676 -4.91306 6
11.4125 -4.80375 6
6.65045 -5.00137 6
-0.225624 -5.07378 6
7.36478 -5.01676 6
17.5764 -4.86121 6
12.4316 -4.52525 6
16.7947 -4.96721 6
-4.52404 -4.66203 6
4.93148 -5.09862 6
3.72155 -4.93532 6
13.0412 -4.3289 6
1.52242 -5.10751 6
19.8563 -4.59596 6
6.86723 -5.10446 6
16.5692 -4.47193 6
7.80036 -4.83647 6
3.21399 -5.26283 6
8.42008 -5.35768 6
4.85846 -5.16892 6
7.10875 -4.95659 6
3.40351 -4.96668 6
12.7619 -5.37 6
5.17555 -5.02589 6
9.28377 -4.59609 6
5.11785 -5.34405 6
6.44843 -4.87617 6
13.6527 -4.57307 6
0.577689 -4.96505 6
11.7091 -4.95357 6
7.37036 -4.64915 6
4.96862 -4.8811 6
9.05333 -5.22801 6
8.43921 -5.00435 6
4.54551 -4.81613 6
15.4715 -4.56503 6
2.73575 -5.03971 6
11.4407 -4.82282 6
10.9509 -5.09655 6
6.12031 -4.85554 6
3.4478 -5.21213 6
6.9709 -5.04914 6
6.13028 -5.11898 6
6.9781 -4.82609 6
9.96534 -4.55784 6
6.39522 -4.93868 6
11.8137 -5.23422 6
-2.72472 -4.66098 6
7.12785 -4.79169 6
11.6375 -5.40277 6
13.2902 -4.40359 6
10.7238 -5.33757 6
5.4003 -5.11264 6
7.95965 -4.97995 6
13.5655 -4.93932 6
5.86629 -4.9515 6
7.92789 -4.56405 6
9.17114 -5.22298 6
8.93627 -5.09236 6
4.91422 -4.90331 6
13.7181 -5.16317 6
6.33114 1.25551 7
5.83872 1.22359 7
5.66703 1.15521 7
5.37151 1.26516 7
6.03204 1.21059 7
6.5176 1.27361 7
6.27136 1.27169 7
5.79035 1.25668 7
5.8877 1.22065 7
6.75137 1.18711 7
5.2438 1.24473 7
6.23595 1.27061 7
5.68918 1.25349 7
5.98448 1.19665 7
5.34158 1.23191 7
6.39125 1.22081 7
5.52364 1.2198 7
6.3832 1.31169 7
6.21486 1.21897 7
5.98629 1.27633 7
5.44811 1.25945 7
5.86153 1.2337 7
5.55878 1.2748 7
6.27267 1.25792 7
6.27231 1.23106 7
6.17809 1.1966 7
6.09227 1.15044 7
6.23168 1.26829 7
6.15881 1.21308 7
5.35522 1.18623 7
5.0598 1.13959 7
5.46862 1.19984 7
6.13507 1.22884 7
6.01877 1.23106 7
6.48393 1.27154 7
6.16412 1.27664 7
5.59501 1.27824 7
4.99637 1.25078 7
6.40108 1.24949 7
5.55957 1.19599 7
5.94136 1.29703 7
4.64656 1.22981 7
5.83383 1.23385 7
6.00994 1.18467 7
5.93866 1.20378 7
5.19956 1.24036 7
5.84513 1.29452 7
6.22278 1.17867 7
5.70453 1.25595 7
5.19255 1.25419 7
5.39511 1.28372 7
6.67641 1.30211 7
6.00757 1.24282 7
5.70886 1.23042 7
5.66478 1.2279 7
5.87384 1.23563 7
5.80264 1.21382 7
5.93537 1.27728 7
5.8582 1.26503 7
6.06999 1.24039 7
5.58246 1.24651 7
5.66197 1.2438 7
5.90545 1.19465 7
5.36681 1.17894 7
5.25723 1.19418 7
5.38843 1.25137 7
5.8535 1.21276 7
5.45956 1.25553 7
6.03275 1.17875 7
6.04536 1.20879 7
5.65625 1.25708 7
5.50555 1.31651 7
5.9495 1.24538 7
5.41002 1.24343 7
6.02753 1.27643 7
6.71488 1.23787 7
5.44102 1.22212 7
6.12778 1.27749 7
5.83496 1.213 7
6.12813 1.23189 7
6.10531 1.20852 7
6.14095 1.22867 7
6.20132 1.21239 7
5.54411 1.32652 7
6.16043 1.24276 7
5.86007 1.26587 7
6.09447 1.25109 7
5.9955 1.21207 7
6.64433 1.24072 7
6.50012 1.32185 7
6.62027 1.21425 7
5.10506 1.23222 7
6.28817 1.23848 7
5.21848 1.24215 7
5.93442 1.19139 7
6.22863 1.29636 7
5.66292 1.32828 7
5.76425 1.2012 7
5.07652 1.25159 7
5.71394 1.20748 7
5.3228 1.21 7
5.92663 1.25163 7
6.00813 1.20587 7
5.5323 1.16802 7
6.77424 1.2699 7
5.9979 1.20224 7
6.2775 1.20969 7
5.4748 1.28142 7
5.2557 1.2786 7
4.94227 1.17874 7
5.79693 1.21656 7
6.01213 1.26 7
6.30601 1.24232 7
6.30808 1.15692 7
5.3052 1.22269 7
5.58865 1.1784 7
6.46785 1.22868 7
5.77607 1.23875 7
5.43761 1.2472 7
6.16876 1.26773 7
5.7938 1.2115 7
5.62864 1.19454 7
5.3497 1.22073 7
5.05617 1.21562 7
5.78778 1.2231 7
6.04776 1.20393 7
5.77008 1.22124 7
6.13662 1.18659 7
5.66702 1.2963 7
6.79014 1.20843 7
5.97452 1.22191 7
5.90952 1.25776 7
6.10159 1.23386 7
5.92851 1.20883 7
5.41854 1.22774 7
5.13907 1.26376 7
5.68985 1.1737 7
5.33316 1.29419 7
5.74469 1.22964 7
5.64181 1.2571 7
5.41704 1.16196 7
5.72002 1.16273 7
5.8697 1.32537 7
5.31348 1.20276 7
6.11635 1.18737 7
5.71794 1.31691 7
6.21745 1.2313 7
6.12916 1.22966 7
6.21052 1.236 7
6.21277 1.27056 7
6.69511 1.27428 7
5.69687 1.27031 7
5.60038 1.23589 7
5.54717 1.20336 7
5.49895 1.19306 7
5.17512 1.24911 7
5.58793 1.21053 7
6.23438 1.23832 7
6.19614 1.2208 7
5.24099 1.24991 7
6.89919 1.22623 7
5.9937 1.24601 7
4.92142 1.23898 7
5.4089 1.24317 7
5.79867 1.20905 7
6.23348 1.25724 7
5.22884 1.21986 7
6.15849 1.26439 7
6.12792 1.29596 7
6.18613 1.21576 7
5.35843 1.21858 7
5.92328 1.28694 7
5.66593 1.22534 7
6.08166 1.21554 7
1.06537 0.00686178 8
1.24752 1.1139 8
2.23548 -0.527183 8
1.628 0.389597 8
1.23771 0.542322 8
1.20032 -1.35189 8
1.27284 -0.0303729 8
1.60047 -1.71598 8
1.30075 -0.154979 8
1.02362 0.0992671 8
2.69296 -2.40516 8
1.0834 -0.568875 8
0.807228 1.15906 8
1.50903 0.430834 8
2.76334 -1.75069 8
1.56436 -0.710916 8
2.05176 -1.3453 8
1.9161 -1.15631 8
0.818712 0.796245 8
-0.0138572 1.48945 8
1.49492 -0.146584 8
1.32752 -0.810289 8
-0.068192 0.677402 8
1.29916 -0.688138 8
0.852717 1.12599 8
2.00904 -1.24538 8
1.18593 -0.751666 8
2.72368 -1.79482 8
2.66433 -1.23211 8
2.19951 -1.18495 8
1.23702 -0.811846 8
1.70788 -0.176861 8
1.39877 0.14327 8
2.31735 -0.899126 8
1.28105 -1.1964 8
2.08592 -1.64805 8
0.534263 -0.308152 8
0.685405 1.11017 8
0.217969 0.463337 8
0.790592 0.335735 8
2.03029 -1.67963 8
1.05666 -0.339977 8
1.81288 0.080483 8
1.22736 -0.0501904 8
0.946097 0.143304 8
0.902193 0.0305537 8
0.983474 0.382944 8
1.99876 -0.245749 8
2.04263 -0.854647 8
1.5338 -0.211296 8
1.01146 0.0432813 8
0.655332 0.572687 8
1.51624 -0.301236 8
1.44892 -1.27731 8
0.801384 -0.105296 8
1.37025 -0.0584305 8
1.96476 -1.26738 8
0.0138193 0.824496 8
0.425856 0.188388 8
1.34337 -0.641582 8
2.96321 -1.52962 8
2.77517 -1.04201 8
0.653821 0.385722 8
2.28528 -1.64606 8
1.5642 -0.367189 8
1.70015 -0.368957 8
0.136245 0.78108 8
1.41171 -0.965853 8
0.244618 0.822003 8
1.04362 -0.0410268 8
1.93381 -1.22044 8
1.62699 0.180712 8
1.24911 0.0287165 8
1.8627 0.0813386 8
2.40427 -1.60232 8
0.450461 -0.0199584 8
2.62154 -1.11927 8
-0.155591 0.815419 8
1.08989 0.183156 8
1.11726 -0.710483 8
1.15155 -0.0219813 8
-0.033842 1.10655 8
0.454246 1.13941 8
1.13894 0.378313 8
-0.173472 1.47544 8
1.60032 -0.818848 8
0.509486 1.46651 8
0.929728 0.109881 8
0.266371 0.720142 8
0.732511 0.2803 8
1.27356 0.141298 8
2.08 -1.21463 8
0.281419 0.650618 8
1.42393 -0.0367236 8
0.777345 0.239346 8
0.795046 0.445937 8
0.259186 1.06745 8
0.592474 0.996081 8
1.27996 -0.252881 8
1.00583 0.39627 8
2.19791 -0.964237 8
1.28965 -0.0560954 8
1.03781 -0.350753 8
1.10573 0.16271 8
0.28195 0.972596 8
1.43072 0.682511 8
1.83281 -0.95302 8
2.08365 -1.05121 8
1.87868 -0.266796 8
1.35287 -0.971277 8
1.91872 -1.02781 8
1.09504 0.278331 8
1.92944 -0.396073 8
2.50108 -1.08855 8
1.80322 -0.376143 8
2.70274 -1.62737 8
1.44069 -0.108687 8
1.5023 -0.162129 8
1.0263 0.754447 8
1.63138 -0.669872 8
1.16972 -0.425466 8
0.696308 0.459945 8
1.95724 -0.588787 8
1.82369 -0.773684 8
1.37211 -0.105838 8
0.989116 0.1774 8
2.3828 -1.32896 8
1.33288 0.354336 8
1.83173 -1.15661 8
0.974268 0.811795 8
1.40487 -0.985524 8
2.46854 -1.74418 8
1.41266 -0.760538 8
0.658643 0.0433238 8
1.69643 -0.526556 8
2.24907 -0.908436 8
0.795424 0.555777 8
1.61888 -0.36079 8
1.41924 -1.43871 8
2.11158 -1.49643 8
-0.413531 1.38713 8
0.895927 0.0585753 8
1.69102 -0.70195 8
1.46268 -0.0681389 8
0.520404 0.675506 8
2.20708 -0.735733 8
0.276659 0.862648 8
1.68303 -0.369011 8
0.207079 0.454858 8
1.44843 -0.482668 8
2.26292 0.133478 8
1.10167 0.26737 8
1.08163 0.199201 8
-0.66994 1.85876 8
1.1531 -0.110571 8
0.716985 -0.0301508 8
3.36237 -2.66993 8
0.751699 0.275856 8
1.0785 0.500562 8
1.02352 -0.172187 8
1.0505 0.298219 8
1.22835 0.19287 8
2.27246 -1.37147 8
1.68316 -0.843409 8
0.394743 1.00311 8
0.869479 0.681735 8
0.0106612 0.352401 8
1.6981 -0.751833 8
0.803698 -0.607896 8
2.375 -0.64156 8
0.605555 0.355592 8
0.635604 0.197958 8
1.79917 -0.982435 8
1.27089 -0.0103827 8
0.796738 1.24961 8
1.65352 -0.508004 8
1.60934 -1.22801 8
0.507423 0.146771 8
1.43396 -0.691947 8
2.91775 -2.0001 8
1.81719 -0.114104 8
1.68341 -0.0519436 8
0.277101 1.08103 8
0.611627 -0.0599308 8
2.02758 0.0268921 8
0.287985 0.7922 8
0.814334 0.0469526 8
1.93384 -1.2104 8
0.214085 0.624505 8
1.44052 -0.77905 8
1.43843 -0.454355 8
0.962302 0.65232 8
2.01098 -0.487632 8
0.664837 0.770884 8
2.33156 0.291247 8
0.870584 -0.278271 8
1.46855 -0.00942959 8
1.16059 -0.319216 8
2.47416 -1.12884 8
1.40645 0.0426779 8
1.34297 -0.437964 8
1.01893 0.527144 8
0.900283 0.347886 8
1.38673 -0.41777 8
0.174964 1.30695 8
0.947692 -0.335585 8
2.26538 -1.25173 8
1.51679 -0.457958 8
0.867707 0.293945 8
0.289728 1.3573 8
1.25466 0.893113 8
0.580293 1.06924 8
0.396599 0.837978 8
1.19135 -0.41923 8
0.888011 0.932616 8
1.99887 -0.216197 8
1.74004 -0.568871 8
-0.356625 1.83852 8
2.08289 -1.41239 8
2.10117 -1.57076 8
1.35397 -0.376859 8
0.73312 0.456067 8
1.25437 0.464184 8
0.701268 -0.299309 8
1.89503 -1.19166 8
1.60559 -0.341214 8
1.58658 0.16408 8
1.02935 -0.143564 8
1.22789 0.636036 8
1.84944 -0.306938 8
2.07073 -0.349386 8
0.804916 -0.137195 8
2.21023 -0.971179 8
1.5061 -0.548121 8
1.22343 -0.0325893 8
1.61268 -0.0522203 8
2.50461 -1.40875 8
1.52261 -0.389408 8
0.242976 0.533334 8
1.97916 -1.04795 8
1.09814 -0.120759 8
1.89309 -0.825965 8
2.57648 -1.43981 8
0.268556 1.1722 8
1.70529 -0.0991868 8
0.885245 0.172381 8
0.658626 1.03264 8
0.523713 0.636519 8
1.6361 -0.489568 8
0.573087 1.95091 8
1.07303 0.137067 8
1.28524 0.284696 8
2.17023 -2.08775 8
0.573677 -0.0363791 8
0.121253 1.02238 8
1.5117 -0.777961 8
-0.239033 2.40055 8
0.31035 0.206091 8
-0.271046 1.74672 8
1.09826 0.50537 8
0.995287 -0.639375 8
1.27287 -0.0797401 8
0.917072 0.110249 8
0.716224 0.427749 8
2.44438 -1.10359 8
2.38997 -1.7558 8
0.579712 1.37085 8
0.856974 0.279078 8
1.29404 -0.268576 8
1.2227 1.22451 8
0.648344 0.557292 8
-0.56983 1.32337 8
0.059199 0.525187 8
1.50568 -0.756961 8
1.21643 0.637066 8
-0.335779 1.12083 8
1.6711 -0.878976 8
2.72523 -1.92274 8
1.76949 -1.09021 8
1.55114 -0.514959 8
1.26243 -0.295638 8
1.0247 0.447781 8
1.52183 -0.668525 8
2.28176 -0.703207 8
1.82263 -0.58548 8
1.38874 -0.15319 8
1.70398 -0.854239 8
1.7618 -1.17952 8
1.04087 0.537407 8
1.48767 -1.42525 8
1.49712 0.0585071 8
1.2275 0.185366 8
2.07115 -1.04676 8
1.69747 -0.0614068 8
0.876001 1.0842 8
0.109412 0.866268 8
2.67886 -1.42689 8
1.0998 -0.659375 8
0.991001 -0.407838 8
2.85506 -2.14735 8
0.260708 0.47093 8
1.92476 -0.923644 8
1.92703 -0.99207 8
2.29339 -0.816432 8
0.430201 -0.107737 8
0.944833 -0.310945 8
0.926617 0.00696053 8
0.138736 0.198026 8
-0.221961 0.813125 8
-0.833453 2.22983 8
0.323551 0.703707 8
0.428376 0.739214 8
2.33967 -0.929314 8
1.42802 -0.945296 8
0.727709 0.829121 8
1.37033 -0.175803 8
1.5877 -0.80206 8
0.878914 -0.070493 8
1.40401 -0.305578 8
0.316463 0.494751 8
0.777465 0.565656 8
0.996951 1.14536 8
0.639426 0.411582 8
1.86087 -1.2056 8
-0.348462 0.556241 8
1.65511 -1.41145 8
1.1479 -0.471596 8
2.40568 -1.41601 8
0.774452 0.224825 8
1.86806 -1.89585 8
1.70117 -0.78522 8
2.13813 -1.19403 8
1.53642 -0.939241 8
0.720395 0.771877 8
0.951153 0.292964 8
2.22934 -1.55727 8
1.90746 -0.825206 8
0.951857 -0.670309 8
1.91901 -0.28414 8
0.285349 0.534671 8
1.13168 0.257526 8
0.80375 -0.870889 8
2.21886 -0.968589 8
0.130153 0.946938 8
2.01959 -0.792202 8
0.89934 0.505886 8
2.83172 -1.33559 8
1.82608 -0.547661 8
1.33948 -0.163974 8
2.05962 -1.74837 8
0.762629 -0.174244 8
0.133762 0.981238 8
1.27908 0.429048 8
1.557 -0.204569 8
1.59364 -0.667855 8
1.07768 -0.533731 8
0.0148726 0.896844 8
1.72274 -0.816294 8
0.498704 0.183377 8
1.54069 -0.512996 8
2.65861 -1.55538 8
1.34979 -0.456013 8
0.596596 0.952362 8
0.554326 -0.396881 8
2.36011 -0.857757 8
3.21449 -0.942471 8
1.57164 -1.00554 8
0.262486 1.79127 8
1.99423 -0.878458 8
1.78265 -0.685294 8
1.03745 -0.0217222 8
1.7085 -0.558436 8
2.09129 -0.769013 8
0.987595 -0.31465 8
0.823511 0.336789 8
0.527271 0.420509 8
1.74708 -0.842222 8
1.53598 0.0929729 8
0.917636 0.0861437 8
1.62387 -0.314762 8
0.765668 0.766007 8
0.260108 0.924132 8
1.34349 -0.614012 8
-0.275618 1.41916 8
0.930675 0.213961 8
0.895954 0.498396 8
1.28498 -0.115774 8
1.42731 -0.540602 8
1.40545 -0.195901 8
1.36522 -0.636259 8
2.14879 -1.4927 8
0.368936 0.909358 8
0.796324 0.747277 8
-0.191509 1.50669 8
2.27006 -0.939512 8
0.414632 -0.0604721 8
0.570596 0.784322 8
0.901664 -0.698107 8
1.67809 -0.874287 8
1.54247 0.193147 8
0.959702 0.526349 8
0.229376 1.40998 8
0.998202 -0.117488 8
0.382271 0.332404 8
0.768958 0.18846 8
0.614986 0.859286 8
1.44325 -0.0446792 8
1.72939 -0.577771 8
0.758249 0.794858 8
0.127856 0.959934 8
2.55577 -1.68576 8
1.05275 0.531237 8
2.12826 -0.385302 8
1.15123 -0.342359 8
1.03523 0.0440943 8
0.619538 0.718827 8
1.05842 0.103679 8
1.78044 -0.745106 8
-0.264756 1.05945 8
0.0443546 1.02601 8
1.79649 -1.0943 8
0.71073 0.643185 8
0.938928 0.248973 8
0.890172 -0.125649 8
2.31941 -1.74192 8
2.57327 -2.32192 8
1.33467 -0.831335 8
0.544785 0.834431 8
1.73832 -0.93992 8
1.95353 -1.02657 8
2.26373 -1.74759 8
0.453246 0.406523 8
0.920068 0.893991 8
0.915289 0.597126 8
1.12353 -0.189212 8
1.20585 -0.74848 8
2.01864 -0.638171 8
1.68784 -0.35759 8
0.640683 0.805693 8
-0.388966 1.16644 8
0.535194 0.916352 8
2.46844 -1.75063 8
0.442329 0.528924 8
1.09228 -0.509987 8
2.02574 -0.745539 8
1.85269 -0.35015 8
1.76394 -0.212875 8
2.19719 -1.5228 8
1.6757 -1.01909 8
2.15125 -1.15907 8
2.18551 -1.37159 8
2.58172 -1.88581 8
1.32139 0.306223 8
0.766993 0.0418305 8
1.04972 0.664635 8
0.943601 -0.939777 8
1.12214 0.219387 8
1.8919 -1.2019 8
1.27621 -0.781695 8
1.75649 -0.86344 8
0.80644 1.01189 8
0.23792 0.614176 8
1.36785 -1.00401 8
0.705497 1.16296 8
2.0079 -1.39969 8
-0.219591 1.4017 8
1.31655 -0.715938 8
0.499787 0.622807 8
1.08483 -0.54513 8
1.27935 -1.17746 8
2.04219 -0.830449 8
1.83995 -1.02416 8
2.31083 -1.08678 8
0.836489 0.72086 8
1.85391 -0.794774 8
2.31459 -1.37785 8
0.730026 1.31483 8
1.29666 0.228762 8
0.715235 -0.577405 8
2.92095 -1.72564 8
1.16963 0.035806 8
1.4787 -0.871153 8
1.75165 -0.685585 8
1.06878 -0.21376 8
1.80012 -0.876919 8
1.14444 0.21245 8
-4.35232 10.3119 9
-4.22345 10.4622 9
-1.70372 10.712 9
-4.12871 10.3848 9
-4.05773 10.4222 9
-2.34962 9.93578 9
-3.05497 10.3191 9
-2.90291 10.5009 9
-5.06012 10.2655 9
-3.87456 9.73569 9
-5.13366 10.0337 9
-6.15032 9.95158 9
-3.51403 10.2727 9
-3.70215 10.4693 9
-0.974796 10.5449 9
-3.49329 9.91811 9
-1.82582 9.80759 9
-1.57986 9.80396 9
-4.7985 9.50712 9
-4.91251 9.85862 9
-5.58614 10.5353 9
-3.48975 9.81855 9
-4.94309 9.25393 9
-4.35904 10.4532 9
-0.962118 9.57549 9
-2.84597 9.57539 9
-3.73265 9.82816 9
-2.28054 10.0138 9
-2.49953 10.942 9
-5.69573 9.93901 9
-4.13196 9.43805 9
-2.19321 10.8939 9
-4.41593 9.57968 9
0.563289 10.7031 9
-1.65053 9.70959 9
-3.89624 10.6672 9
-4.51698 9.66178 9
-3.87485 9.65573 9
-5.54317 9.86157 9
-4.01486 9.77554 9
-2.12953 9.63682 9
-2.05027 9.8346 9
-2.22228 10.1114 9
-4.14895 10.5652 9
-5.76598 9.44054 9
-1.49459 9.33753 9
-3.76742 10.1338 9
-2.18304 9.88522 9
-4.05075 9.41797 9
-4.30867 10.2391 9
-5.83415 10.3686 9
-2.26659 9.92994 9
-6.91409 10.5659 9
-1.55021 10.452 9
-3.85918 10.2212 9
-3.02968 10.1746 9
-2.93345 10.4303 9
-3.81734 10.3858 9
-2.10957 9.49459 9
-3.2429 10.6235 9
-2.33399 10.6858 9
-5.19841 9.96371 9
-7.06724 10.3522 9
-3.9648 9.86616 9
-4.73246 10.4994 9
-2.34813 10.0185 9
-1.27155 9.6966 9
-5.4863 9.56326 9
-1.88107 10.6338 9
-2.39918 10.1645 9
-0.0656536 10.0091 9
-2.27883 10.5482 9
-4.21946 9.86457 9
-4.48776 10.6457 9
-3.13462 10.2055 9
-5.11217 9.92211 9
-3.05527 10.4775 9
-4.57407 10.1057 9
-6.25957 10.2528 9
-1.40485 10.745 9
-3.84247 9.56096 9
-3.88556 10.1802 9
-4.98309 10.2949 9
-2.24046 9.87385 9
-2.62808 9.97684 9
-6.06125 10.4925 9
-6.37062 10.0858 9
-1.76744 10.1069 9
-5.10415 10.7987 9
-7.72893 9.57879 9
-3.79582 9.72983 9
-4.44683 9.95659 9
-2.51833 9.93958 9
-3.02342 10.1493 9
-3.73905 10.3854 9
-4.67747 10.1723 9
-2.19588 9.76998 9
-3.64401 10.2416 9
-2.556 9.84819 9
-4.33967 9.04808 9
-2.48196 10.285 9
-3.82833 10.0724 9
-1.79917 9.1705 9
-3.21757 10.2704 9
-4.10856 10.5505 9
-4.45874 9.7972 9
-0.561326 10.4744 9
-5.62974 10.0432 9
-3.85312 9.62838 9
-5.20587 9.59933 9
-4.57144 9.91419 9
-0.875329 10.9207 9
-5.49975 9.91941 9
-1.62547 9.37362 9
-3.51499 10.823 9
-3.83062 11.2995 9
-5.18513 9.6907 9
-4.78271 9.99997 9
-3.43327 9.68374 9
-3.87665 10.2378 9
-6.49539 10.3323 9
-6.29191 10.2628 9
-4.81995 9.2785 9
-5.15885 9.29366 9
-4.73939 10.783 9
-3.54925 10.1798 9
-7.41986 9.19588 9
-3.781 10.2691 9
-3.29275 10.2132 9
-5.26434 9.47167 9
-5.19696 9.90526 9
-3.17107 10.1872 9
-3.77283 10.0055 9
-1.16391 9.18398 9
-2.51012 9.74346 9
-3.89609 9.72723 9
-4.43343 10.345 9
-3.31592 10.292 9
-5.5027 10.5916 9
-4.96223 9.85273 9
-1.06359 9.84184 9
-2.72162 9.68333 9
-7.83951 9.47555 9
-2.79236 10.4477 9
-6.004 10.3309 9
-3.77657 9.99905 9
-0.747956 9.90705 9
-1.872 10.8878 9
-3.78148 9.80616 9
-3.57161 10.862 9
-2.63203 10.3088 9
-3.58878 9.81344 9
-5.70987 10.3617 9
-5.16582 9.70797 9
-3.40601 9.71038 9
-4.4545 10.4357 9
-5.84985 10.078 9
-3.60973 10.044 9
-0.814601 9.87144 9
-2.67799 10.0013 9
-3.72634 10.316 9
-0.12638 9.67457 9
0.251368 10.0252 9
-3.25601 10.0378 9
-6.05736 10.3842 9
-3.0077 9.66929 9
-1.92534 9.80007 9
-2.19941 10.4276 9
-4.30587 10.0191 9
-5.47224 9.84343 9
-6.78917 9.61188 9
-3.88714 10.0165 9
-4.54116 9.06284 9
-3.40647 9.48651 9
-5.3774 9.89669 9
-4.0104 9.99626 9
-2.96766 10.6055 9
-3.54047 9.72605 9
-2.83611 10.2214 9
-2.7082 10.6397 9
-2.23285 10.0423 9
-0.959586 9.10392 9
-2.07145 10.0831 9
-4.52238 10.1564 9
-3.9557 10.6929 9
-5.58845 9.81452 9
-3.04807 10.033 9
-2.86182 10.1073 9
-4.73753 9.87891 9
-4.2599 10.7145 9
-3.15452 9.85263 9
-2.10463 9.85504 9
-1.70077 10.1762 9
-1.85604 9.19448 9
-2.51293 10.2101 9
-4.55152 9.9732 9
-2.55319 9.86631 9
-2.28875 9.96305 9
-0.420768 9.93415 9
-6.26621 9.97128 9
-3.69139 10.0101 9
-4.3805 9.3982 9
-5.4042 9.39974 9
-3.25866 10.572 9
-2.77008 10.3463 9
-4.11528 9.56734 9
-6.20178 10.0799 9
-2.52439 10.2917 9
-4.64019 9.91026 9
-3.37693 9.86556 9
-5.02339 9.76963 9
-4.34456 8.95508 9
-2.85632 11.0384 9
-7.21732 10.1816 9
-3.56147 9.6917 9
-4.96099 10.0357 9
-3.85118 9.44971 9
-5.89981 10.0271 9
-5.35062 10.1359 9
-2.48565 9.9386 9
-2.61682 10.2911 9
-3.47946 10.2335 9
-4.3989 9.74829 9
-5.32689 9.56518 9
-8.49555 9.98038 9
-3.85784 10.3084 9
-5.86276 10.9341 9
-5.4567 9.71333 9
-5.63828 9.85352 9
-3.44576 10.3902 9
-5.43229 9.78135 9
-4.78437 10.1011 9
-4.78989 10.4296 9
-1.87829 9.68904 9
-5.28544 9.938 9
-4.97162 9.62554 9
-4.3532 10.0555 9
-3.31219 9.64394 9
-3.02237 10.3502 9
-3.33245 10.243 9
-4.30933 9.89238 9
-6.97144 9.88266 9
-3.28462 10.2205 9
-3.42675 9.54959 9
-3.3804 9.48947 9
-4.9273 9.95731 9
-2.97387 9.77791 9
-4.16455 9.40972 9
-4.88408 9.804 9
-4.86743 9.97718 9
-1.28308 9.98019 9
-3.4913 9.86427 9
-2.44147 10.24 9
-6.43906 9.16887 9
-3.59326 10.3663 9
-3.76894 9.52598 9
-0.952109 10.6852 9
-3.44148 10.2015 9
-4.83997 10.1444 9
-2.369 9.74394 9
-1.27916 10.5477 9
-3.55627 10.4145 9
-6.42758 10.2125 9
-4.59166 9.54696 9
-2.0364 10.4516 9
-4.20078 9.87741 9
-2.06664 9.37023 9
-5.50807 9.3334 9
-2.89895 10.0337 9
-2.80332 10.4134 9
-4.03723 9.81343 9
-2.69534 9.68 9
