12.7579 -4.81962 0
-0.298175 -5.03868 0
9.15558 -3.81778 0
4.29823 -6.25105 0
8.8332 -3.48504 0
5.8989 -5.55383 0
11.2641 -3.95846 0
4.61913 -4.80719 0
5.23301 -4.25734 0
7.04837 -5.19369 0
3.62459 -4.29946 0
3.82393 -3.63396 0
11.0959 -3.43385 0
7.06181 -5.16736 0
0.500959 -4.27832 0
8.70371 -4.71354 0
0.292965 -5.55706 0
5.13849 -4.59422 0
7.56334 -4.66206 0
7.3984 -5.80843 0
13.7467 -4.71382 0
8.65004 -4.18532 0
1.65987 -2.96521 0
10.3588 -5.03735 0
4.36118 -5.02062 0
-2.65724 -5.14208 0
9.78244 -4.79202 0
8.10051 -4.55347 0
10.7053 -4.54493 0
2.71656 -4.77012 0
3.25966 -4.36351 0
12.1904 -5.77268 0
5.85429 -3.91657 0
12.8887 -5.25586 0
0.783874 -5.26989 0
8.06641 -4.95763 0
6.3773 -5.40432 0
4.35216 -4.77121 0
3.39429 -5.06817 0
8.21977 -4.59646 0
11.2771 -4.0632 0
11.0408 -4.63384 0
0.394506 -5.47978 0
-0.381186 -4.56602 0
8.99963 -5.71219 0
8.3498 -3.51076 0
2.70935 -4.40867 0
7.65116 -5.80723 0
4.85798 -4.39446 0
4.55812 -4.4282 0
6.01481 -5.60879 0
10.474 -4.51935 0
16.5167 -3.77759 0
4.82159 -3.79376 0
6.29142 -4.43898 0
12.0204 -4.45546 0
9.57855 -3.11231 0
8.47672 -4.61511 0
7.26344 -4.28243 0
2.61233 -4.82335 0
3.50581 -5.64617 0
15.7095 -4.57757 0
0.484171 -4.24278 0
1.81195 -3.24637 0
6.15198 -4.54902 0
6.47842 -3.97579 0
2.3432 -4.91239 0
9.68988 -5.84056 0
4.82562 -3.67881 0
8.18313 -4.99278 0
6.74395 -4.88727 0
8.65619 -4.58078 0
8.15262 -5.17734 0
-0.909317 -5.21683 0
2.64465 -5.72008 0
3.50086 -4.82125 0
11.6639 -5.3475 0
7.9013 -4.71487 0
7.06221 -5.3947 0
1.28125 -4.57148 0
-1.01258 -3.74766 0
6.18147 -4.70935 0
5.72479 -5.63502 0
5.16771 -5.61273 0
5.93168 -5.69536 0
3.32027 -4.46971 0
7.87251 -4.91394 0
6.93748 -4.32912 0
2.97841 -4.60637 0
-0.578493 -4.75935 0
3.28592 -5.01319 0
3.92878 -4.18128 0
-2.94964 -5.72283 0
5.92528 -4.14149 0
8.89477 -4.21485 0
6.68299 -4.81495 0
4.63169 -4.50209 0
6.82632 -4.72487 0
7.88631 -3.57589 0
12.6466 -5.99374 0
4.62026 -5.49144 0
4.25859 -5.35721 0
8.5688 -5.33387 0
14.5383 -4.87063 0
5.06434 -4.78602 0
11.216 -4.64579 0
5.89046 -3.84101 0
11.7598 -4.3023 0
6.77606 -3.44861 0
4.79049 -5.78008 0
19.0021 -3.95739 0
6.03369 -3.47369 0
7.18738 -6.09215 0
4.25426 -3.42205 0
10.7407 -3.87589 0
4.22051 -3.60521 0
-0.860637 -4.33437 0
8.54061 -5.00573 0
10.413 -4.69042 0
12.4044 -4.30919 0
3.32487 -4.93624 0
7.70124 -5.12613 0
8.23871 -6.38409 0
16.9924 -3.67613 0
-2.64598 -3.3618 0
7.38762 -4.85048 0
11.2423 -4.39583 0
7.78958 -3.89851 0
5.50084 -4.98823 0
6.61697 -4.58432 0
13.4411 -5.5419 0
3.67669 -4.76117 0
-3.69919 -5.96029 0
10.1208 -4.99947 0
-1.51955 -5.01434 0
3.59155 -4.49785 0
7.60616 -5.16204 0
-1.7572 -5.64921 0
13.0763 -4.60136 0
2.60116 -4.49098 0
8.414 -4.49951 0
2.65065 -4.91626 0
3.94333 -4.08446 0
12.0784 -5.21004 0
2.21335 -5.72539 0
2.0283 -4.34337 0
5.89514 -4.19631 0
6.42301 -3.52003 0
5.52008 -4.91537 0
3.85281 -4.69036 0
-0.223367 -5.01741 0
7.53974 -4.6942 0
6.70919 -3.27895 0
6.72594 -5.12414 0
9.48674 -3.87154 0
-0.0817163 -4.33071 0
3.78175 -5.58792 0
8.20019 -5.79719 0
5.43448 -4.53488 0
5.95742 -4.2376 0
7.07959 -4.87095 0
5.64506 -4.25737 0
4.46163 -5.93224 0
3.94876 -5.18074 0
-0.979877 -5.32212 0
10.1957 -3.08891 0
9.49445 -4.55512 0
3.93916 -4.47223 0
5.1074 -4.81468 0
6.10438 -5.35299 0
11.6543 -3.97866 0
6.62851 -5.81399 0
12.3615 -3.58723 0
4.7152 -4.83805 0
7.53289 -4.79007 0
11.4297 -4.37435 0
8.80235 -2.7417 0
4.22953 -5.52493 0
9.61809 -5.29786 0
3.14136 -4.73096 0
6.98052 -5.46384 0
11.7912 -3.9809 0
6.8816 -5.66445 0
8.20768 -4.97713 0
6.11283 -4.71349 0
4.67404 -4.79357 0
3.75749 -5.51474 0
7.90619 -4.26553 0
1.09631 -4.52544 0
18.1188 -4.36109 0
12.3569 -5.36614 0
5.63897 -4.77288 0
5.95804 -4.0356 0
6.50278 -4.36085 0
-3.13319 -6.43473 0
4.42507 -6.19616 0
7.96096 -3.97222 0
4.70221 -4.79485 0
11.6414 -4.89723 0
7.60976 -5.73016 0
1.62068 -4.9092 0
6.92271 -5.07952 0
6.86297 -4.51664 0
6.30601 -3.72395 0
3.49566 -5.53825 0
0.483864 -5.4905 0
4.59009 -3.68419 0
5.39856 -6.05815 0
9.00903 -4.40806 0
13.1 -5.16811 0
0.515836 -6.02574 0
5.07075 -4.38359 0
6.08599 -3.56707 0
-1.06323 -3.82742 0
7.0283 -5.94716 0
5.87382 -4.68704 0
4.48213 -3.57053 0
3.49285 -4.93947 0
8.90128 -4.85263 0
5.76681 -5.73302 0
2.35288 -3.9496 0
4.22034 -4.27216 0
11.2425 -4.67764 0
12.7302 -4.85465 0
1.4761 -5.74773 0
-0.537414 -4.07185 0
6.08711 -5.35185 0
1.93307 -4.03294 0
5.65044 -3.92387 0
5.34254 -3.72937 0
6.39865 -4.22341 0
11.5893 -4.1829 0
3.20896 -4.05836 0
14.2891 -5.07913 0
2.24583 -4.2344 0
3.22309 -4.99065 0
8.48169 -4.14738 0
7.56835 -5.46539 0
8.66944 -4.94031 0
1.42112 -4.68305 0
8.06565 -4.05076 0
6.38382 -2.8498 0
4.88892 -5.24493 0
3.26438 -4.47206 0
6.41243 -4.16676 0
4.82377 -3.5431 0
14.7365 -5.33242 0
14.0629 -5.09583 0
9.19715 -4.84719 0
1.63203 -4.97179 0
4.72589 -5.18237 0
9.25239 -4.19344 0
8.05113 -2.61377 0
7.28565 -3.84095 0
11.1853 -5.1633 0
6.4443 -6.05604 0
11.8887 -5.32654 0
-4.5978 -4.65519 0
0.0897939 -3.93313 0
3.76251 -4.30513 0
4.01181 -4.33736 0
1.27772 -4.1667 0
6.60934 -4.43798 0
4.71275 -5.91279 0
8.31671 -4.31369 0
10.0476 -5.20067 0
11.4392 -4.88809 0
3.37078 -3.66198 0
10.7 -4.38336 0
1.53014 -4.67532 0
-0.20802 -4.72174 0
14.4879 -3.49107 0
6.29137 -4.47774 0
1.86617 -5.32916 0
0.997929 -6.23818 0
8.09153 -3.99091 0
6.40164 -4.08847 0
0.885611 -6.43373 0
-3.79277 -5.86611 0
7.42337 -3.3293 0
6.43107 -3.80798 0
15.3001 -4.34488 0
2.39329 -3.38513 0
4.45106 -5.36426 0
9.86645 -5.00205 0
4.67442 -5.36758 0
4.30985 -4.27406 0
8.5349 -4.7638 0
6.12705 -4.57572 0
5.56176 -4.45471 0
-0.267038 -5.44416 0
-4.6524 -4.86606 0
-1.96155 -5.4996 0
-0.42376 -4.98073 0
10.4054 -5.92303 0
7.7103 -4.11597 0
1.45642 -4.04927 0
6.60538 -5.35984 0
12.8947 -4.59555 0
10.9462 -3.24338 0
-0.119627 -4.14104 0
5.7062 -2.39967 0
6.60837 -4.99834 0
9.50227 -5.07428 0
8.87113 -4.66669 0
7.97792 -4.46857 0
9.00793 -5.40855 0
6.65579 -3.91839 0
11.1734 -4.64667 0
4.28821 -5.33407 0
5.14196 -4.48671 0
13.4765 -3.64856 0
8.34734 -5.02818 0
2.61372 -5.37989 0
9.24884 -5.21329 0
8.05237 -5.0666 0
5.43587 -4.6838 0
3.52881 -4.4842 0
10.1029 -5.01567 0
13.7832 -5.93436 0
6.01983 -5.17572 0
8.68997 -5.75077 0
-0.700752 -6.36805 0
8.92497 -4.53987 0
4.62368 -4.57595 0
12.0638 -4.40946 0
9.39934 -4.89209 0
1.78183 -5.38703 0
-0.984246 -3.89449 0
18.4833 -5.1676 0
14.8681 -3.56543 0
4.94183 -3.75952 0
4.03145 -5.59861 0
4.18922 -5.6404 0
7.04333 -4.11083 0
4.23137 -4.64402 0
6.70163 -4.84058 0
-1.10874 -4.77624 0
6.37229 -5.54163 0
8.44217 -5.15855 0
6.25406 -4.8515 0
3.558 -4.77307 0
6.74123 -3.44574 0
12.5633 -4.80432 0
4.29949 -4.97648 0
9.54321 -3.9828 0
2.72882 -5.15358 0
5.26684 -3.95095 0
7.37079 -6.21976 0
8.86454 -4.28424 0
-0.993776 -5.41357 0
10.0022 -4.13484 0
14.7778 -5.17014 0
14.6101 -4.07814 0
4.78139 -5.63462 0
9.90149 -4.93949 0
11.2878 -3.83605 0
-3.70062 -7.0515 0
0.907791 -3.69491 0
5.71449 -4.75122 0
10.877 -5.46912 0
1.40172 -4.74609 0
8.87584 -6.7187 0
7.85252 -5.27132 0
3.43973 -3.87377 0
9.95764 -4.87681 0
5.97834 -3.63211 0
5.80249 -4.33924 0
3.21341 -3.94355 0
0.324779 -4.93557 0
1.39502 -5.87407 0
7.99662 -4.13506 0
3.83072 -3.75089 0
11.2428 -3.97039 0
6.78951 -3.53212 0
4.03855 -3.72111 0
6.14584 -3.96785 0
4.04369 -4.34416 0
5.1737 -3.86682 0
-3.69374 -4.41222 0
8.4245 -4.15387 0
12.2137 -4.39068 0
8.05325 -5.57145 0
4.76627 -5.34096 0
2.11084 -4.24678 0
8.13187 -3.47194 0
13.7009 -4.8017 0
6.17015 -4.24107 0
10.1579 -4.21736 0
2.14288 -4.29886 0
0.867036 -5.52633 0
0.0867032 -4.37404 0
16.2695 -5.28455 0
10.8157 -4.7015 0
9.46098 -5.16123 0
4.71417 -4.11085 0
5.13034 -5.31349 0
9.12761 -4.37817 0
5.04286 -6.07329 0
5.7634 -6.15144 0
9.54283 -4.5463 0
10.6275 -5.32203 0
6.2698 -5.10673 0
5.6258 -2.8684 0
13.0957 -4.79949 0
10.2737 -6.03628 0
9.73773 -6.33798 0
6.95292 -5.0279 0
12.5216 -3.45316 0
14.6469 -4.2832 0
5.8642 -3.79018 0
5.28851 -3.29226 0
1.0372 -5.15712 0
14.2305 -5.73543 0
2.5465 -5.50352 0
6.9342 -4.52338 0
8.9604 -4.6243 0
2.50161 -5.07817 0
7.13513 -5.21879 0
11.1985 -4.83871 0
6.7302 -4.54711 0
5.77673 -3.86697 0
2.48447 -6.59342 0
-0.129902 -3.62023 0
9.44337 -4.93275 0
-5.4755 0.177667 1
-5.91553 1.39251 1
-5.21377 -0.334028 1
-4.59334 0.012636 1
-2.80997 -1.60485 1
-1.37165 -0.863683 1
-7.8254 0.659302 1
-2.12159 -1.08619 1
-4.33942 0.118081 1
-6.35669 -1.47607 1
-2.48953 -0.606043 1
0.627509 0.296149 1
-2.4475 -1.08237 1
-4.40884 -1.52519 1
-3.68024 0.653753 1
-3.34292 1.1092 1
-4.5801 -0.52631 1
-3.82203 -2.02313 1
-1.58268 -1.18501 1
-7.08594 0.548293 1
-5.09386 -1.99369 1
-3.03554 -0.583503 1
-7.96592 -1.44523 1
0.0273814 -1.41537 1
-4.77786 -0.654835 1
-4.70167 1.52402 1
-8.20219 -0.848424 1
-7.13483 -0.746927 1
-2.07471 -0.269842 1
-1.73526 -0.788288 1
-1.70826 0.381915 1
-3.6776 -1.19453 1
1.59657 -1.5931 1
-3.19942 -1.29015 1
-4.69682 -0.12412 1
-3.71416 -0.772201 1
-7.19848 0.91917 1
-1.68529 -1.72761 1
-4.01092 -1.1758 1
-5.25183 -0.90254 1
-0.84588 1.05914 1
-4.47398 -1.44046 1
-3.47896 -0.267927 1
-6.37334 -1.05203 1
-1.3779 -0.00294188 1
-2.57903 -0.392213 1
0.0919033 -2.36618 1
-4.60987 -1.24842 1
-6.56667 0.0575066 1
-9.05064 -0.956586 1
-8.8663 -1.33999 1
-2.1009 -1.16143 1
0.303416 -1.03734 1
-3.18568 -0.719053 1
-3.80603 -0.176351 1
-5.01092 -0.0846231 1
-4.11295 0.214483 1
-6.09534 0.492333 1
-2.75295 -1.77053 1
-3.10758 -1.68535 1
-7.30392 -1.22693 1
-8.15543 -0.183184 1
0.613691 0.228815 1
-2.80541 -0.0664991 1
-2.06174 0.563608 1
-5.03851 -0.0573031 1
-4.03963 -0.397539 1
-6.19901 -0.412039 1
-7.75919 -0.734658 1
-1.12318 -0.73367 1
-5.46827 0.712362 1
-3.23227 0.429218 1
-0.94616 -0.709652 1
-1.55955 0.239757 1
-1.22692 -0.0538087 1
-3.09502 0.77812 1
-5.50106 -1.52838 1
-6.77855 0.0984552 1
-4.72366 0.424798 1
-1.60729 -0.419743 1
-4.79729 -1.96837 1
-7.07122 0.123665 1
-5.56521 -1.25444 1
-7.68397 -2.00345 1
-3.85285 -1.41438 1
-4.99801 -0.596259 1
-0.0786653 0.0575067 1
-4.33911 -0.69055 1
-1.42819 0.0344988 1
-9.51725 0.235356 1
-4.60842 0.772429 1
-2.2899 -0.960433 1
-4.79939 -0.289651 1
-7.82337 0.21072 1
-6.13297 -0.683407 1
-5.12335 -2.68151 1
-2.29671 0.177124 1
-3.9636 -1.21127 1
-1.07534 -1.01091 1
-5.42456 -0.387292 1
-1.92485 1.0902 1
-7.37118 -0.931115 1
-4.03383 0.261968 1
-3.29151 -0.514675 1
-3.10104 -1.13905 1
0.936512 -0.575041 1
7.77068 7.23664 2
10.3637 7.293 2
12.3547 7.23152 2
12.1392 7.31073 2
12.5123 7.42073 2
8.35407 7.28769 2
1.4238 7.2509 2
13.2034 7.27846 2
11.4518 7.23508 2
9.91721 7.18154 2
15.107 7.01772 2
8.90297 7.21908 2
14.2634 7.38331 2
9.75943 7.17666 2
6.17252 7.19459 2
8.91242 7.29151 2
7.32525 7.32679 2
13.4409 7.28703 2
15.1865 7.37998 2
4.70114 7.31963 2
10.4908 7.44072 2
6.74325 7.34264 2
15.8951 7.14814 2
11.9882 7.35397 2
11.3738 7.23708 2
10.7352 7.21275 2
8.06381 7.298 2
9.30463 7.25701 2
7.13086 7.18111 2
4.72282 7.2029 2
8.88692 7.22989 2
8.18363 7.23785 2
11.1281 7.19116 2
7.80707 7.24903 2
5.55542 7.13244 2
7.53844 7.26642 2
14.2677 7.32547 2
16.974 7.30571 2
6.77146 7.09155 2
14.9094 7.30447 2
11.6344 7.31364 2
6.09472 7.42216 2
12.9532 7.32837 2
13.0842 7.38051 2
7.91623 7.33889 2
4.90552 7.36048 2
12.4065 7.19107 2
4.57899 7.33674 2
5.11202 7.28119 2
12.301 7.25431 2
11.4355 7.17453 2
7.03248 7.13438 2
14.454 7.14001 2
9.83796 7.40535 2
6.03959 7.36306 2
9.51074 7.21014 2
5.53005 7.33563 2
10.2728 7.36699 2
5.60942 7.13921 2
14.6388 7.4219 2
9.59199 7.18781 2
8.77676 7.38529 2
6.46924 7.18111 2
15.0254 7.22271 2
13.4469 7.22299 2
10.3933 7.38348 2
15.124 7.17372 2
6.69155 7.37735 2
17.3995 7.31517 2
13.2681 7.21582 2
13.4173 7.35098 2
7.8429 7.33674 2
7.05881 7.2166 2
16.4406 7.34207 2
12.2826 7.29651 2
12.7714 7.12913 2
7.22854 7.12971 2
13.5269 7.27546 2
12.4871 7.2275 2
13.0568 7.33567 2
13.5242 7.17142 2
14.5424 7.26272 2
4.71195 7.37493 2
14.3108 7.31794 2
5.01516 7.38736 2
11.1377 7.23793 2
8.61072 7.45356 2
13.002 7.34718 2
6.30438 7.24663 2
8.71409 7.29966 2
6.85003 7.36125 2
5.69071 7.37732 2
7.93177 7.1596 2
12.0077 7.28985 2
4.83961 7.08985 2
14.7382 7.37955 2
13.2056 7.27398 2
7.21947 7.23774 2
9.42977 7.3133 2
9.51274 7.24904 2
12.0361 7.24788 2
5.34044 7.27869 2
8.35716 7.22185 2
11.35 7.22342 2
10.5224 7.15298 2
6.14624 7.2381 2
9.99838 7.09282 2
2.09964 7.22256 2
7.20288 7.22959 2
8.19699 7.38196 2
9.34972 7.32792 2
13.207 7.14541 2
11.5969 7.28193 2
7.72141 7.24485 2
6.42453 7.34771 2
10.9892 7.29486 2
6.15606 7.08135 2
3.64503 7.41806 2
7.33615 7.27081 2
6.98765 7.30841 2
11.7245 7.18124 2
7.48166 7.24743 2
6.8552 7.0794 2
11.5385 7.25909 2
11.0199 7.17709 2
10.242 7.26858 2
13.3586 7.1737 2
13.4597 7.26023 2
10.064 7.26396 2
12.6479 7.33014 2
10.4069 7.08085 2
10.3511 7.36886 2
5.60292 7.25761 2
8.89118 7.21198 2
11.569 7.26539 2
14.541 7.24118 2
10.2118 7.2568 2
2.90992 7.28751 2
13.6067 7.2277 2
15.2001 7.31951 2
10.7815 7.41397 2
15.4065 7.11046 2
14.8792 7.35688 2
8.13728 7.16396 2
8.16067 7.31859 2
6.81871 7.18568 2
10.027 7.26809 2
18.7842 7.22444 2
7.29816 7.27852 2
7.61453 7.29909 2
8.03452 7.15827 2
8.21095 7.34632 2
14.2576 7.32703 2
8.14509 7.26252 2
12.5314 7.3366 2
11.06 7.28642 2
12.8181 7.19834 2
8.76195 7.19155 2
6.37022 7.2721 2
10.9833 7.15187 2
5.59477 7.25789 2
13.7614 7.21991 2
10.977 7.32485 2
-1.16541 7.17706 2
14.7727 7.22725 2
7.93155 7.20995 2
12.4249 7.4499 2
11.7442 7.19274 2
10.775 7.39578 2
14.4867 7.16683 2
10.1467 7.1845 2
8.76811 7.20123 2
11.109 7.18688 2
8.67112 7.24384 2
7.46916 7.2287 2
11.4816 7.10998 2
14.2704 7.14685 2
12.2937 7.3949 2
11.1857 7.18382 2
4.05897 7.29998 2
5.72768 7.25961 2
10.8445 7.29346 2
14.4381 7.29404 2
7.83968 7.24421 2
7.6755 7.32855 2
9.83627 7.2473 2
9.05875 7.28382 2
9.0818 7.33577 2
15.8808 7.37442 2
8.58245 7.32264 2
14.0023 7.2825 2
5.51118 7.15477 2
9.33883 7.35585 2
9.51304 7.3164 2
7.48621 7.18172 2
7.64839 7.36342 2
7.76256 7.29833 2
7.13623 7.3651 2
6.76047 7.20359 2
2.8983 7.2472 2
15.6099 7.23825 2
5.95942 7.35061 2
2.58274 7.2096 2
10.7447 7.27584 2
9.96472 7.27862 2
10.524 7.45599 2
7.39361 7.15429 2
6.07636 7.28394 2
9.4447 7.36749 2
9.46607 7.1727 2
6.43871 7.25966 2
16.3555 7.14761 2
12.3262 7.28897 2
6.40806 7.15888 2
8.32433 7.17228 2
9.27206 7.13761 2
0.017876 7.20739 2
14.8408 7.36625 2
14.8707 7.33692 2
9.45162 7.18938 2
9.83257 7.12467 2
10.0441 7.18709 2
11.17 7.10545 2
11.1289 7.26417 2
3.25547 7.27763 2
15.8161 7.09816 2
2.87669 7.2593 2
9.62694 7.23273 2
9.86258 7.33134 2
10.6529 7.23329 2
10.8716 7.16028 2
13.4847 7.28634 2
8.50458 7.2937 2
16.634 7.42498 2
10.4299 7.25346 2
6.6 7.16469 2
11.9491 7.33966 2
14.4223 7.3764 2
12.1429 7.39201 2
8.76491 7.32469 2
9.39954 7.16731 2
12.0215 7.22422 2
6.74955 7.35408 2
6.21619 7.27555 2
13.2363 7.30688 2
8.11973 7.36629 2
2.21222 7.09238 2
4.01398 7.33363 2
12.5554 7.17638 2
17.6485 7.21085 2
11.0703 7.33197 2
8.55 7.13883 2
7.01591 7.20331 2
8.35819 7.20971 2
10.3038 7.24423 2
13.99 7.17264 2
9.12015 7.23755 2
9.79892 7.28144 2
11.362 7.3499 2
12.151 7.2864 2
2.21393 7.14048 2
13.2882 7.29084 2
13.5022 7.28966 2
15.4492 7.22513 2
11.9105 7.05195 2
10.9304 7.17922 2
11.2973 7.27591 2
8.56674 7.33185 2
9.65406 7.22766 2
10.6416 7.23115 2
14.7365 7.28284 2
4.77525 7.32234 2
10.6046 7.15601 2
10.3397 7.22954 2
8.13982 7.18642 2
10.9254 7.22011 2
8.03387 7.22684 2
6.60986 7.25689 2
16.2836 7.40219 2
8.69466 7.2628 2
13.4416 7.32487 2
9.01471 7.34008 2
7.74706 7.29169 2
9.21605 7.36085 2
12.1012 7.23204 2
9.31661 7.23892 2
5.40786 7.3343 2
7.51415 7.17618 2
4.89754 7.15743 2
6.85561 7.32206 2
12.8129 7.24419 2
7.92469 7.15119 2
16.5663 7.08734 2
7.42275 7.27282 2
3.27057 7.10548 2
11.0018 7.36277 2
5.98982 7.28465 2
12.0088 7.18589 2
7.37637 7.1811 2
8.79339 7.31296 2
10.7725 7.3429 2
6.46722 7.44685 2
7.98631 7.30297 2
5.98684 7.15655 2
10.492 7.25483 2
8.66853 7.36809 2
5.36463 7.46449 2
7.80906 7.34196 2
15.728 7.28663 2
4.80816 7.34699 2
8.66558 7.16246 2
9.5568 7.26443 2
9.2145 7.18371 2
10.8583 7.29031 2
11.3119 7.38603 2
7.17061 7.09983 2
5.59371 7.12663 2
8.80638 7.20113 2
11.6633 7.28725 2
15.148 7.25275 2
11.1177 7.24478 2
6.17026 7.18583 2
5.14656 7.20691 2
13.1643 7.35749 2
11.6657 7.27579 2
9.98884 7.32827 2
7.7095 7.11421 2
5.53905 7.2647 2
6.71254 7.25838 2
9.01717 7.25157 2
10.2314 7.35992 2
8.46642 7.2759 2
14.1337 7.27337 2
6.95384 7.26745 2
5.6214 7.33199 2
7.25809 7.15073 2
7.74803 7.31341 2
13.6964 7.3311 2
9.07892 7.2676 2
12.6137 7.24119 2
6.49519 7.30022 2
13.7494 7.23401 2
9.92123 7.18343 2
9.59744 7.3227 2
4.89032 7.35518 2
13.4158 7.28151 2
10.2936 7.27363 2
10.6702 7.27871 2
9.21915 7.3077 2
6.95973 7.33667 2
11.7845 7.29073 2
3.00091 7.19291 2
15.0508 7.28559 2
9.47142 7.32376 2
18.8383 7.21342 2
2.64578 7.2062 2
8.46376 7.29275 2
7.56278 2.48438 3
7.33363 2.2151 3
7.30154 1.3498 3
7.85101 1.13402 3
7.76114 1.24096 3
7.43468 1.33906 3
7.45227 0.681664 3
7.33239 4.00243 3
7.37555 4.02151 3
7.7922 2.89285 3
7.40344 1.97635 3
7.6991 1.18165 3
7.77867 0.319626 3
7.28348 3.75781 3
7.39323 1.73437 3
7.80242 2.0095 3
7.63077 1.65076 3
7.16592 3.18713 3
7.75573 6.56267 3
7.52914 2.71812 3
7.79123 4.82827 3
7.50418 1.96715 3
7.50057 2.06267 3
7.5288 2.29012 3
7.83072 4.26478 3
7.31312 2.39078 3
7.60348 0.184936 3
7.63497 1.82908 3
7.39245 3.82044 3
7.32558 0.859374 3
7.68746 0.974359 3
7.77522 1.46685 3
7.69728 1.84306 3
7.59486 2.66429 3
7.37291 1.51729 3
7.73506 4.10357 3
7.47514 0.54921 3
7.76312 2.51443 3
7.54141 0.59155 3
7.88259 1.3504 3
7.72675 2.32088 3
7.96228 2.86542 3
7.60327 3.68402 3
7.78034 3.43959 3
7.63843 2.28709 3
7.55837 0.318823 3
7.43231 4.35185 3
7.70903 -0.224178 3
7.38944 2.33139 3
7.18849 2.4546 3
7.35525 2.33751 3
7.77477 1.97054 3
7.36309 2.90956 3
7.63175 2.56803 3
7.45369 1.64244 3
7.49067 0.838228 3
7.27258 2.48893 3
7.07554 3.71107 3
7.5401 0.837458 3
7.59929 3.02732 3
7.52419 2.66955 3
7.6438 3.71435 3
7.68356 2.28072 3
7.58298 2.23459 3
7.40098 3.32626 3
7.51261 -0.452421 3
7.63352 4.57669 3
7.34146 2.70675 3
7.72742 4.93305 3
7.55149 2.76182 3
7.76195 1.13108 3
7.33613 2.86541 3
7.80861 2.92572 3
7.18143 1.72812 3
7.34875 1.16504 3
7.90105 2.77602 3
7.35619 3.16674 3
7.28294 1.90252 3
7.5481 2.82273 3
7.97814 1.29303 3
7.77502 4.13456 3
7.55358 -0.879092 3
7.33324 1.78912 3
7.43021 2.12935 3
7.39985 0.416816 3
7.68527 1.31246 3
7.42975 2.42058 3
7.48597 2.22335 3
7.62212 2.72347 3
7.36994 1.48146 3
7.71223 3.11589 3
7.23416 1.32183 3
7.72436 3.30715 3
7.83076 1.94755 3
7.49371 0.823657 3
7.51948 3.64104 3
7.49842 2.35353 3
7.49791 1.89318 3
7.40345 2.28311 3
7.61814 3.50459 3
7.73623 2.38562 3
7.5145 2.61636 3
7.85842 3.6519 3
7.60817 1.70766 3
7.66474 3.26475 3
7.93813 1.42889 3
7.52953 4.93948 3
7.73197 1.14019 3
7.67976 5.72616 3
7.10344 1.20848 3
7.46135 3.94231 3
7.63856 3.32852 3
6.7896 3.6451 3
7.63137 3.0962 3
7.36107 1.50052 3
7.80474 2.14301 3
7.83212 1.89147 3
7.64313 2.73073 3
7.60084 2.95458 3
7.74879 -0.00474468 3
7.18425 6.06462 3
7.36338 3.05322 3
7.38137 2.79613 3
7.6171 1.79799 3
7.62814 3.9291 3
7.62793 2.0522 3
7.43211 3.8644 3
7.56617 1.88899 3
7.6077 0.0772631 3
7.86633 3.62773 3
7.5198 4.20787 3
7.12254 2.48416 3
7.77599 3.64725 3
7.63909 2.169 3
7.45485 1.99897 3
7.24305 1.566 3
7.52212 1.78876 3
7.66179 2.4162 3
7.38222 3.00214 3
7.76267 3.32244 3
7.44516 0.648794 3
7.58052 1.04111 3
7.52682 -0.541766 3
7.47197 1.66929 3
7.59875 4.3096 3
7.25995 2.35069 3
7.62073 1.43293 3
7.50794 5.76272 3
7.23633 0.0602441 3
7.68356 4.55591 3
7.6153 3.69694 3
7.61768 2.56794 3
7.5362 5.11103 3
7.68037 1.63636 3
7.68377 5.37227 3
7.28609 3.32991 3
7.47897 2.40088 3
7.73227 4.67967 3
7.74272 -0.156562 3
7.50861 2.26708 3
7.83838 2.54299 3
8.07592 1.24187 3
7.70731 5.02382 3
7.58665 2.57085 3
7.6223 3.49004 3
7.71713 2.85216 3
7.68973 0.84538 3
7.37365 2.49416 3
7.68157 3.24174 3
7.76222 2.54639 3
7.47539 2.34794 3
7.407 2.6159 3
7.37793 1.86924 3
7.29004 1.39546 3
7.44809 1.52889 3
7.58401 1.00147 3
7.57775 4.94467 3
7.58729 0.998933 3
7.66375 1.25986 3
7.69916 2.48151 3
7.3194 1.87686 3
7.84112 -0.492039 3
7.87503 1.27301 3
7.22466 3.77495 3
7.50926 6.19157 3
7.59448 0.822599 3
7.73355 3.32657 3
7.55859 2.58895 3
7.36341 4.78519 3
7.7047 4.11784 3
7.47271 3.70113 3
7.05215 3.01889 3
7.65061 3.01378 3
7.37675 3.17442 3
7.63692 1.86596 3
7.76791 1.83037 3
7.50167 2.32132 3
7.82915 3.36504 3
7.64896 2.18162 3
7.50041 -0.438838 3
6.96794 3.93416 3
7.873 1.51701 3
7.80726 2.2633 3
7.54957 2.41211 3
7.64914 1.75412 3
7.77242 2.71148 3
7.30045 2.05837 3
1.86332 8.33891 4
2.96494 8.732 4
3.34598 8.67652 4
3.98065 9.85648 4
3.57535 9.35593 4
3.66034 9.51934 4
3.75994 9.84742 4
4.68447 10.1119 4
4.4205 9.84835 4
3.79954 9.14128 4
2.57206 8.68314 4
2.42962 9.47458 4
3.12262 9.09929 4
4.52602 11.4733 4
3.06688 9.74731 4
2.23853 8.50019 4
2.73068 9.94304 4
2.7883 8.29341 4
3.63446 9.469 4
2.37981 8.75898 4
2.38539 8.24424 4
3.55761 10.1073 4
2.53992 9.73816 4
2.86039 8.9229 4
1.27708 7.73954 4
3.93182 9.3593 4
3.00068 9.31471 4
3.26105 9.30907 4
2.26597 8.47402 4
3.59186 9.78591 4
3.89476 9.96194 4
3.46776 9.40435 4
2.40565 9.18225 4
2.57447 8.8295 4
3.27615 8.94784 4
4.08956 10.9193 4
3.84412 10.7518 4
2.36629 8.99225 4
4.80713 11.103 4
3.77947 9.77668 4
0.775216 7.41406 4
3.90523 10.2942 4
3.59417 9.723 4
1.21606 8.10061 4
2.41451 8.90671 4
4.25177 10.4212 4
0.980507 7.88826 4
2.4381 8.56204 4
2.53128 8.23666 4
3.7522 9.97172 4
0.917297 7.30962 4
4.22762 9.80953 4
3.92111 10.0817 4
1.8065 8.12617 4
3.66509 9.20566 4
3.36398 8.4589 4
4.32828 10.6636 4
2.90887 9.22133 4
3.56656 9.74543 4
3.19548 8.73429 4
3.79658 10.0905 4
2.75387 9.00874 4
2.8021 9.54109 4
1.36246 7.5876 4
1.8128 8.02806 4
2.93412 8.87196 4
3.82569 10.613 4
3.01318 8.96673 4
2.2908 8.95111 4
3.1609 9.0731 4
1.70711 8.3849 4
3.99705 9.85963 4
2.87245 9.72487 4
3.66602 9.52719 4
6.05301 11.9904 4
2.6206 8.03879 4
2.95065 8.90835 4
1.81629 8.72478 4
3.31413 9.7908 4
3.53582 9.88651 4
1.60954 8.05359 4
4.08825 10.7223 4
3.17938 9.86411 4
3.7914 9.99179 4
2.88919 10.1586 4
1.00158 8.2055 4
2.23354 8.03795 4
2.99348 9.3151 4
2.6304 8.43711 4
2.98534 9.41399 4
3.9948 10.1436 4
3.08114 9.84902 4
3.73363 9.60542 4
2.61707 8.64527 4
4.03346 9.78715 4
2.8739 8.78942 4
2.65979 8.85873 4
4.35589 10.6144 4
3.77926 9.49852 4
2.81775 8.58879 4
2.50227 8.45963 4
4.6116 11.0357 4
1.84042 8.30436 4
3.49269 10.0791 4
1.67482 8.24285 4
4.01358 10.4556 4
3.37477 9.46061 4
3.86322 10.5027 4
2.61849 8.75478 4
2.79846 8.35547 4
3.61778 9.51645 4
3.566 9.8567 4
2.83914 9.5211 4
2.55606 8.49071 4
3.5431 10.5977 4
4.63003 10.7711 4
3.50975 10.362 4
2.8174 8.97985 4
3.68255 10.0339 4
3.76879 9.5362 4
3.2632 9.30838 4
2.51839 8.65512 4
2.77579 9.41855 4
1.88944 7.86917 4
3.34477 9.73022 4
3.42747 9.99833 4
3.48726 9.46865 4
3.81877 9.8685 4
3.27947 9.61527 4
3.65364 9.43743 4
3.18779 9.67768 4
3.13455 9.62559 4
0.537419 6.87925 4
2.71386 8.86593 4
3.58121 9.61855 4
2.99131 9.88674 4
2.2363 9.06507 4
2.00099 8.82453 4
0.785726 6.86299 4
2.43189 9.39077 4
2.74237 9.90279 4
3.0222 9.6828 4
3.94279 9.5228 4
1.24159 7.35034 4
2.99829 9.72142 4
1.56041 8.4196 4
2.3654 8.63361 4
3.60573 10.5314 4
2.73793 8.33831 4
4.46455 10.8643 4
3.58579 10.3521 4
2.40831 8.68736 4
4.25686 10.0545 4
1.79312 8.24163 4
3.64548 9.03343 4
2.60542 7.51673 4
1.708 8.34229 4
4.71189 10.3274 4
0.413371 6.37734 4
2.4391 9.17601 4
2.68382 8.31429 4
1.57126 8.48508 4
2.25125 8.671 4
2.81522 8.64638 4
2.10866 8.28298 4
3.99975 10.2059 4
2.22222 9.85249 4
3.32498 9.54698 4
2.66459 7.64673 4
3.36442 9.12778 4
3.47581 9.93564 4
6.06267 11.9693 4
3.2508 9.57957 4
5.76405 10.9784 4
2.34285 8.50111 4
2.41958 8.51576 4
3.59628 9.04275 4
3.99529 9.9055 4
4.24251 10.29 4
3.13734 8.87161 4
3.55314 9.5376 4
3.16527 8.8954 4
3.77827 10.0213 4
4.65571 10.9192 4
2.69507 8.34992 4
2.63292 8.58732 4
1.87598 7.38955 4
2.19753 9.20065 4
3.81678 10.2899 4
2.73243 8.42616 4
2.94525 8.45636 4
3.52601 9.42556 4
2.36196 8.19482 4
3.08625 8.77986 4
3.99491 10.3121 4
1.55543 8.20856 4
1.87379 7.38782 4
2.64662 8.82007 4
3.65784 9.77793 4
2.34898 8.67564 4
2.01683 8.1201 4
2.54033 8.48512 4
4.04309 10.4769 4
1.97431 7.98289 4
4.85722 10.7229 4
2.12533 9.11008 4
3.76981 9.68695 4
3.47488 9.44632 4
4.03379 10.1059 4
2.89419 9.39002 4
2.6406 8.48717 4
2.22002 8.10549 4
2.57424 9.41541 4
4.42992 10.5867 4
2.98213 8.64381 4
3.51804 9.88768 4
4.61552 10.9398 4
2.85697 9.11276 4
3.13097 10.4593 4
4.32921 9.85298 4
3.98995 10.0342 4
2.42744 8.73288 4
3.47222 9.44612 4
4.08634 9.97547 4
2.95899 9.32719 4
2.25742 8.18267 4
2.42732 7.89672 4
4.53464 10.3445 4
3.59955 9.55453 4
4.8172 10.839 4
3.08466 9.74208 4
2.18656 8.71805 4
2.98163 10.0379 4
2.64529 8.91883 4
3.17683 9.95502 4
2.40467 7.88196 4
3.26392 9.35086 4
4.1135 11.036 4
1.91762 7.92166 4
2.78845 8.42592 4
4.40848 10.7559 4
2.26004 8.42522 4
2.35449 8.16813 4
2.11155 8.07418 4
1.80366 7.96631 4
1.18624 7.26498 4
2.65476 8.69014 4
3.56962 9.76836 4
3.78811 9.80764 4
2.87651 9.15725 4
4.11891 9.87934 4
2.69306 8.31328 4
2.69451 10.0892 4
2.37757 8.89283 4
2.23397 8.20687 4
3.04478 8.35374 4
4.17065 10.5255 4
4.40376 11.303 4
3.5113 9.84742 4
3.34565 9.54735 4
2.58229 8.76032 4
3.4358 10.0756 4
3.1982 10.1345 4
2.36266 8.3386 4
3.78245 9.56708 4
2.53891 9.49351 4
0.315783 6.9987 4
3.24824 9.21555 4
3.5976 9.7165 4
2.93793 9.56577 4
1.94509 8.55799 4
3.68378 9.37479 4
4.4567 10.9459 4
3.02766 9.31988 4
2.50129 8.68378 4
1.09488 6.57759 4
-6.13452 6.18833 5
-11.6236 5.84339 5
-9.45705 5.43724 5
-2.62921 4.50137 5
-6.09497 5.68748 5
-5.77334 5.90449 5
-1.67417 4.80999 5
-7.37358 5.09707 5
-6.25645 5.64887 5
-3.1858 5.92504 5
-12.7109 5.54054 5
-11.2512 6.25846 5
-11.9641 5.51416 5
-10.4853 5.11014 5
-14.6981 5.64374 5
-2.8885 4.78707 5
-6.53673 5.68536 5
-4.77079 5.31214 5
-6.41634 4.95735 5
-3.65202 5.6137 5
-11.7753 5.71588 5
-14.2194 5.24704 5
-6.94234 4.42261 5
-4.54399 6.29134 5
-3.74785 5.45606 5
-12.2952 5.77997 5
-4.57491 5.24568 5
-1.95069 5.23796 5
-11.9531 5.05462 5
-4.19648 5.7203 5
-11.4032 4.63274 5
-4.84522 5.52512 5
-9.92145 5.58367 5
-1.12568 5.1807 5
-7.56163 5.319 5
-13.612 5.20582 5
-7.64126 5.74307 5
-7.10022 4.45055 5
-9.63884 5.26728 5
-4.1229 5.73976 5
-14.7274 5.68262 5
-11.6507 5.65163 5
-5.02948 5.23282 5
-10.6907 5.85251 5
-4.93397 5.43425 5
-10.7592 4.9782 5
-12.313 5.63603 5
-2.19703 5.58423 5
2.36481 4.76234 5
-1.04533 4.59084 5
-11.746 4.97183 5
-9.11838 4.78628 5
-0.321412 5.60499 5
-2.1565 4.82691 5
-3.87348 5.61919 5
-6.36234 5.20023 5
-8.08732 5.42638 5
-9.85354 6.0847 5
-10.2698 5.63475 5
-11.5284 5.56224 5
0.893883 5.84104 5
-10.3639 6.17776 5
-11.3125 6.1964 5
-5.2568 5.60142 5
-8.32286 6.15899 5
-8.74743 5.24243 5
-6.18593 5.5177 5
-6.94 5.16816 5
-6.87505 4.52731 5
-2.20034 5.49818 5
-8.08366 6.08903 5
-10.5964 5.28825 5
-2.28196 5.68109 5
-3.37047 5.32417 5
-7.54192 5.5062 5
-2.69546 5.21957 5
-14.9144 5.70138 5
-5.30646 5.46891 5
-9.40209 6.35379 5
-10.3031 5.39886 5
-6.62274 5.29628 5
-5.50059 4.8812 5
-6.1359 4.5938 5
-12.4044 4.98039 5
-6.37896 5.26784 5
-4.53095 5.39973 5
-0.00737036 5.14821 5
-2.86587 4.19157 5
-7.03954 5.1994 5
-7.90548 4.59352 5
-2.79743 5.37464 5
-1.70159 4.98014 5
-6.38848 5.00681 5
-6.51259 4.99658 5
-12.9705 5.6239 5
-7.33862 5.50151 5
-6.85209 5.06378 5
-10.042 6.20547 5
-6.63645 5.20304 5
-8.68024 4.79403 5
2.38935 5.44276 5
-10.5686 4.96646 5
-7.94535 5.15664 5
-12.0898 4.49153 5
-9.7986 5.98889 5
-7.29912 5.63762 5
-7.62437 5.391 5
-3.68492 4.28058 5
-9.24061 5.08856 5
-4.35541 5.14999 5
-5.98381 5.74029 5
-9.57959 5.30452 5
-5.35167 6.30447 5
-6.17185 5.53404 5
-9.80541 5.00477 5
-2.56448 5.39874 5
-5.68682 4.16522 5
-15.0576 6.40389 5
-8.17879 4.43739 5
-0.298206 5.73853 5
-6.3427 6.60718 5
-5.53846 5.41612 5
-10.6858 6.05294 5
-10.4624 5.35009 5
-7.33522 4.7462 5
-4.22691 5.12261 5
-16.2455 5.67114 5
-10.3368 5.92278 5
-7.56059 4.73465 5
-9.80721 5.76014 5
-9.03614 5.18501 5
-11.2744 4.10448 5
-11.7243 6.15232 5
-2.30662 5.27754 5
-7.84648 5.72428 5
-13.529 4.84732 5
-14.6165 4.7743 5
-5.3035 4.98506 5
-4.36586 5.89778 5
-5.30071 6.66224 5
-5.22128 5.35452 5
1.26002 4.87208 5
-9.99089 5.91756 5
-7.77813 4.58759 5
-7.85406 5.5365 5
-12.5418 5.86835 5
-5.4005 4.81108 5
-11.7219 4.8086 5
-4.65613 5.70929 5
-6.03422 5.62719 5
-4.21307 5.34235 5
-6.31517 5.0874 5
-4.01429 5.03595 5
-5.03682 4.89532 5
-1.78324 4.29363 5
-5.69932 4.93574 5
-3.85124 5.43039 5
-8.83912 5.77376 5
-3.56752 5.21281 5
-14.0841 5.3738 5
-5.76186 4.93666 5
-8.01176 5.70562 5
-7.17766 4.47462 5
-7.19776 4.99342 5
-8.62728 5.74168 5
-9.35895 5.42334 5
-5.09649 5.45173 5
-9.4481 5.75151 5
-13.7546 5.19587 5
-12.9697 5.01449 5
-6.77094 5.44901 5
-10.5556 5.57795 5
-6.63681 4.9119 5
-10.5681 5.30334 5
-7.43426 4.66598 5
-9.05569 4.6234 5
-12.7175 6.05549 5
-7.21955 5.62926 5
-12.8863 4.89658 5
-8.41405 5.64874 5
-7.47881 5.33877 5
-11.2876 4.15853 5
-13.2564 5.52898 5
-3.85048 5.45838 5
-8.40347 5.16696 5
-4.58531 5.93228 5
-7.85869 5.47422 5
-5.81098 4.58421 5
-4.40165 4.70584 5
-10.8392 5.20634 5
-4.73576 5.18259 5
-8.43108 5.44206 5
-12.6948 5.12462 5
-2.74664 5.3682 5
-7.79218 4.37053 5
-6.19881 5.61062 5
-1.49945 4.94296 5
-9.57195 5.48547 5
-5.44984 5.9323 5
-10.1228 5.73797 5
-14.0293 6.32193 5
-10.7795 5.01421 5
-12.2076 5.89948 5
-8.48136 5.61668 5
-8.45792 5.59914 5
-2.83746 5.72237 5
-5.75819 5.64814 5
-10.2641 5.40813 5
-7.41698 5.8592 5
-12.1376 4.73183 5
-7.47398 5.97419 5
-5.7038 5.82174 5
-4.77061 5.56469 5
-7.8221 5.82966 5
-5.23622 4.95278 5
-7.31811 4.31753 5
-3.98379 5.73048 5
-5.32217 5.61899 5
-10.5881 5.99319 5
-14.7387 5.72804 5
-6.18144 5.04389 5
-9.38253 5.65913 5
-3.17347 4.0024 5
-3.79755 5.18732 5
-7.21403 5.68014 5
-9.06402 5.59022 5
-10.691 5.43266 5
-15.8991 5.25627 5
-4.91518 5.31896 5
-10.7288 5.13322 5
-11.9937 5.32199 5
-6.11112 4.5979 5
-8.01633 5.9044 5
-2.41429 4.787 5
-8.64594 5.33876 5
-14.6201 5.29151 5
-7.8974 4.51605 5
-3.09527 5.12175 5
-7.28629 6.05266 5
-22.2778 6.28123 5
-7.40259 5.96979 5
-6.02905 5.72729 5
-2.29478 5.49304 5
-6.81705 5.61398 5
-2.46029 4.90547 5
-1.0114 5.37381 5
-4.11178 5.77359 5
-6.12785 5.71224 5
0.865244 5.23634 5
-11.9545 6.30054 5
-7.07275 3.75811 5
-4.73776 4.31234 5
-6.43846 5.50959 5
-4.65066 5.944 5
-20.0116 4.83441 5
-6.72722 4.66233 5
-13.8532 5.38507 5
-4.20444 4.74285 5
-5.23055 5.87291 5
-7.5088 4.98066 5
-8.03439 5.24732 5
-9.92086 5.91369 5
-10.9267 5.45348 5
-15.3074 6.04866 5
-9.17191 5.63011 5
-11.1218 5.34224 5
-10.2238 6.24356 5
-5.20136 4.46024 5
-9.92346 5.55562 5
-2.04043 6.48426 5
-9.64618 4.98963 5
-5.25468 5.33544 5
-4.75475 6.28412 5
-9.28169 5.00532 5
-10.4458 4.20669 5
-8.13616 5.74135 5
-11.3593 5.66773 5
-13.8265 5.72182 5
-12.4781 5.56442 5
-4.61965 5.30564 5
-3.66306 5.3511 5
-4.95516 6.25716 5
2.26764 5.80903 5
-5.80499 5.68535 5
-11.0729 5.37132 5
-6.78627 5.80349 5
-6.14798 5.84802 5
-3.93283 5.72471 5
-0.0277711 5.659 5
-9.02406 5.4649 5
-15.1449 5.49446 5
-9.93912 5.18565 5
-6.06517 5.59625 5
-10.0759 5.94634 5
-5.72976 5.6532 5
-1.0566 4.98732 5
-6.96085 4.7461 5
-13.6549 4.9664 5
-3.65647 4.47643 5
-11.3425 4.71847 5
-2.62692 4.85517 5
-9.68059 5.60738 5
-3.35866 5.67661 5
-10.0112 5.57607 5
-5.92531 4.96089 5
-11.4076 4.74232 5
-11.9135 5.60116 5
-4.18632 4.99561 5
-12.6359 5.42186 5
-9.92782 5.90583 5
-9.52675 6.12759 5
-4.81541 5.52267 5
-1.221 5.5701 5
-8.14806 5.26638 5
-5.82177 5.33509 5
-9.66868 5.17604 5
-3.91354 5.1896 5
-10.5075 5.3925 5
-7.38053 6.30037 5
-5.48618 5.23868 5
-11.4463 4.84502 5
0.757225 4.84188 5
-15.943 4.81668 5
-2.13724 4.94881 5
-6.74072 5.7978 5
-7.31258 5.20176 5
2.11143 4.84343 5
-5.91109 5.3036 5
-7.12944 6.14815 5
-1.45562 5.79353 5
-10.1823 3.91629 5
-7.70979 6.27021 5
-3.03105 5.48936 5
-5.96457 5.08204 5
-12.0423 5.19752 5
-10.272 6.04589 5
-7.19501 5.05416 5
-8.99037 5.69231 5
-7.3996 5.68879 5
-8.17388 4.58247 5
-5.48773 4.98983 5
-11.0108 6.07954 5
-4.54282 4.7327 5
-9.41957 5.28435 5
-10.6773 5.6675 5
-2.51211 5.2899 5
-5.91607 5.66922 5
-6.55048 5.05001 5
-4.71942 5.50873 5
-4.68944 4.98993 5
-13.8782 5.30333 5
-6.2519 5.27875 5
-6.94707 5.19269 5
-5.47397 5.07734 5
1.98611 4.74386 5
-6.19414 6.23542 5
-9.99833 5.72817 5
-2.39894 5.05093 5
-2.41534 5.16552 5
-2.93209 5.00896 5
-3.55735 5.25428 5
-16.2 4.9882 5
-12.1859 5.42503 5
-9.03468 5.29738 5
-1.72668 5.46466 5
-10.8603 5.14122 5
-10.3612 6.00869 5
-3.89935 5.52616 5
-12.3726 5.20033 5
-5.52354 5.45666 5
-8.08361 4.93753 5
-3.16645 5.47623 5
-2.61764 5.38775 5
-13.2011 4.43515 5
-2.54223 4.71042 5
-7.54181 5.92899 5
-10.0916 6.40946 5
-3.47734 5.43518 5
-8.94855 5.79281 5
-5.82376 4.49359 5
-11.8819 5.83691 5
-10.0314 5.59585 5
-11.9575 5.15462 5
-8.76014 4.13379 5
-7.11926 5.01411 5
-1.25868 5.64392 5
-4.51531 4.90544 5
-12.5741 5.46983 5
-5.70803 5.55416 5
-12.7102 5.56454 5
-10.3942 4.50861 5
-7.09979 5.32672 5
-7.03094 6.15828 5
-6.68133 5.35706 5
-3.41074 5.00025 5
-3.39168 5.03795 5
-9.49386 4.76619 5
-11.2349 4.46563 5
-6.95011 5.15571 5
-11.0129 6.01678 5
-6.04482 5.56487 5
-3.12038 5.37918 5
-10.3955 5.94173 5
-10.5935 5.01613 5
2.51014 5.16289 5
-7.58596 5.50885 5
-14.4109 6.12402 5
-12.5798 6.33274 5
-12.9131 5.408 5
-10.0422 4.78312 5
-7.93808 6.55722 5
-8.18743 5.48258 5
-6.5648 4.78642 5
-15.7792 5.2701 5
-1.30832 5.26682 5
-10.5725 5.40611 5
-5.35191 4.94893 5
-3.96837 5.78948 5
-9.80234 5.66351 5
-16.7744 4.9403 5
-9.17341 5.71146 5
-4.92735 6.50543 5
-4.31952 4.87991 5
-12.067 4.85721 5
-2.28532 5.02245 5
0.882844 5.26919 5
-5.95284 5.43813 5
-3.16973 5.38769 5
-2.59408 4.87567 5
-10.9741 4.92609 5
-8.91018 6.24391 5
-8.74515 5.06004 5
-5.53888 6.25751 5
-6.35198 5.61786 5
-15.4567 5.07135 5
-2.05042 5.35636 5
0.120602 4.41531 5
-9.21963 5.54337 5
-8.37191 5.10584 5
-9.06657 5.21737 5
-6.79962 4.68121 5
-2.93426 4.63056 5
-1.65844 5.78488 5
-11.1974 4.93265 5
-10.0336 4.67341 5
-8.72833 5.34465 5
-10.0263 5.13059 5
-2.74597 4.77144 5
-9.37542 5.03975 5
-5.98568 5.20414 5
-5.43517 4.72311 5
-1.01677 5.07166 5
-10.854 5.9674 5
-5.73933 5.1011 5
-8.74198 4.33542 5
-3.61547 4.88924 5
-3.79888 5.28186 5
1.4153 5.2384 5
-6.58207 5.30209 5
-5.15568 5.09781 5
-3.3795 5.03491 5
-1.90492 5.30673 5
-9.52956 5.68978 5
-8.53909 5.50563 5
-9.68582 4.66847 5
-9.73483 4.93559 5
-6.74225 4.91488 5
-7.69162 4.86182 5
-1.61007 4.71929 5
-3.92714 4.68022 5
-6.98069 5.08932 5
-7.31674 5.46852 5
-2.80204 4.26967 5
-9.99264 4.73205 5
-15.8562 5.43679 5
-5.87069 5.27699 5
-13.1119 5.20561 5
-2.69987 4.72681 5
-4.61513 5.74571 5
-12.2497 4.8848 5
-7.87703 4.45623 5
-10.8787 4.52824 5
-6.75963 4.4899 5
-8.49301 5.11503 5
-2.90207 4.91597 5
-5.86669 5.32334 5
3.23099 -1.30201 6
4.85093 -0.875393 6
4.19367 -1.05618 6
4.51647 -0.504975 6
4.27118 -1.53494 6
3.65012 -1.15949 6
4.93862 -1.44771 6
5.11483 -1.79319 6
4.91445 -1.40826 6
4.19347 -0.860317 6
4.15101 -1.76799 6
3.71627 -1.14759 6
5.04334 -1.194 6
3.8011 -0.717991 6
4.79788 -2.09328 6
5.92533 -2.24189 6
4.99795 -1.62951 6
3.30792 -1.03434 6
5.16591 -1.48658 6
4.66775 -0.609218 6
4.32956 -0.938536 6
3.18277 -1.1515 6
4.5747 -1.36021 6
4.47371 -1.32385 6
4.13798 -1.1209 6
4.75826 -1.07006 6
4.96331 -1.61529 6
4.54977 -1.37517 6
3.441 -0.956188 6
4.58225 -0.863377 6
3.5464 -1.19847 6
4.16099 -1.28863 6
4.66895 -1.50434 6
4.10555 -1.387 6
2.91437 -1.49412 6
5.09626 -1.84119 6
3.36319 -0.882126 6
4.33547 -1.35738 6
3.66743 -1.85539 6
4.76191 -0.899775 6
3.70232 -1.05598 6
4.37712 -1.75727 6
4.39745 -0.755352 6
4.16326 -1.57131 6
3.13367 -0.963554 6
4.39967 -1.1512 6
5.17524 -0.894847 6
3.75848 -1.56913 6
4.97747 -0.992165 6
4.23882 -1.26532 6
4.7657 -1.06694 6
6.08615 -2.06502 6
4.09218 -1.43267 6
5.65383 -1.62664 6
4.35932 -1.65604 6
4.30496 -1.40463 6
4.52378 -1.26416 6
4.3316 -1.23217 6
3.59751 -1.15093 6
5.69709 -1.21369 6
4.14772 -1.85327 6
5.02933 -1.30039 6
4.46573 -1.92734 6
3.59726 -0.87922 6
3.50667 -0.49888 6
3.97536 -0.947279 6
4.17123 -1.57931 6
2.70247 -0.785435 6
4.28266 -1.34575 6
3.81458 -1.16414 6
3.78302 -0.965623 6
4.60606 -1.17799 6
3.09054 -1.23699 6
4.07954 -0.83463 6
3.48568 -0.711819 6
5.01369 -1.98503 6
3.65809 -1.20556 6
5.87085 -1.79855 6
4.19853 -0.692404 6
4.37023 -1.49982 6
4.24351 -0.737306 6
3.90827 -1.52766 6
4.11487 -1.85256 6
4.80576 -1.39675 6
5.6694 -1.30206 6
4.05154 -1.28408 6
3.47812 -0.901008 6
3.91518 -1.19052 6
3.56354 -1.47171 6
3.53934 -1.48018 6
4.2348 -0.942368 6
4.26739 -2.2995 6
5.43909 -1.70926 6
3.63238 -2.01077 6
3.95922 -0.931205 6
5.33843 -1.90127 6
3.86409 -1.25745 6
4.42582 -1.53001 6
4.15985 -1.34742 6
4.37262 -1.64031 6
3.84472 -1.5008 6
5.17482 -1.86706 6
5.21411 -2.28521 6
5.60054 -1.04017 6
4.42723 -1.18978 6
4.21038 -1.29511 6
5.06348 -1.25799 6
4.97466 -1.45298 6
5.25121 -1.36187 6
3.37998 -0.860549 6
5.52814 -1.26685 6
4.11095 -1.32504 6
3.90386 -0.872684 6
4.50388 -1.78695 6
5.06621 -1.21364 6
4.64798 -0.977353 6
3.8193 -0.922158 6
4.30933 -0.497604 6
4.81708 -1.56303 6
4.40496 -0.976465 6
5.71162 -1.95486 6
3.89774 -1.22453 6
4.28013 -1.37208 6
4.89105 -0.720275 6
4.07614 -1.26916 6
3.61101 -1.6656 6
4.22194 -1.56731 6
4.30208 -1.11758 6
3.86912 -1.45202 6
3.83969 -1.21932 6
4.64447 -1.49312 6
4.53861 -1.7599 6
5.02622 -2.08848 6
5.01922 -1.80088 6
4.7832 -1.49754 6
4.01852 -0.61275 6
4.44855 -1.35662 6
4.23813 -1.15154 6
5.5266 -1.49122 6
4.36264 -1.17002 6
3.7585 -1.23315 6
4.00366 -1.18478 6
3.2296 -0.844027 6
5.01619 -1.5247 6
3.97129 -1.20001 6
4.51651 -1.13468 6
4.9053 -1.20332 6
3.57835 -0.894411 6
2.97481 -0.713876 6
4.80643 -1.13326 6
4.63133 -1.11739 6
3.53583 -1.02363 6
3.8938 -1.52764 6
4.25016 -1.41658 6
3.9743 -0.927097 6
4.78466 -1.98136 6
3.68959 -1.08821 6
3.16446 -1.09144 6
5.30009 -1.37578 6
4.4443 -1.15741 6
4.55775 -1.7397 6
4.70432 -0.639426 6
4.02162 -1.04307 6
4.14887 -1.68079 6
4.29303 -1.26105 6
4.41003 -1.15287 6
4.01173 -1.70473 6
3.19323 -0.984513 6
4.17756 -0.909318 6
4.08166 -1.11015 6
3.53583 -0.837622 6
3.39993 -0.826882 6
4.86015 -1.2634 6
5.10004 -1.52739 6
4.93773 -1.50346 6
4.17163 -0.733852 6
4.76869 -0.785591 6
4.35931 -1.33489 6
4.47071 -1.1686 6
4.08117 -1.33215 6
5.06872 -1.46205 6
4.05015 -1.07706 6
4.24115 -1.09984 6
4.24908 -1.53915 6
4.37038 -0.735382 6
4.54311 -1.62543 6
4.66456 -1.82254 6
3.6746 -1.01044 6
4.62061 -0.886588 6
3.16415 -0.760596 6
5.39049 -1.42665 6
4.98801 -1.30604 6
3.15184 -1.26238 6
4.44795 -1.65852 6
4.66664 -1.11032 6
4.26598 -1.2265 6
3.38849 -1.55487 6
5.02202 -1.33048 6
3.86164 -1.32712 6
5.3479 -1.2289 6
4.35319 -1.62039 6
4.56153 -0.903125 6
4.19076 -1.65671 6
4.25144 -0.676508 6
4.44216 -1.48291 6
4.34024 -1.89404 6
5.2146 -1.92091 6
3.87228 -0.501677 6
3.56821 -0.850377 6
3.32017 -1.38296 6
5.24947 -1.42497 6
3.99434 -0.799307 6
3.86132 -1.16258 6
4.68024 -1.30917 6
4.28568 -0.811286 6
4.45803 -1.07214 6
4.30058 -1.1066 6
5.05396 -1.51407 6
3.75399 -0.423942 6
4.1717 -1.28998 6
5.35405 -1.90264 6
3.70025 -1.58934 6
3.52844 -0.956791 6
5.12332 -2.14923 6
4.61256 -1.0925 6
3.46771 -0.943473 6
4.61852 -1.09668 6
4.67579 -1.86218 6
3.40253 -1.4188 6
4.68787 -1.41823 6
4.15004 -1.1649 6
4.60113 -1.24055 6
4.04614 -1.4334 6
4.58637 -1.60791 6
3.27198 -0.811024 6
4.62857 -1.17412 6
4.03768 -0.95994 6
4.17543 -1.08259 6
4.43591 -1.20952 6
2.93941 -1.07068 6
2.68208 -0.607297 6
4.38797 -1.71794 6
4.29669 -1.08032 6
3.97124 -0.738847 6
4.27079 -0.557716 6
3.98787 -0.401791 6
3.96 -0.87947 6
3.11008 -1.51912 6
5.72185 -1.55098 6
2.97053 -1.37904 6
4.50244 -1.15653 6
3.92682 -0.911454 6
5.55274 -1.67225 6
3.17234 -1.06843 6
4.61987 -1.26977 6
3.32437 -1.06725 6
4.6036 -0.772453 6
4.63836 -1.62721 6
3.6374 -1.04069 6
5.05819 -1.25262 6
4.62989 -1.1909 6
3.67182 -0.472975 6
5.11528 -1.32548 6
3.9046 -1.2124 6
4.13897 -1.2822 6
4.3476 -0.381882 6
4.80443 -1.31334 6
5.45716 -1.65659 6
3.71634 -1.60491 6
5.02339 -1.49384 6
3.34694 -0.82961 6
4.47261 -0.78898 6
4.7753 -1.10644 6
4.03339 -1.55866 6
4.45962 -1.45909 6
4.84289 -1.52288 6
4.15104 -1.13312 6
4.51063 -0.923447 6
2.86553 -1.03625 6
3.89079 -1.46677 6
3.53972 -0.489233 6
3.95159 -1.53869 6
5.36199 -1.45156 6
4.24327 -1.45176 6
3.84879 -1.64508 6
4.04317 -0.912368 6
4.25971 -1.65265 6
4.47887 -1.4021 6
3.98924 -0.715667 6
4.14917 -1.40798 6
4.30068 -1.25485 6
4.11678 -0.615054 6
4.2907 -1.48225 6
3.82438 -1.26007 6
2.71222 -0.929816 6
6.26219 -1.79062 6
5.33212 -1.08939 6
4.02128 -1.25678 6
4.35759 -2.15558 6
3.82901 -1.42082 6
4.15218 -1.04664 6
4.89484 -1.5349 6
5.03554 -1.89352 6
4.67014 -1.25705 6
4.08813 -0.978539 6
3.9515 -1.1938 6
5.32837 -1.83456 6
3.71542 -1.29997 6
4.28726 -1.21115 6
4.13369 -0.678543 6
5.36666 -1.39446 6
3.63859 -1.6896 6
3.23333 -1.38848 6
3.71329 -0.772496 6
5.08591 -1.55359 6
4.62934 -0.798298 6
3.63823 -1.33522 6
3.55043 -1.21375 6
4.93677 -1.375 6
3.67597 -1.4599 6
4.74437 -0.910937 6
3.05674 -0.553105 6
5.64513 -1.38918 6
3.18514 -0.554459 6
2.47347 -0.580444 6
4.23581 -1.1679 6
4.98371 -1.6413 6
5.0715 -1.67559 6
4.59554 -1.0694 6
3.79909 -1.45775 6
4.37276 -1.7812 6
3.90936 -1.03878 6
3.77173 -1.48955 6
3.8799 -1.52541 6
3.54831 -1.35952 6
4.75558 -1.19723 6
3.85769 -0.949047 6
4.89277 -1.77294 6
4.974 -1.81114 6
3.97357 -0.95017 6
4.35681 -1.45384 6
4.1272 -1.09447 6
4.50773 -1.65866 6
5.52942 -1.59271 6
4.25347 -1.04633 6
5.39456 -1.77166 6
4.49728 -1.48124 6
2.94105 -0.916318 6
4.47644 -1.40971 6
3.7915 -0.931615 6
4.09271 -1.1176 6
4.84017 -1.71198 6
4.13753 -1.27617 6
4.76768 -1.9232 6
3.28042 -0.800816 6
3.93532 -1.02293 6
4.30378 -0.997144 6
4.4419 -1.2805 6
4.73942 -1.68711 6
4.29313 -1.11965 6
4.60101 -0.962324 6
5.02551 -1.52936 6
2.88283 -1.06371 6
3.93386 -1.05565 6
4.71663 -1.16929 6
3.11869 -0.217602 6
3.97484 -1.22467 6
4.11002 -1.14435 6
3.60412 -0.761393 6
4.09166 -1.11371 6
4.64774 -0.91495 6
4.69721 -1.30483 6
4.56337 -1.16555 6
3.49929 -0.651422 6
4.26691 -1.12209 6
3.00544 -0.692727 6
5.02387 -1.05561 6
3.00793 -0.968616 6
4.61889 -1.80857 6
3.00354 -0.972539 6
4.48272 -1.36807 6
4.08257 -1.32784 6
4.45014 -1.16653 6
3.9684 -0.596067 6
3.58254 -1.17481 6
5.2618 -1.23888 6
4.42972 -1.20357 6
4.15467 -0.396107 6
3.66236 -0.730801 6
4.82616 -1.82278 6
3.58929 -1.19719 6
4.448 -1.34359 6
3.74231 -1.1446 6
4.84198 -1.33007 6
3.69598 -1.26948 6
4.56188 -1.50365 6
4.19361 -1.05792 6
5.01755 -0.824908 6
4.62729 -1.81135 6
2.59738 -1.1515 6
3.8108 -1.0187 6
4.28718 -1.18038 6
5.18866 -1.36331 6
3.85601 -0.562575 6
4.03504 -1.02861 6
3.58121 -1.0537 6
4.33378 -1.25887 6
4.50278 -1.46751 6
4.42971 -0.744607 6
5.08517 -1.50659 6
4.91237 -1.18087 6
3.66544 -1.06889 6
3.97253 -0.950387 6
4.577 -1.81231 6
5.62855 -1.51996 6
2.76414 -0.789527 6
3.55642 -0.913142 6
3.94545 -0.894619 6
4.469 -0.718958 6
4.82101 -1.95551 6
3.77646 -1.15586 6
4.43995 -1.33962 6
3.43845 -1.55539 6
3.72752 -0.388359 6
3.47319 -0.525092 6
3.1507 -0.88311 6
4.96754 -1.41104 6
4.4316 -1.6688 6
4.50113 -1.62535 6
3.3166 -1.34775 6
5.04857 -0.916964 6
4.87058 -1.06951 6
4.25247 -0.611108 6
4.51989 -1.38205 6
2.88079 -1.18881 6
3.65247 -0.860058 6
4.57709 -1.33991 6
5.04577 -0.96697 6
5.09981 -1.28686 6
3.24237 -0.622798 6
5.06971 -1.51436 6
3.89758 -1.07234 6
4.38008 -1.07427 6
4.54501 -1.63319 6
3.93899 -1.12361 6
4.09301 -1.08388 6
4.87146 -1.23051 6
3.93459 -1.60929 6
5.16963 -2.26881 6
4.31563 -1.56992 6
5.46923 -1.58522 6
4.73709 -1.04496 6
3.53489 -0.777295 6
4.46736 -0.833673 6
3.63579 -1.71917 6
4.35852 -1.65422 6
4.9829 -1.42154 6
4.72484 -1.56931 6
3.7358 -0.741332 6
4.49319 -1.04485 6
4.00295 -1.20168 6
4.50859 -1.01914 6
3.37538 -0.611386 6
5.21063 -1.69585 6
4.84284 -1.61917 6
5.31259 -1.32058 6
4.43135 -2.21442 6
3.5951 -0.606983 6
3.98111 -0.321923 6
4.46485 -1.4454 6
4.29367 -0.383044 6
4.83038 -0.951498 6
4.84941 -1.66198 6
5.13972 -1.77285 6
10.8519 -8.60969 7
7.90288 -7.54215 7
9.58794 -8.71942 7
6.93936 -9.22862 7
9.66187 -10.4021 7
6.97104 -8.80445 7
9.6 -9.60242 7
5.84701 -9.06509 7
10.0672 -9.01509 7
7.57654 -8.40804 7
10.4572 -8.05564 7
5.83787 -9.47749 7
5.79201 -8.74569 7
9.10434 -9.04011 7
8.89966 -7.82673 7
9.45174 -8.03974 7
8.45214 -9.24254 7
5.82311 -9.48799 7
11.5918 -8.31484 7
10.3782 -9.26562 7
8.00124 -8.98436 7
6.41111 -8.61814 7
11.7448 -9.53967 7
10.5228 -7.47492 7
9.41106 -9.18499 7
6.8946 -10.8739 7
5.39971 -8.23051 7
9.64056 -8.50429 7
8.31218 -9.9405 7
13.1294 -7.89966 7
6.86825 -8.89716 7
3.9728 -8.94807 7
9.59111 -8.71495 7
9.63014 -8.75019 7
8.40038 -10.0179 7
7.14833 -8.39219 7
10.2741 -9.76717 7
6.9108 -8.11194 7
5.24779 -8.37983 7
9.50708 -8.09324 7
8.55127 -8.97941 7
8.4362 -8.0765 7
7.59451 -10.2606 7
8.40504 -8.9364 7
10.3265 -8.56073 7
6.47457 -8.87897 7
8.89304 -10.0863 7
8.95541 -8.20978 7
5.18898 -8.99653 7
9.66361 -8.29372 7
6.15673 -8.85572 7
6.75869 -8.17882 7
8.19132 -10.0565 7
10.9791 -9.25753 7
5.41231 -8.9539 7
12.3733 -8.13718 7
5.1882 -8.9028 7
7.15832 -8.63931 7
9.29864 -9.86531 7
-8.11198 -7.59248 8
-6.37666 -7.14603 8
-9.69927 -7.5273 8
-9.28144 -7.693 8
-8.18953 -7.90422 8
-6.72276 -7.3187 8
-11.9916 -7.31735 8
-8.42849 -7.42485 8
-8.60325 -7.54104 8
-7.53866 -7.20077 8
-10.6275 -7.54975 8
-9.80519 -7.26499 8
-7.94167 -7.28287 8
-7.44179 -7.50673 8
-9.41899 -7.4537 8
-5.92331 -8.03613 8
-10.4886 -7.41494 8
-6.10716 -7.25021 8
-10.2821 -7.40286 8
-10.2815 -7.51651 8
-9.21651 -7.87613 8
-12.4911 -7.66132 8
-9.41348 -7.8426 8
-5.41514 -7.59407 8
-10.8952 -7.56651 8
-10.728 -7.3506 8
-10.2167 -7.79325 8
-7.66958 -8.0212 8
-8.53407 -7.37695 8
-9.51187 -6.96743 8
-6.6923 -7.16865 8
-10.7688 -7.4694 8
-11.9197 -7.10967 8
-11.9906 -7.48825 8
-7.25898 -7.1587 8
-8.58342 -7.65918 8
-8.95374 -8.12246 8
-8.67166 -7.55326 8
-9.09514 -7.28914 8
-11.4735 -7.56532 8
-7.6621 -6.87558 8
-8.45433 -7.58851 8
-9.7391 -7.41532 8
-10.0524 -7.65308 8
-8.43748 -6.96837 8
-11.4762 -8.1768 8
-10.2876 -7.51638 8
-8.33222 -7.28476 8
-6.01285 -7.75374 8
-10.3237 -7.76359 8
-8.73216 -7.48821 8
-7.73388 -7.40998 8
-8.50944 -7.18088 8
-9.02404 -7.25104 8
-7.29808 -7.67687 8
-8.89496 -7.25426 8
-8.18719 -7.82215 8
-9.65219 -8.17292 8
-7.12673 -7.1176 8
-8.89339 -7.04774 8
-7.33252 -6.76254 8
-8.12968 -6.65053 8
-11.1477 -7.75647 8
-12.5953 -8.14655 8
-9.54057 -7.52927 8
-8.0371 -7.25386 8
-9.04791 -7.07746 8
-9.27936 -7.66854 8
-4.78717 -7.37129 8
-7.96692 -7.80052 8
-8.56563 -7.22748 8
-10.1468 -7.37359 8
-8.45091 -6.95652 8
-8.12859 -7.96031 8
-9.39531 -7.37204 8
-7.73082 9.64779 9
-8.41201 8.71966 9
-4.93022 9.12493 9
-8.92557 8.92029 9
-10.9758 8.5302 9
-9.15899 9.74327 9
-7.56313 9.28106 9
-13.2385 9.40214 9
-10.0021 9.07213 9
-12.4584 8.78629 9
-9.13488 8.93799 9
-7.42434 8.88887 9
-7.77481 10.4829 9
-8.77667 9.41097 9
-8.20206 8.73914 9
-8.81727 9.16121 9
-6.89342 9.05254 9
-5.74679 8.69083 9
-12.7988 9.06685 9
-4.20668 9.0184 9
-9.29305 9.34408 9
-11.001 9.13377 9
-8.67594 9.38125 9
-4.67814 9.06991 9
-4.0587 9.17736 9
-9.43771 8.20693 9
-5.44615 8.91989 9
-9.60693 9.26795 9
-7.12625 8.41602 9
-6.65137 9.60911 9
-4.9729 9.0272 9
-12.1929 8.51028 9
-3.49444 9.28622 9
-8.49429 9.49395 9
-3.85504 9.92598 9
-5.93703 9.10139 9
-7.08063 9.17161 9
-11.167 9.07083 9
-5.42445 9.65623 9
-11.5977 7.88905 9
-10.0068 8.99758 9
-9.10642 9.13724 9
-6.43098 9.07623 9
-10.2492 9.8857 9
-4.75393 9.54828 9
-5.36559 9.75426 9
-8.60703 9.35581 9
-8.12626 9.28844 9
-6.23258 8.64417 9
-5.55606 10.1974 9
-6.29512 9.51201 9
-11.3165 9.21293 9
-10.2013 9.71488 9
-7.56968 8.84786 9
-12.4558 9.65059 9
-9.34133 9.12627 9
-2.90958 9.4201 9
-11.6064 9.37256 9
-10.8472 9.07193 9
-5.40705 9.34509 9
