-8.95016 -5.57867 0
-8.81747 -4.82428 0
-6.54513 2.2691 0
-9.23733 -1.99971 0
-7.39046 -5.02155 0
-7.9766 -4.3622 0
-12.4569 -2.96427 0
-7.36561 -2.12321 0
-11.7114 -4.0104 0
-9.93073 -6.04134 0
-5.04707 -6.60213 0
-7.2161 -1.92998 0
-11.3377 -1.98277 0
-6.91257 -0.305145 0
-7.64229 -7.06395 0
-9.62859 0.449202 0
-7.38295 -5.33324 0
-6.58759 2.03896 0
-9.49223 -5.13817 0
-7.58483 2.07495 0
-13.323 -1.11432 0
-6.38852 -3.52596 0
-6.35076 -2.7853 0
-8.69882 -2.82183 0
-5.3123 0.219166 0
-9.10789 -3.76767 0
-8.10783 -0.590286 0
-6.64669 -3.11886 0
-9.63496 -6.5913 0
-6.51246 -0.990524 0
-12.208 -5.85066 0
-9.33308 -4.96159 0
-9.7702 -4.53964 0
-7.58926 -4.09634 0
-9.36281 -4.58805 0
-10.2689 -2.28543 0
-10.7478 -1.88716 0
-7.69989 0.329737 0
-8.25023 -0.87052 0
-10.9282 -4.76542 0
-9.15795 -8.04488 0
-9.24142 -2.19799 0
-9.6297 -8.16433 0
-10.4551 -2.8344 0
-9.06094 -8.33152 0
-7.14134 -6.46646 0
-12.27 -4.73959 0
-8.1476 -3.88692 0
-4.82466 -4.49269 0
-11.2903 -7.15037 0
-8.88123 -4.05285 0
-7.64678 -2.97501 0
-7.23839 2.85312 0
-9.98002 2.63694 0
-9.92086 -5.56228 0
-7.60088 -4.04688 0
-7.32027 -9.66892 0
-8.34862 -4.43701 0
-9.68674 -7.54597 0
-8.88055 -2.61214 0
-7.15754 -2.67601 0
-10.3073 -5.61666 0
-13.0198 -2.96715 0
-5.96781 -5.10115 0
-8.7089 -8.6132 0
-10.2349 -2.09562 0
-7.7774 -1.22203 0
-10.2095 -2.17983 0
-8.83062 -2.64036 0
-10.5528 -9.10049 0
-6.69358 -0.0643841 0
-9.83452 -0.191748 0
-5.8639 -7.80228 0
-8.93797 -0.91065 0
-5.53214 -1.64536 0
-8.09634 -4.74561 0
-7.67995 -3.33521 0
-10.4261 -0.644883 0
-10.4149 -2.01877 0
-11.1052 -4.8788 0
-8.4567 -4.41833 0
-8.09458 0.20383 0
-6.91852 -3.37763 0
-9.8006 -3.44166 0
-9.41401 -6.3307 0
-5.52239 1.70108 0
-9.15078 -5.11232 0
-10.4251 -2.37442 0
-7.74262 -3.18638 0
-4.95216 1.02275 0
-5.06756 -6.15 0
-7.89736 -6.94321 0
-5.22344 -1.61445 0
-8.49928 1.85415 0
-8.22981 1.49679 0
-6.25716 -4.45623 0
-8.64774 -10.4916 0
-8.68797 -3.50934 0
-5.33732 -4.05389 0
-9.46777 -4.36518 0
-8.9676 -1.1744 0
-9.1495 1.99923 0
-6.75096 -3.21961 0
-8.80282 2.54358 0
-9.80334 -7.78527 0
-6.74326 -2.54081 0
-7.87105 -1.03464 0
-10.1565 -2.24231 0
-13.5109 -9.10612 0
-11.0427 -9.57493 0
-11.659 -5.58527 0
-7.97083 -2.29773 0
-6.25073 -6.53687 0
-8.63986 -3.37215 0
-4.37599 -2.88488 0
-7.71094 0.42201 0
-7.87985 -1.61718 0
-5.18145 -2.25811 0
-10.5732 -0.2681 0
-10.2067 -3.8696 0
-9.70681 -5.66005 0
-7.67393 -2.17572 0
-8.57453 -2.52463 0
-11.3357 1.65931 0
-8.16029 -4.9807 0
-6.98715 -1.74064 0
-11.0345 -4.17784 0
-8.78341 -3.74511 0
-6.84255 -3.71483 0
-8.92813 -4.40356 0
-6.89211 2.52742 0
-11.2158 -1.39484 0
-7.34451 -7.22675 0
-9.91146 -7.30446 0
-10.4656 -6.80443 0
-8.57062 -5.69732 0
-8.47796 -4.12112 0
-5.7274 -4.19196 0
-11.5096 -4.64294 0
-8.70106 -5.28922 0
-9.22812 -4.39097 0
-8.61036 -1.26587 0
-10.1046 -4.77652 0
-10.0645 -2.57135 0
-10.2024 -5.32478 0
-8.16595 -3.98703 0
-8.08488 -8.46819 0
-10.3558 0.607497 0
-12.4625 -6.06652 0
-10.8461 -0.668674 0
-7.95291 2.24281 0
-8.52609 -1.58749 0
-9.02581 -3.65912 0
-4.06072 -5.8228 0
-8.61048 -2.86493 0
-15.422 -6.79692 0
-6.95752 -2.90674 0
-9.91541 -3.4143 0
-8.29354 -4.57246 0
-8.03389 -3.44931 0
-9.78419 -0.311076 0
-8.68748 -0.299232 0
-8.46613 -0.64891 0
-6.64104 -2.72217 0
-8.49067 -4.73883 0
-7.60837 1.49591 0
-8.19243 -7.28121 0
-9.04647 0.564712 0
-8.16074 -0.647331 0
-5.8127 -6.78781 0
-10.2768 -4.19226 0
-11.2598 -1.82351 0
-6.24831 -4.9744 0
-5.59665 -1.83032 0
-6.84246 -5.60257 0
-11.2715 -1.41179 0
-8.20739 -5.35829 0
-8.18352 -8.48712 0
-6.82932 -0.109369 0
-7.88228 -0.98184 0
-12.0672 -1.03528 0
-7.26358 -2.34686 0
-10.1311 -1.68009 0
-12.7374 -3.94957 0
-12.3876 -3.01777 0
-9.07646 -4.10027 0
-7.69712 -9.09821 0
-6.46573 -0.27987 0
-4.98266 -1.45319 0
-11.03 -2.63449 0
-8.07143 -9.66758 0
-12.6501 -0.234387 0
-9.75878 1.09832 0
-7.50904 -5.07721 0
-8.01352 -5.52146 0
-11.2358 -5.82039 0
-9.53434 -3.67953 0
-8.9464 -1.51371 0
-6.15048 -1.18348 0
-8.53492 -7.20182 0
-9.48262 -3.21718 0
-10.7789 -4.39578 0
-7.67651 -1.55198 0
-11.2147 -3.0018 0
-7.617 -6.89862 0
-6.08286 -0.767113 0
-8.31975 -0.678367 0
-7.7569 -2.22977 0
-6.05036 -3.27163 0
-6.21534 -5.96705 0
-10.3076 -3.69321 0
-6.92106 -0.636458 0
-9.27132 -0.293719 0
-6.67947 -1.85056 0
-5.17141 1.20894 0
-13.5915 -2.88357 0
-7.50202 -3.42085 0
-9.50318 -2.7926 0
-6.10222 -3.29822 0
-10.9421 -1.46342 0
-6.68247 -1.62782 0
-6.35278 3.85128 0
-11.1435 -3.72567 0
-7.10614 -5.20675 0
-6.51397 -0.48578 0
-6.40376 -2.77806 0
-8.819 -4.49206 0
-8.96955 0.512265 0
-5.88535 0.618609 0
-9.91595 -3.1979 0
-8.47328 0.50232 0
-7.23178 -4.37133 0
-8.83224 -3.85238 0
-9.3364 -4.21964 0
-5.25708 5.47857 0
-9.28811 -1.37138 0
-4.51111 -11.4437 0
-7.44598 -1.90814 0
-8.59182 0.841642 0
-9.84919 -5.16322 0
-11.0485 1.97673 0
-10.7022 -6.83585 0
-10.2058 -7.32109 0
-8.80183 -4.16082 0
-10.2794 -7.84703 0
-9.43912 0.451821 0
-9.71091 -0.330221 0
-8.07124 -4.33617 0
-14.2674 -6.60106 0
-10.1317 0.394073 0
-8.52137 -0.511011 0
-8.76669 -4.18252 0
-4.89594 -5.53106 0
-8.59691 -6.98599 0
-7.53431 -4.22342 0
-8.49402 -1.16478 0
-9.86809 -3.27316 0
-9.60417 -5.14855 0
-8.07967 -4.63097 0
-8.38914 -0.345831 0
-11.9597 -3.0811 0
-7.89586 -2.07608 0
-9.46263 -3.80492 0
-4.5595 -1.54144 0
-6.98257 -4.85989 0
-6.79283 -0.220355 0
-6.62906 -1.34471 0
-8.14105 -5.28503 0
-11.3808 -4.93166 0
-7.4503 -2.68952 0
-8.25032 -0.55136 0
-7.59657 -6.48952 0
-8.48843 -8.12555 0
-7.24733 -2.99314 0
-6.4021 -4.68421 0
-7.75145 -4.6167 0
-7.27694 -0.873171 0
-8.95949 -5.2019 0
-10.352 1.50551 0
-7.78978 -1.96376 0
-9.11102 -1.38864 0
-6.39632 -9.61728 0
-12.9917 -3.93037 0
-12.0098 -3.85274 0
-7.81264 -0.0424734 0
-8.59788 -4.52389 0
-7.1236 -3.83569 0
-8.92088 0.330697 0
-7.90629 -1.56936 0
-8.47383 -4.60262 0
-11.8151 -3.93908 0
-8.89002 -7.8485 0
-10.8962 -0.661374 0
-10.1469 -6.66443 0
-11.3844 -6.09468 0
-7.661 -4.79073 0
-7.88619 -0.868459 0
-7.44861 -1.48263 0
-10.9582 -4.44796 0
-9.19265 -1.54885 0
-10.6787 -3.40652 0
-7.57623 -6.92781 0
-7.33353 -1.2741 0
-7.70535 -0.801528 0
-12.1477 -2.53364 0
-6.97299 -3.16521 0
-10.6937 -4.76714 0
-12.0238 0.534856 0
-9.71473 -1.06463 0
-8.70206 -2.86436 0
-7.88825 -2.01547 0
-6.33353 -2.34311 0
-9.5183 -3.49946 0
-7.13958 -2.81544 0
-10.5697 -8.457 0
-7.19983 -4.93531 0
-9.5628 -2.52614 0
-9.52161 -5.26956 0
-9.90778 -2.78313 0
-10.4504 -6.49479 0
-8.08529 -2.13354 0
-6.77253 -0.467156 0
-8.8642 -9.90295 0
-9.02858 -1.76548 0
-7.31676 -3.07211 0
-8.11281 -1.27547 0
-10.2682 1.77951 0
-13.2875 -5.05894 0
-8.24132 -3.40138 0
-10.9312 -0.484177 0
-6.72893 -4.84226 0
-8.00867 -6.10552 0
-9.32591 0.904954 0
-8.94073 -3.6941 0
-11.6391 -4.71638 0
-11.4629 -1.88966 0
-9.56183 -4.94052 0
-6.65931 0.570088 0
-8.31781 -7.49295 0
-11.401 -2.19571 0
-10.3804 -2.17507 0
-10.639 -5.73533 0
-9.20956 -2.57182 0
-8.3984 0.168859 0
-9.13689 -2.14964 0
-8.25347 -3.83079 0
-8.7278 -3.42113 0
-9.39436 -6.36047 0
-10.4033 -8.55764 0
-8.88725 -1.60625 0
-8.87227 -5.80616 0
-11.4709 -1.96638 0
-9.07096 -4.48344 0
-7.36096 -0.231938 0
-7.62022 -0.375368 0
-10.0772 -5.97934 0
-8.23743 -1.54316 0
-9.21112 -7.74053 0
-11.1279 -3.54151 0
-6.82183 -0.459685 0
-8.5383 -2.96119 0
-7.76915 -0.641126 0
-11.3098 -0.559306 0
-9.69898 -4.6164 0
-7.48326 0.259733 0
-9.89459 2.01991 0
-8.3253 -1.50006 0
-6.30281 -5.7027 0
-6.21476 -3.55328 0
-7.49463 -2.11516 0
-10.3433 -4.90074 0
-10.1346 -0.548448 0
-11.0488 -1.73787 0
-6.03396 -4.09169 0
-9.16974 -8.13064 0
-8.06845 -2.62268 0
-5.23906 -1.7053 0
-8.24585 -4.03223 0
-3.64494 -1.79693 0
-6.09573 -1.95671 0
-8.57673 -5.19479 0
-6.36491 -0.885194 0
-7.13145 -5.19325 0
-7.90975 -0.899206 0
-9.46371 -6.53659 0
-10.1988 -10.5191 0
-8.33418 1.60348 0
-10.8367 -8.99143 0
-8.89666 -8.84124 0
-7.20512 -6.68217 0
-8.41596 -6.01964 0
-6.4011 0.266337 0
-6.9036 -2.22403 0
-5.57443 -5.05069 0
-6.36579 -2.03222 0
-9.74423 -0.359149 0
-8.33031 -7.96961 0
-7.31281 -2.16599 0
-10.1462 0.464077 0
-9.47686 0.977191 0
-9.66575 0.0762164 0
-5.87515 -0.621007 0
-9.66755 -4.28835 0
-6.27116 0.962372 0
-10.2236 0.323357 0
-5.09512 -2.39388 0
-6.70412 -8.92503 0
-7.62595 -7.06502 0
-10.3848 -0.215954 0
-6.50416 -2.94453 0
-6.44304 0.556095 0
-7.30629 -1.82841 0
-8.35571 3.3777 0
-10.5406 -2.74414 0
-9.22075 -2.5622 0
-11.252 -4.92944 0
-6.1487 -8.31182 0
-5.24472 -4.88284 0
-8.2196 -1.40367 0
-8.62545 -4.60821 0
-4.98542 -7.58814 0
-10.2694 -5.40044 0
-11.1463 -6.37299 0
-8.94179 -4.76563 0
-13.8051 -2.08638 0
-9.96506 -2.54928 0
-8.63586 1.33102 0
-7.93513 -5.75421 0
-9.66364 -2.51914 0
-4.95117 -7.7154 0
-8.46 -3.03289 0
-9.32082 -7.92993 0
-9.96923 -3.90985 0
-4.94022 -1.18162 0
-13.1668 0.223472 0
-8.56523 -5.01443 0
-5.2804 -2.61538 0
-7.19296 -2.73814 0
-9.84639 -4.16406 0
-8.89409 -1.27602 0
-8.47322 -7.25691 0
-10.9052 -2.87961 0
-5.21899 -2.47386 0
-10.3243 -3.70822 0
-8.29945 -5.68346 0
-8.60665 -4.14539 0
-5.75499 -6.81979 0
-10.1263 -4.03207 0
-10.2337 -1.84449 0
-10.0691 -6.39161 0
-7.79151 -8.98768 0
-5.62899 -2.52726 0
-7.32382 2.7182 0
-9.86123 -3.05488 0
-6.96671 -3.41841 0
-6.42237 -0.520893 0
-10.2482 -0.333776 0
-7.31625 -6.16993 0
-7.78581 -4.02658 0
-10.0037 -4.89345 0
-10.4711 -4.31464 0
-5.65916 -3.92228 0
-6.03892 -3.51798 0
-11.3724 -5.4583 0
-10.2487 -2.21596 0
-6.57113 -3.7608 0
-7.22799 1.92417 0
-6.46742 -1.33413 0
-8.25319 -8.33086 0
-10.037 -6.81805 0
-9.41828 -1.83053 0
-12.4957 -3.94293 0
-9.53736 0.0872362 0
-11.0945 1.92674 0
-9.69865 0.559006 0
-10.3616 -5.18077 0
-3.39779 -1.31311 0
-8.50092 4.35963 0
-6.32747 -1.52686 0
-9.25058 -2.5427 0
-6.64741 -4.49468 0
-8.05546 -2.91293 0
-8.08438 -2.16487 0
-7.56797 -5.98044 0
-7.94805 -1.80757 0
-7.56577 -3.44685 0
-8.28554 -4.01931 0
-5.83993 -2.36417 0
-9.83166 -5.21239 0
-11.1517 -2.12795 0
-8.74556 -4.75475 0
-9.03793 -1.21003 0
-9.93665 -2.46531 0
-9.5267 -9.18935 0
-8.291 -5.16197 0
-7.79536 -4.34622 0
-7.47005 -8.40952 0
-8.1177 1.50576 0
-9.12348 -8.24769 0
-11.9501 -6.11331 0
-10.6805 -0.17749 0
-7.75035 -0.195718 0
-10.7776 -3.7379 0
-10.9262 -5.71186 0
-5.7674 -5.08873 0
-5.33451 -1.11053 0
-12.8521 -5.29744 0
-5.58748 -7.60144 0
-7.23083 -6.19223 0
-8.8692 -2.49506 0
-10.4447 -5.57337 0
-9.21276 -1.39654 0
-8.85617 1.3785 0
-5.44761 -0.718852 0
-8.50642 -4.83809 0
-10.7291 -1.30734 0
-8.03036 -1.97839 0
-9.9708 -5.3277 0
-9.49602 -2.15915 0
-8.76108 -4.95719 0
-7.34095 2.76374 0
-9.27654 -8.97711 0
-8.52875 -1.14081 0
-7.92864 -1.25261 0
-10.3405 -4.54512 0
-8.15604 -0.822982 0
-5.33413 -1.40214 0
-6.52158 -4.60574 0
10.6488 5.73072 1
8.08381 3.03458 1
10.6934 4.63709 1
7.1071 3.29266 1
6.58231 4.39619 1
3.34501 5.02053 1
9.19624 4.82429 1
10.3477 4.15227 1
7.03039 4.03418 1
12.9153 2.83152 1
9.29285 3.09285 1
8.31015 3.90175 1
12.3231 5.05427 1
10.4134 5.40704 1
9.55997 4.7983 1
8.63463 2.12471 1
9.50324 3.65805 1
9.1659 4.03085 1
10.2888 3.43317 1
9.25392 4.09089 1
5.89198 2.59842 1
8.09621 2.89595 1
13.2265 4.82451 1
10.1617 3.70256 1
6.05974 3.85639 1
9.68766 4.63024 1
9.43165 2.08965 1
6.78562 3.39541 1
10.8523 4.62782 1
7.96602 3.94851 1
8.05982 2.60346 1
8.20246 3.19949 1
6.87794 4.10426 1
6.85513 6.52093 1
8.43706 3.30104 1
4.47007 3.93159 1
8.03469 3.69272 1
10.6563 4.27207 1
7.86081 4.84377 1
10.1177 2.21664 1
10.7987 4.76887 1
9.54026 4.21726 1
10.9466 5.87916 1
8.56186 4.72175 1
7.83034 4.70111 1
11.3402 2.29633 1
5.69607 4.24481 1
6.51431 2.94191 1
11.0492 6.22598 1
7.83167 3.67668 1
6.9867 3.07913 1
8.35204 3.91395 1
12.5564 3.23419 1
10.5122 1.86875 1
6.15909 4.12474 1
7.7742 4.55837 1
8.74858 2.72996 1
6.89696 4.14291 1
14.0099 3.01329 1
6.15364 2.88954 1
8.39581 6.37446 1
9.14234 2.19564 1
7.81944 3.01869 1
10.181 2.69928 1
9.52962 3.55287 1
11.6228 4.02836 1
10.7424 1.07842 1
7.11084 3.18826 1
8.06341 4.22094 1
8.29811 3.55794 1
6.90874 2.37927 1
5.44907 3.37772 1
8.42756 2.2571 1
13.4295 2.77604 1
10.6487 3.57321 1
8.28971 2.9616 1
6.31366 5.12594 1
12.4198 3.93571 1
6.21252 2.45436 1
10.0063 4.38363 1
11.4634 3.40515 1
4.53069 2.6485 1
9.64044 3.32412 1
15.3814 3.65537 1
8.88635 3.93287 1
5.75588 2.81146 1
7.1211 4.74538 1
9.89452 4.03478 1
8.83052 3.03903 1
5.76211 3.44557 1
7.48071 3.49445 1
6.57597 3.8931 1
9.9959 4.19032 1
9.33784 3.97391 1
9.00915 1.06247 1
7.64599 3.26539 1
7.3283 3.72115 1
10.8844 3.91418 1
8.96801 4.08144 1
11.3887 2.90045 1
11.1701 6.76928 1
9.71959 2.72046 1
7.75801 3.18512 1
3.72257 4.19094 1
9.35126 7.10629 1
10.149 1.99671 1
5.84617 3.2165 1
10.8359 4.01003 1
11.7929 3.96839 1
7.18992 4.49424 1
9.33025 4.50359 1
8.09282 3.68277 1
7.42758 5.17654 1
8.88487 4.19958 1
11.7362 2.76078 1
9.30227 3.30295 1
8.32238 2.10865 1
5.74089 5.68345 1
7.3513 3.90622 1
14.9025 4.31879 1
8.63374 5.14825 1
10.6583 4.03191 1
5.93085 4.2871 1
13.9825 4.71308 1
6.42658 2.0769 1
9.57808 5.5277 1
10.3297 4.45119 1
5.76216 2.3867 1
13.9464 3.34111 1
8.01458 5.65712 1
8.61155 3.23104 1
5.44355 3.72012 1
14.3742 1.58445 1
12.2888 3.74216 1
9.58151 5.41228 1
11.8727 4.68094 1
7.62037 3.77761 1
10.2325 5.29501 1
12.2054 3.53632 1
6.69753 2.04571 1
12.3069 4.02183 1
9.76908 2.47549 1
11.4617 2.67305 1
7.62787 3.12155 1
9.40685 4.94936 1
12.3919 2.08827 1
7.23808 4.21368 1
8.58443 4.66305 1
11.7653 4.72044 1
6.50572 4.37439 1
7.45274 4.81088 1
7.04216 4.70386 1
11.2019 4.73287 1
3.79855 4.17465 1
10.493 4.20508 1
8.0527 3.23581 1
10.8688 2.87511 1
8.07314 4.34086 1
6.58331 4.09967 1
10.2038 3.93248 1
8.76587 4.50024 1
6.49741 4.16259 1
9.21597 3.00032 1
7.43114 3.21781 1
4.09424 4.60729 1
6.62179 2.91376 1
8.71761 3.06194 1
8.10486 4.21534 1
8.92743 2.81914 1
7.8775 3.36372 1
8.34501 3.83126 1
11.8381 2.611 1
11.5391 3.62508 1
6.8275 5.26648 1
6.93584 3.78374 1
6.37665 4.35924 1
6.87879 2.35525 1
6.52113 3.45736 1
11.0817 4.19799 1
3.74766 4.38951 1
9.03963 3.92222 1
7.91605 1.97903 1
10.3593 3.38538 1
9.25445 2.92729 1
6.96237 3.34726 1
9.51499 4.10055 1
7.974 3.7996 1
7.67819 2.9977 1
8.14937 2.95318 1
8.4862 3.41333 1
8.85051 3.78946 1
8.05569 2.48365 1
8.14376 3.00352 1
9.74877 5.52141 1
7.12884 2.38243 1
7.95561 4.16604 1
9.52284 3.95751 1
7.62528 3.34566 1
5.39762 3.95687 1
5.48777 4.37268 1
13.1158 3.4752 1
7.68161 4.44693 1
6.92606 5.84084 1
5.17474 4.14183 1
8.61132 4.15438 1
10.359 3.5039 1
10.5662 2.48423 1
5.82377 5.46931 1
7.42017 4.38274 1
6.65531 3.63343 1
8.64067 2.70486 1
7.02942 2.85235 1
10.1874 2.80022 1
12.6107 4.21279 1
6.81627 6.51742 1
5.5164 2.17452 1
11.0815 3.74228 1
8.42274 4.1636 1
5.90537 1.83586 1
5.89467 4.00436 1
12.9138 3.77168 1
8.33775 2.69728 1
8.58929 3.39157 1
8.56041 3.8055 1
7.57964 3.29697 1
8.9279 1.11675 1
10.6734 3.29572 1
8.99951 1.86587 1
8.98222 3.16307 1
10.7064 4.97866 1
9.36069 2.8263 1
10.445 4.67512 1
10.3575 4.90335 1
11.2255 2.42872 1
10.2718 5.68743 1
6.9769 4.95617 1
5.29965 4.18969 1
6.46656 4.14975 1
11.4491 3.36849 1
8.79062 4.44303 1
11.6637 1.92987 1
7.45668 3.91882 1
7.57157 3.31106 1
4.09465 3.85598 1
9.13896 3.81936 1
8.51121 3.72142 1
6.93204 4.2293 1
7.19591 3.58138 1
9.34705 4.22631 1
9.63293 3.44185 1
7.1168 2.18449 1
9.68181 2.87071 1
8.07068 4.92156 1
6.55569 4.44114 1
8.88744 3.07865 1
13.1081 2.83181 1
5.72836 3.77263 1
10.5261 3.13571 1
11.473 3.37193 1
7.56923 4.74667 1
7.18374 5.06298 1
7.83045 2.83916 1
7.93905 5.62252 1
11.9055 3.68453 1
12.6387 4.76463 1
6.21089 3.49924 1
4.60096 3.70993 1
10.3126 3.81225 1
9.39455 3.24695 1
8.20645 5.71505 1
8.86276 2.42178 1
5.99257 4.42001 1
11.5448 4.85882 1
9.74699 3.74763 1
8.43131 3.93272 1
9.81072 4.10692 1
10.287 3.30786 1
11.8016 2.09317 1
7.2474 5.64496 1
8.53486 3.90988 1
6.85384 4.30967 1
7.90678 3.18656 1
7.93243 5.25444 1
9.32599 3.38834 1
13.4029 4.30415 1
7.12397 2.85777 1
8.79808 2.40621 1
10.8435 3.67841 1
13.1825 4.54792 1
10.7713 4.45466 1
9.75476 3.171 1
4.95342 4.12176 1
11.3871 4.41526 1
9.1502 2.3366 1
8.29868 2.80207 1
9.03973 3.2499 1
8.24324 4.0787 1
10.303 5.34869 1
10.6794 2.89293 1
5.72309 2.94495 1
8.20587 3.90305 1
12.382 3.50971 1
9.46772 4.63494 1
9.34675 1.08299 1
14.0638 4.57456 1
9.58716 4.26865 1
7.5345 4.26815 1
7.98869 1.11107 1
8.16054 3.89471 1
9.3709 3.58262 1
11.0514 4.57622 1
7.8381 2.54875 1
4.75143 3.5281 1
9.9992 3.39287 1
8.91011 2.90744 1
7.14033 2.94281 1
9.68201 2.74024 1
6.34504 3.14864 1
11.1636 2.97108 1
12.2637 2.8888 1
8.93586 3.42286 1
14.844 2.90296 1
7.94875 4.87404 1
11.5222 4.78475 1
5.13345 2.26825 1
8.87873 3.8716 1
5.50792 2.29238 1
7.49013 3.64849 1
9.67939 2.57007 1
8.25164 3.50601 1
8.5816 3.85098 1
8.2846 2.70877 1
11.6131 2.17142 1
13.1189 3.11521 1
11.2963 2.81721 1
7.30784 3.21428 1
4.02233 2.82459 1
9.30879 2.54899 1
10.1268 2.98888 1
5.7319 3.64769 1
9.13376 4.12276 1
4.4504 3.76202 1
8.19174 3.91496 1
11.3847 3.90733 1
9.63698 2.76569 1
14.3036 4.64747 1
6.49221 3.13759 1
12.3373 4.05819 1
8.21558 -6.52714 2
7.25867 -4.26223 2
7.80436 -3.84063 2
6.91273 -4.32015 2
7.21214 -4.75931 2
8.46934 -7.30341 2
7.36573 -5.33016 2
7.37852 -4.43183 2
8.25411 -6.48414 2
7.49205 -3.76039 2
7.97526 -4.99248 2
6.91436 -4.245 2
8.24176 -6.10717 2
8.12001 -3.82843 2
7.67562 -4.47616 2
7.24972 -4.11716 2
8.41056 -5.8478 2
7.01563 -3.98099 2
8.79986 -6.54848 2
7.07765 -4.29934 2
7.4763 -5.0505 2
8.15516 -5.89663 2
7.4436 -4.57856 2
7.23116 -5.9856 2
7.68327 -5.96785 2
6.66737 -5.51569 2
9.43858 -5.79594 2
5.39423 -2.17073 2
6.92688 -3.85266 2
7.94686 -5.97091 2
6.03438 -4.29236 2
8.69675 -5.20222 2
8.49274 -4.41055 2
8.36182 -5.68465 2
8.15982 -4.20952 2
7.62562 -6.48198 2
7.78927 -4.995 2
7.25214 -4.72584 2
7.64992 -4.77274 2
7.5338 -5.01047 2
7.86226 -7.07814 2
6.95261 -4.69284 2
8.2638 -5.66129 2
9.44843 -5.94666 2
6.48763 -4.0547 2
9.5684 -7.29435 2
8.09887 -6.18299 2
6.59258 -3.98006 2
7.96023 -6.21648 2
8.80685 -5.82333 2
6.9069 -4.60366 2
6.53908 -4.9293 2
8.347 -6.88364 2
7.83851 -5.06257 2
8.1494 -5.285 2
8.29445 -4.82172 2
7.81479 -5.20044 2
8.76263 -5.77886 2
8.87022 -5.39842 2
7.2142 -3.02557 2
7.10486 -4.11215 2
7.73117 -5.32423 2
7.33996 -4.62561 2
8.64864 -5.62549 2
8.82884 -5.52683 2
7.93466 -3.84635 2
6.37871 -5.05147 2
6.87469 -5.42998 2
7.59899 -4.72222 2
8.77199 -4.17253 2
7.57282 -5.57515 2
7.11273 -4.2749 2
8.14867 -6.59259 2
7.20905 -4.71906 2
7.55504 -5.47976 2
8.29952 -5.90418 2
7.70585 -5.55009 2
6.71898 -4.95492 2
7.95066 -4.58953 2
7.98235 -7.12362 2
7.89906 -4.84191 2
8.2506 -5.51881 2
7.69606 -4.13853 2
7.68225 -6.85553 2
6.68248 -3.89266 2
8.28742 -5.86917 2
8.18565 -7.32373 2
8.99689 -5.25791 2
8.12891 -6.2902 2
7.41482 -4.57254 2
9.26152 -4.4814 2
7.462 -5.51848 2
7.48379 -3.97456 2
8.57599 -6.30195 2
7.18144 -3.91636 2
7.92344 -5.39403 2
8.50802 -6.06545 2
7.73448 -5.37262 2
7.50168 -3.80082 2
7.72431 -3.61801 2
7.42221 -4.15033 2
7.21299 -4.03401 2
7.42043 -5.683 2
6.4918 -4.88122 2
7.3669 -5.08995 2
7.32418 -4.57092 2
7.51918 -3.18269 2
7.63751 -3.95128 2
9.45317 -7.69963 2
7.18989 -5.18113 2
7.41252 -3.00611 2
6.77677 -4.18454 2
7.46463 -5.33187 2
7.67432 -4.7474 2
8.12209 -4.68337 2
8.33842 -6.88803 2
6.73327 -4.36745 2
6.42128 -3.48153 2
6.95926 -4.32904 2
7.49485 -5.06222 2
7.60707 -4.61305 2
8.64915 -5.9028 2
8.02029 -3.75276 2
7.52839 -4.29204 2
7.80238 -4.80038 2
8.62892 -4.87818 2
8.99566 -6.51429 2
6.58688 -3.00383 2
8.14506 -5.64129 2
8.9485 -6.34127 2
6.93472 -5.02641 2
8.20162 -6.6672 2
7.00103 -5.18032 2
8.76341 -6.05168 2
9.14243 -7.41284 2
7.97253 -3.76909 2
9.1234 -5.62478 2
8.29005 -5.16139 2
7.68964 -4.02875 2
6.72702 -3.57463 2
7.3028 -6.20282 2
7.12063 -5.39387 2
7.82379 -5.65318 2
6.84114 -4.34255 2
6.93408 -3.94846 2
8.86009 -4.92375 2
9.28262 -7.47602 2
8.9767 -6.07887 2
6.84218 -3.38741 2
7.29485 -5.02131 2
8.28565 -6.38638 2
7.81089 -5.11985 2
8.2301 -5.77983 2
7.42068 -6.28628 2
6.45574 -3.44049 2
8.07705 -4.19251 2
9.16992 -5.13206 2
8.55188 -5.29978 2
7.54507 -5.45404 2
8.80225 -5.76065 2
6.92267 -6.05484 2
8.64899 -5.6136 2
6.18193 -2.85691 2
6.79502 -4.30102 2
6.51379 -5.49728 2
9.32299 -6.39295 2
8.03661 -5.22456 2
8.19439 -5.67989 2
7.90917 -6.44099 2
7.6994 -5.7014 2
6.66353 -4.89497 2
7.56658 -4.67699 2
7.8648 -4.56454 2
7.99463 -4.92241 2
8.0545 -5.01577 2
7.76179 -5.30448 2
7.20365 -6.07004 2
5.78738 -3.97098 2
8.22661 -6.09629 2
7.58517 -4.45087 2
7.99945 -5.19689 2
7.47618 -6.35126 2
7.89967 -6.04771 2
9.83191 -6.72144 2
7.38241 -5.13821 2
8.02382 -5.68879 2
7.85113 -4.41963 2
6.98771 -3.2161 2
7.11917 -5.0342 2
7.62182 -6.02219 2
8.7577 -5.81783 2
8.55257 -5.35858 2
8.36812 -6.36993 2
6.96463 -4.52723 2
8.62338 -5.65426 2
6.54302 -2.7819 2
7.76317 -4.33037 2
8.68297 -5.95632 2
8.33462 -5.5957 2
6.68367 -4.02869 2
8.57601 -5.28294 2
8.13468 -5.40191 2
6.77564 -4.58886 2
7.79874 -6.08763 2
7.91266 -4.52563 2
8.61527 -5.61614 2
8.11893 -6.25358 2
8.60432 -7.48193 2
8.08743 -4.13159 2
8.91303 -6.91813 2
6.7369 -3.93896 2
7.84607 -4.76658 2
8.19455 -4.99379 2
6.5046 -3.22624 2
7.74714 -5.19566 2
7.24306 -4.64577 2
6.67712 -4.38192 2
7.624 -6.72347 2
6.17205 -3.51381 2
7.57652 -5.19709 2
7.77062 -6.76155 2
6.76822 -5.07442 2
7.91587 -5.304 2
7.14604 -4.56815 2
7.7271 -5.31715 2
7.70084 -5.43181 2
8.85749 -5.90463 2
8.06269 -5.5288 2
8.01415 -4.39344 2
6.66313 -4.45948 2
8.49503 -4.10553 2
7.47742 -4.08359 2
7.49555 -6.1321 2
6.85648 -3.62792 2
6.91266 -4.04578 2
8.73962 -8.64102 2
9.27027 -6.84691 2
8.05271 -5.47392 2
9.40193 -6.11488 2
7.67902 -5.07298 2
8.43973 -7.31658 2
6.61367 -4.44298 2
8.24509 -4.47934 2
8.00671 -5.47328 2
7.2652 -4.7433 2
6.90168 -3.5815 2
9.15876 -4.93803 2
7.87283 -5.43584 2
8.10582 -5.35298 2
7.47366 -4.72901 2
8.58472 -5.28628 2
7.70379 -5.78497 2
6.13137 -1.89535 2
6.92535 -4.12175 2
6.20932 -2.24639 2
7.07708 -5.01275 2
7.13085 -4.35147 2
7.13845 -6.46362 2
8.52459 -5.15314 2
7.52534 -5.47878 2
8.88022 -5.52651 2
7.8162 -5.38012 2
9.13303 -6.42477 2
5.69001 -1.77761 2
8.00189 -3.99455 2
7.93297 -5.40459 2
7.65405 -5.73359 2
8.62692 -3.51199 2
7.96324 -5.09939 2
8.59292 -6.88572 2
8.45745 -5.49147 2
9.687 -6.29964 2
-3.08722 -11.3163 3
-1.55992 -7.46493 3
1.0848 -7.97573 3
0.978531 -8.42806 3
-1.11736 -8.1798 3
-0.864763 -7.38423 3
-0.863911 -9.46986 3
-1.83273 -8.78197 3
0.329635 -7.17936 3
-3.38597 -9.23148 3
-3.5595 -8.7162 3
-2.21009 -9.4642 3
-1.78889 -9.54793 3
-0.903339 -6.8431 3
-1.53792 -8.18133 3
-2.45547 -8.25838 3
-2.19204 -8.89803 3
-4.05872 -9.26238 3
0.620865 -7.91013 3
-3.90058 -10.0914 3
-2.73382 -9.50378 3
-1.69903 -7.50205 3
-0.856244 -8.81509 3
0.283741 -6.8633 3
0.811628 -8.41525 3
1.02622 -8.34919 3
-1.9486 -6.5346 3
0.599389 -10.5031 3
-2.05523 -8.03211 3
-3.38086 -8.5311 3
-3.23366 -9.9707 3
-2.92798 -9.0649 3
-1.06477 -7.92725 3
-3.06272 -7.5749 3
-1.71918 -10.1516 3
-0.0838494 -8.08798 3
-1.60501 -10.296 3
-2.27933 -8.81424 3
-1.42969 -7.60464 3
-0.923051 -7.82317 3
-1.41061 -9.07793 3
-2.45966 -8.94702 3
-1.98079 -9.31162 3
-1.79302 -8.78565 3
-1.54368 -9.01565 3
-1.30637 -8.63264 3
-3.49856 -8.32311 3
-1.02911 -8.19721 3
-1.80768 -10.6677 3
-2.73345 -8.35195 3
-3.1641 -10.4562 3
-3.67334 -10.331 3
-3.14048 -7.09323 3
-2.90165 -9.66255 3
-1.0887 -7.95198 3
-4.48569 -8.83529 3
-1.52435 -10.1671 3
-2.43334 -10.9916 3
-2.36363 -9.22947 3
-2.17616 -11.0936 3
-3.64424 -9.58955 3
1.22694 -6.79802 3
-0.935448 -9.91538 3
-1.27013 -9.9894 3
-0.702646 -8.84355 3
1.07401 -7.90562 3
-2.36303 -9.37728 3
-3.19163 -8.07197 3
-2.86916 -7.6001 3
3.5549 -7.64583 3
-3.03394 -7.92741 3
-2.17387 -10.1671 3
-0.606414 -8.81243 3
-0.0492434 -9.84081 3
-2.95424 -9.78068 3
-0.19529 -9.85156 3
0.823221 -9.49214 3
-0.353059 -8.30723 3
-2.3654 -8.04759 3
-2.23505 -9.04582 3
-2.96603 -9.27117 3
-1.25481 -8.59245 3
-0.919063 -8.20406 3
-1.79447 -9.7669 3
-2.40313 -9.62364 3
-0.928034 -7.64415 3
0.77843 -8.11006 3
-0.964856 -11.0059 3
-0.880335 -9.56716 3
-2.9011 -10.7883 3
-2.9053 -8.24635 3
-3.13759 -9.39044 3
-3.41722 -9.12064 3
-1.22554 -9.74755 3
-1.98579 -10.0878 3
-2.08367 -8.41884 3
0.252787 -9.7594 3
-2.55963 -8.26998 3
-1.7558 -8.77713 3
-4.26271 -9.60116 3
-2.91784 -8.46743 3
-2.68942 -10.258 3
0.937815 -11.2198 3
0.360312 -9.74987 3
-2.31052 -9.42561 3
-1.56178 -8.10437 3
-2.57115 -10.0446 3
-0.331503 -9.06852 3
-0.869099 -6.98846 3
0.333032 -9.63648 3
-4.43899 -10.1975 3
-3.62705 -7.41555 3
-4.62967 -8.49918 3
-1.74985 -8.38124 3
-2.25578 -8.96838 3
-1.62638 -9.64009 3
-1.83288 -8.96747 3
-2.50826 -8.82485 3
-1.70181 -10.6542 3
-2.17346 -7.75802 3
-0.485027 -9.12549 3
-3.32415 -9.20188 3
-0.457384 -7.75011 3
-2.83577 -7.92291 3
-3.36151 -10.4762 3
-2.1783 -9.93612 3
-1.15932 -8.89144 3
-0.296779 -8.84361 3
-0.351932 -7.57431 3
-1.61519 -9.9141 3
-0.583794 -9.41098 3
-0.420176 -8.93137 3
-2.61441 -7.28778 3
-1.65947 -5.64902 3
-0.263613 -6.54272 3
-0.851905 -8.93746 3
-2.18385 -9.65628 3
-2.56819 -9.87586 3
-0.108995 -7.36973 3
-0.85734 -10.6999 3
-0.237863 -7.2834 3
1.1397 -9.91917 3
-1.14041 -8.30923 3
-2.07011 -8.32072 3
-2.34365 -9.59675 3
-1.76794 -8.64456 3
-0.655486 -8.9426 3
-2.45129 -9.654 3
-1.87817 -8.75562 3
-2.44583 -9.28585 3
-2.03801 -6.5939 3
-2.96082 -6.54896 3
-1.73086 -10.8846 3
-1.47397 -9.84111 3
-1.25244 -9.23214 3
-0.602144 -9.69346 3
-1.73351 -8.79836 3
0.2995 -10.5386 3
-2.67115 -11.1077 3
-0.647781 -8.77173 3
-1.54729 -7.43095 3
-3.44396 -8.5983 3
-2.06545 -9.84591 3
-1.98302 -8.74811 3
-0.090807 -9.41068 3
-2.36819 -9.05715 3
0.226543 -10.5042 3
-1.63059 -8.66167 3
0.418709 -8.75639 3
-1.51106 -8.29306 3
-2.7497 -9.3171 3
-3.76188 -9.11713 3
-2.46301 -9.66235 3
-0.686668 -9.51306 3
-2.34717 -8.41953 3
-3.81282 -8.67752 3
-4.27863 -9.10111 3
-3.39484 -8.02973 3
-0.599346 -8.65831 3
-2.29812 -10.9887 3
-1.50869 -8.62808 3
-4.34964 -7.33605 3
-1.81273 -9.29071 3
-0.588848 -8.41315 3
-1.30697 -10.4984 3
-4.78315 -8.97384 3
-1.38734 -7.21933 3
2.99548 -9.296 3
-2.86897 -8.65952 3
-1.92968 -8.81252 3
1.22331 -7.04032 3
-1.92557 -8.55396 3
0.831845 -8.45417 3
-1.37699 -8.45593 3
-2.90173 -7.20471 3
-0.0406822 -9.20743 3
-0.87765 -7.09608 3
-2.62544 -9.01623 3
-3.39861 -7.43357 3
-2.73257 -8.19263 3
-4.43518 -10.1011 3
-2.03433 -9.52792 3
-4.15103 -8.33544 3
-0.760785 -8.81805 3
-1.81819 -9.35091 3
-1.37618 -8.98631 3
-2.63525 -7.5582 3
1.19981 -8.28926 3
-0.381956 -10.5051 3
0.434884 -9.10807 3
-5.26957 -9.15449 3
-0.617792 -6.77096 3
-1.12734 -8.58702 3
1.65256 -7.87345 3
-1.9908 -7.94218 3
-0.776566 -8.91521 3
-3.56856 -8.78493 3
-1.11456 -8.31509 3
-1.01963 -9.22062 3
-2.41713 -6.88364 3
-5.30237 -9.19147 3
0.695277 -8.85285 3
-1.34428 -8.27408 3
0.408512 -9.06857 3
-2.90346 -9.87387 3
-0.894112 -9.84139 3
-1.90077 -7.8203 3
-1.90159 -9.12189 3
0.784432 -7.43431 3
-1.92985 -10.3668 3
-0.300654 -9.2996 3
-2.03714 -10.6138 3
0.521377 -8.71399 3
-2.15062 -9.47954 3
-3.14594 -9.38094 3
-4.16569 -9.04248 3
-0.406079 -7.88529 3
-1.8721 -10.7636 3
-1.38036 -8.8796 3
-1.61832 -8.2879 3
-2.1394 -8.91359 3
-1.95503 -7.17057 3
-3.31056 -8.36991 3
-2.66219 -8.72072 3
-0.804375 -10.309 3
-0.239002 -6.92819 3
-1.63164 -10.2355 3
-3.62571 -9.9221 3
-0.699815 -9.12172 3
-3.33761 -8.36567 3
-0.963471 -9.42069 3
-2.72341 -10.2886 3
-0.102795 -5.94126 3
-0.571838 -8.40691 3
2.01463 -9.21876 3
-0.893192 -8.09069 3
-2.90048 -8.61335 3
-0.534634 -8.96457 3
-0.694584 -8.51406 3
-1.97191 -9.30325 3
1.17428 -6.36882 3
-1.94248 -9.85923 3
-1.37397 -5.78145 3
-2.14326 -9.16061 3
-0.0290257 -6.01717 3
-1.80404 -7.65966 3
-2.23761 -11.3367 3
-3.3373 -10.5954 3
2.25794 -8.51498 3
-1.27929 -8.67815 3
-4.13967 -8.32523 3
-0.660765 -9.07286 3
-0.579644 -7.28025 3
-1.99181 -9.26566 3
-2.03714 -6.02244 3
-0.0174721 -7.41837 3
-1.51894 -9.23806 3
-1.61876 -6.76192 3
0.179311 -7.81555 3
-4.17529 -8.07478 3
-2.03129 -9.56438 3
-2.54827 -8.56984 3
-3.53129 -10.0016 3
-3.58472 -10.4487 3
-1.95402 -5.33486 3
-3.46517 -7.63229 3
-2.1353 -8.33075 3
-1.52827 -10.1666 3
-3.12668 -8.82884 3
-2.35421 -8.12298 3
0.148593 -8.97645 3
0.938534 -6.51843 3
-2.02254 -9.54809 3
-2.47034 -8.10176 3
-2.21755 -7.6834 3
0.0161056 -7.95345 3
-2.61462 -8.13114 3
-0.855326 -8.5413 3
0.272322 -7.74084 3
-3.25789 -7.21165 3
2.63307 -7.69224 3
-1.37681 -8.05198 3
1.5254 -9.98256 3
-2.1419 -9.99824 3
0.0921041 -8.57183 3
-2.25977 -8.75612 3
-0.39816 -7.78295 3
-1.24404 -8.24556 3
-2.44774 -8.46637 3
-2.04656 -8.97722 3
-0.961992 -9.74512 3
-0.838849 -7.66573 3
-1.4461 -9.96775 3
-2.47699 -7.83306 3
-0.635329 -7.71572 3
-2.82823 -8.37868 3
-4.40041 -7.69745 3
-2.65722 -8.5171 3
-2.0333 -9.37287 3
-1.88096 -10.2758 3
-1.67649 -7.01935 3
-3.87922 -10.5368 3
0.119466 -7.85621 3
-2.60973 -9.42923 3
-3.55688 -9.4339 3
0.263811 -7.71571 3
1.40827 -10.277 3
-1.07012 -8.43972 3
-3.7645 -9.06148 3
-0.30874 -8.74158 3
0.818152 -8.26703 3
-0.26972 -10.3375 3
0.102038 -7.13101 3
0.338975 -8.1359 3
-0.902775 -10.2144 3
-2.82254 -8.97851 3
0.821742 -8.12634 3
-1.74176 -8.12673 3
-0.660645 -8.43978 3
-2.96037 -8.88708 3
-1.84661 -10.6947 3
-1.0411 -5.98851 3
0.220269 -8.40096 3
-0.948066 -11.4983 3
-0.226583 -9.64632 3
-1.33428 -9.22311 3
-1.59593 -7.57671 3
-4.73192 -8.44007 3
0.961264 -9.29214 3
1.15986 -8.5284 3
-4.89669 -9.93636 3
-1.14465 -8.00065 3
0.341058 -9.6254 3
-2.7898 -9.31694 3
-1.47916 -10.3251 3
-3.44186 -10.1414 3
-1.38114 -8.6383 3
-2.82147 -8.91738 3
0.978495 -9.18707 3
-1.02177 -9.13735 3
-1.75631 -8.72848 3
-1.31732 -7.39283 3
-2.90833 -8.2771 3
-1.11241 -8.49116 3
0.618313 -7.83528 3
-1.93657 -8.58614 3
-1.30715 -11.3488 3
-4.5989 -7.80165 3
-1.73944 -9.70491 3
-3.85567 -8.88985 3
-3.45531 -8.3506 3
-2.64542 -10.9264 3
-2.0026 -9.32567 3
-0.842715 -7.0566 3
-2.76426 -8.68988 3
-2.54044 -9.95289 3
-0.849246 -7.46894 3
0.892522 -6.80723 3
-0.496785 -8.12154 3
-1.9726 -8.18764 3
0.076754 -8.48046 3
-1.27852 -9.40435 3
-2.84654 -9.56274 3
-1.17058 -10.2488 3
-0.998264 -8.44524 3
-1.71498 -7.73685 3
-0.00818366 -7.2751 3
0.0720528 -8.2357 3
-2.56595 -9.65399 3
-2.86718 -8.79813 3
-0.421974 -8.91956 3
-3.09129 -8.11512 3
-2.1785 -10.2002 3
0.945763 -8.72478 3
-3.38363 -7.92731 3
-1.72628 -9.4983 3
-1.74504 -9.5224 3
-3.00413 -10.2027 3
-0.539047 -8.34994 3
-2.13176 -8.71674 3
1.34851 -8.62998 3
-2.74144 -9.88959 3
-4.24341 -9.85086 3
-1.12123 -10.4743 3
0.31284 -10.3374 3
-4.81035 -9.71433 3
0.147325 -8.93516 3
-0.189725 -9.34608 3
-0.60931 -9.65639 3
0.413978 -7.51913 3
-2.036 -9.01689 3
-2.32153 -9.70107 3
-3.66012 -9.36259 3
-0.352916 -8.79728 3
-2.2366 -9.94587 3
-0.4946 -11.1823 3
-1.98382 -9.26884 3
-3.04177 -10.4178 3
-0.311026 -11.4087 3
-1.85275 -7.65505 3
-0.882141 -9.33313 3
0.364815 -8.07657 3
-0.247553 -8.30315 3
-2.8361 -9.82205 3
0.363919 -2.44474 4
0.319071 -0.725927 4
-0.681018 -0.963286 4
-3.53177 -0.374608 4
-0.534907 -1.3932 4
-2.52282 -0.429335 4
0.458455 -1.69415 4
-2.46514 -1.37647 4
-0.858835 -0.667078 4
-1.27808 -0.0215414 4
-0.896095 -0.699464 4
-2.00414 -1.20062 4
-1.33472 -0.639963 4
0.136931 -0.883769 4
-0.423513 -1.08455 4
-0.439737 -1.92134 4
-1.02027 -1.09997 4
0.19388 -2.38779 4
-1.36812 -0.386057 4
-0.824338 -1.96218 4
-0.676703 -0.520157 4
-1.77092 -0.386439 4
0.163384 -1.99798 4
-1.14646 -1.07769 4
0.295516 -2.31545 4
-1.08675 -0.835985 4
-0.383726 -1.13745 4
0.514174 -0.597791 4
-0.746647 -2.24162 4
-2.3442 -0.516168 4
0.295337 -1.25853 4
-0.569659 -1.14603 4
-0.583902 -1.29863 4
-0.30487 -1.32598 4
-1.94129 -1.66552 4
-2.03713 -0.904144 4
-0.388254 -0.690451 4
-2.90845 0.988668 4
0.0217776 -1.73622 4
-1.64388 -0.144798 4
-2.16395 -1.65478 4
-2.22241 -0.986417 4
-0.571892 -1.80872 4
-0.929501 -0.315285 4
-1.83598 -1.03407 4
-0.868834 -1.36076 4
-1.2051 -1.40134 4
1.41692 -1.83916 4
0.251956 -0.863793 4
-1.73827 -1.1969 4
2.11839 -2.157 4
-2.94748 0.575371 4
-2.14896 -0.683376 4
-0.729604 0.146206 4
-1.17331 -0.788473 4
-2.59367 -0.534591 4
-1.87886 -1.26211 4
-2.35919 -0.107894 4
-1.35417 -0.869429 4
-0.196398 -0.953711 4
-1.69382 -0.590916 4
-1.50384 -1.50216 4
-0.706452 -0.173559 4
-1.9629 -0.451135 4
1.01728 -1.11128 4
-1.24708 -0.512059 4
-0.50647 -1.17744 4
-0.357823 -0.973052 4
-0.308684 -1.48969 4
-1.35408 -0.222367 4
-2.13129 -0.590054 4
0.395985 -1.76325 4
-0.810472 -1.68512 4
-1.11559 -0.65196 4
-1.45383 0.224547 4
-1.35075 -1.62865 4
-0.111952 -2.21333 4
-0.811915 -0.886625 4
-0.440196 -0.661156 4
-0.160982 -1.11315 4
-3.33429 0.521535 4
-3.12358 -0.893074 4
-1.38562 -0.493118 4
-2.22962 -0.472806 4
-0.548477 -0.999137 4
-0.623002 -1.38638 4
-1.20026 -0.762235 4
-2.47907 -1.56521 4
-0.403671 -1.5369 4
-2.09575 -0.922583 4
-1.12633 -0.922377 4
0.357414 -1.84166 4
-1.84571 -1.28745 4
-0.5895 -0.882964 4
-1.52674 -0.721191 4
-1.35407 -0.242485 4
-2.18423 0.494938 4
-0.857732 -0.991083 4
-1.08408 -1.75619 4
-1.49723 -0.482363 4
0.508817 -1.94869 4
-2.14934 -1.77802 4
0.40636 -0.999692 4
-0.0347543 -0.882568 4
-0.290675 -1.47727 4
-1.08341 -1.22943 4
0.950208 -1.49666 4
-1.62735 -0.495495 4
-1.10331 -1.8109 4
-0.210435 -1.36444 4
-1.99196 -1.05155 4
-2.31558 -0.271231 4
-0.277683 -1.91495 4
-2.64842 -0.0233544 4
-2.0339 -0.447661 4
-1.84351 -1.24237 4
-0.264086 -2.42212 4
-0.375868 -1.03785 4
-2.29848 -1.1518 4
-3.28639 -0.928473 4
-0.72966 -0.508968 4
-0.38527 -1.64533 4
-2.02123 -0.402005 4
-0.218007 -0.975691 4
-0.155565 -2.02849 4
0.0963403 -1.41451 4
-1.91276 -0.205498 4
-0.764295 -0.58037 4
0.149062 -1.80124 4
-0.941302 -0.163922 4
-1.59048 -0.413263 4
-1.03671 -1.33373 4
-3.15967 -0.926292 4
-1.11467 -0.70021 4
-0.145764 -1.30388 4
0.00124014 -0.563346 4
-1.23859 -0.678042 4
-1.24584 -0.341052 4
-0.919458 -1.69314 4
-1.8569 -1.06567 4
-2.38207 -0.455189 4
-1.42144 -1.29784 4
0.912792 -2.39265 4
-0.400165 -1.36986 4
-1.97822 0.0191015 4
-1.07597 -0.202144 4
-1.47508 -0.35336 4
0.259884 -1.68085 4
-0.957555 -1.02341 4
-0.176598 -1.23569 4
0.43631 -1.68478 4
-0.183804 -1.1489 4
-1.49939 -0.8454 4
-0.491482 -0.930544 4
-1.27323 -0.966815 4
0.236786 -1.94017 4
-1.59036 -1.62453 4
-0.0751519 -0.613607 4
-2.34607 -0.538135 4
-1.64711 -0.202329 4
-0.656282 -2.213 4
-2.23656 -1.04865 4
-0.455066 -0.4978 4
-1.20729 -0.928559 4
-1.96742 -1.05998 4
-1.73579 -0.918534 4
-1.16066 -1.88516 4
-3.09796 -0.43035 4
-1.39794 -0.850077 4
-1.19315 -1.42048 4
1.62654 -2.94185 4
-1.65478 -1.07188 4
-1.61682 -1.29231 4
-1.40853 -0.38955 4
-2.45398 -0.740547 4
-1.73736 -0.454962 4
1.4836 -1.64949 4
-0.30376 -0.928117 4
-1.37805 -0.933249 4
-0.338969 -1.71858 4
0.00518034 -1.50786 4
-0.102455 -0.904559 4
2.48439 -2.68714 4
-3.19719 0.581296 4
-2.28876 -0.747987 4
-0.205758 -0.822405 4
-1.39925 -1.03201 4
0.547432 -1.51792 4
-0.557578 -1.34661 4
-0.276228 -1.68574 4
-0.73144 -0.733823 4
-1.44708 0.0645657 4
-1.17124 -1.75863 4
0.487484 -1.25607 4
-2.69274 -0.448544 4
-2.11159 0.201111 4
-0.988804 -2.31324 4
-0.567547 -1.89046 4
-1.04508 -1.45577 4
-1.86103 -0.820348 4
-1.00477 -1.01521 4
-0.630031 -0.302588 4
0.380569 -0.327652 4
-0.622837 -1.07125 4
0.101183 -1.65963 4
-0.994952 -0.715361 4
0.327667 -0.502816 4
-2.14448 0.120151 4
-1.20282 -1.06955 4
1.1775 -1.79638 4
-0.6187 -1.41776 4
-2.19296 -0.913606 4
-0.530955 -0.722841 4
-0.377488 -1.37468 4
-1.78781 -0.900511 4
0.8939 -2.60323 4
-1.0507 -1.37201 4
-1.11593 -0.689194 4
-0.808591 -0.973687 4
-0.164539 -1.20447 4
-1.59066 -0.724207 4
-1.09014 -1.83942 4
1.5713 -1.92108 4
-0.317472 -1.05167 4
0.648153 -1.63408 4
0.805633 -1.5658 4
-1.57924 0.0125558 4
-2.54037 -0.636065 4
-0.58043 -1.19004 4
-1.9053 -0.503798 4
0.408671 -1.34391 4
-1.43805 -0.970627 4
-1.06676 -0.225884 4
-0.837172 -1.51542 4
-1.44747 -0.0848407 4
-2.00116 -1.14212 4
-2.81966 -1.21972 4
-0.145494 -2.21643 4
0.453865 -0.924588 4
-0.397694 -1.84818 4
-1.81952 -0.542534 4
-1.48929 -1.72922 4
-0.652149 -0.89317 4
-0.929636 -0.641971 4
-1.61499 -1.00182 4
0.350119 -1.45027 4
-1.62563 -1.48366 4
-0.887274 -0.307597 4
-1.239 -0.641407 4
-0.224536 -1.54553 4
-1.46866 -0.471096 4
-1.37735 0.131159 4
0.411842 -1.09036 4
-0.360311 -0.85241 4
-1.38045 -0.614726 4
0.301402 -0.93529 4
-0.544615 -1.3405 4
-1.02861 -1.18403 4
-1.29771 -1.16916 4
-0.453221 -0.799106 4
0.0466649 -0.972771 4
-0.129669 -2.00392 4
-2.31784 0.0253112 4
0.106363 -1.04849 4
0.138309 -1.84354 4
-0.395303 -0.831555 4
-1.34492 -0.838329 4
-2.02193 -0.68945 4
-0.211853 -1.7143 4
-2.51696 -1.02332 4
-0.916101 -1.84885 4
0.0661868 -1.68045 4
-1.1173 -0.872714 4
-0.179245 -1.08774 4
-1.15082 -1.58053 4
0.36964 -2.13696 4
-2.10915 -0.618938 4
-1.86088 -1.17853 4
-1.02992 -0.364755 4
-0.509596 -1.15904 4
0.1341 -1.002 4
-1.42056 -0.510351 4
-1.46435 -1.17334 4
0.360711 -1.614 4
-1.34058 -1.11251 4
-1.50425 -1.02375 4
-0.271499 -0.948001 4
0.254955 -1.19113 4
-0.00177733 -1.03326 4
-1.83977 -1.12684 4
-1.32957 -1.4328 4
-0.756299 -1.22637 4
0.347529 -1.97015 4
-2.3716 0.0331042 4
-0.42097 -1.49347 4
1.60297 -1.20579 4
-1.00283 -0.699402 4
-0.726739 -0.884216 4
-0.454256 -1.1644 4
-0.842425 -0.574887 4
-1.91071 -1.14545 4
-1.74198 -0.337422 4
-1.35588 -0.504424 4
-1.139 -0.315694 4
-0.347143 -1.09457 4
1.36984 -1.31998 4
0.207346 -2.83908 4
-3.40322 -0.318904 4
-0.872076 -0.125764 4
-0.240552 -1.28111 4
-0.67799 -0.416138 4
-1.5736 -0.363031 4
-0.960239 -1.70073 4
0.195674 -1.36666 4
-1.45587 -1.46067 4
-1.62008 -0.54491 4
-0.736893 -1.14867 4
-1.60672 0.0501559 4
-2.05728 -0.739632 4
1.72136 -2.21402 4
-0.440309 -1.24387 4
-0.769662 -1.96921 4
-1.93235 0.130604 4
-0.614968 -0.37134 4
-1.00444 -0.996373 4
-0.682429 -1.00978 4
0.624502 -1.98217 4
-2.22682 -1.66605 4
-2.26889 -1.11811 4
-1.88835 -0.755887 4
-1.73974 -0.644794 4
-1.6888 0.125206 4
-0.953136 -1.1916 4
0.0148076 -1.44966 4
-0.359188 -2.49543 4
-0.325974 -0.738848 4
-0.723068 -0.462255 4
-0.878428 -1.45133 4
0.550939 -0.81116 4
-1.26328 -0.649215 4
0.0165881 -0.746811 4
-0.828581 -0.0705358 4
-2.2871 -0.32036 4
0.184037 -1.55037 4
0.0302833 -0.851625 4
-2.3282 -0.848918 4
-0.747281 -1.14748 4
-2.24219 -0.114279 4
-1.53034 -0.408592 4
-1.54769 -0.984078 4
0.19393 -1.66268 4
-0.240911 -0.497034 4
-2.06266 0.520709 4
-0.583953 -2.49449 4
-1.70145 -1.18477 4
-0.611579 -1.25405 4
1.16253 -2.08646 4
-1.08118 -0.929546 4
-0.893957 -1.26549 4
-1.9866 -0.332034 4
-0.598728 -0.955863 4
-1.2373 -1.24455 4
-1.02755 -1.26611 4
0.208156 -1.18384 4
-0.854029 -0.91149 4
-1.9219 -1.08486 4
-2.58198 -0.181541 4
-1.68164 -0.947567 4
-2.51573 -0.575187 4
-0.746503 -0.579028 4
-0.360217 -1.07385 4
-0.430176 -0.679194 4
-0.834657 -0.749857 4
0.28464 -1.48121 4
-1.40341 -0.335367 4
0.535972 -1.38152 4
-1.06616 -1.47092 4
0.480432 -0.799328 4
-0.940086 -0.181668 4
-1.15672 -0.701429 4
-1.78495 -0.253969 4
-3.10596 -1.18877 4
-0.317802 -1.45204 4
-0.0422688 -2.34143 4
-0.180261 -2.04601 4
0.904082 -1.5779 4
-1.53316 -0.741668 4
0.0992552 -1.96396 4
-0.926007 -0.583923 4
-0.945624 -1.01306 4
-0.307949 -1.32497 4
-1.89381 0.34631 4
0.344069 -2.13817 4
1.32559 -1.46666 4
-0.125376 -0.170568 4
-1.77631 -1.65332 4
-0.14836 -1.35195 4
-1.91186 -0.807122 4
-1.37681 -0.287875 4
-2.62672 -0.662446 4
-0.62652 -1.97839 4
-0.229937 -1.55454 4
-3.0058 0.0706929 4
0.956053 -1.32675 4
-0.734665 -2.12841 4
0.557278 -1.59361 4
-1.13486 -0.869777 4
-1.75813 -0.374627 4
-2.80181 0.0507394 4
-2.08504 0.107407 4
0.45291 -0.761986 4
-1.21073 -0.632314 4
-1.01125 -1.40619 4
-2.31664 0.688749 4
-1.46344 -0.925928 4
-0.326995 -1.2621 4
-0.962969 -0.757958 4
-1.47336 -0.4073 4
-1.2685 -0.041789 4
-0.369707 -1.48446 4
2.24741 -2.21775 4
-2.56506 -0.11647 4
-0.138647 -1.56637 4
-0.143023 -1.4838 4
-2.75408 -0.302974 4
-0.973835 -1.42428 4
-0.786644 -1.27837 4
-1.27419 -0.661613 4
-0.321522 -1.2285 4
-1.44457 -0.578297 4
-1.78914 -0.289764 4
0.550156 -0.8751 4
-0.136756 -0.550611 4
-1.3602 -1.05886 4
-0.650313 -1.53552 4
0.283739 -1.55241 4
-0.139437 -1.52195 4
-0.994806 -1.41211 4
-0.0277902 -1.91198 4
-1.29505 -1.21121 4
-0.392633 -1.62117 4
-1.08535 -0.858092 4
-0.677511 -0.697901 4
0.89211 -1.68281 4
-1.11699 -1.62422 4
-0.206375 -0.803978 4
-0.772916 -0.528558 4
-1.34308 -0.728581 4
-1.17574 -0.517277 4
-1.09978 -0.796356 4
0.588245 -1.3571 4
-0.312149 -1.91567 4
-1.64719 -0.174244 4
-1.91246 -0.0326342 4
-2.26883 -0.652075 4
-0.444358 -1.48242 4
-0.429173 -2.29867 4
-1.17324 -0.913817 4
0.161477 -1.3227 4
-1.07385 0.11446 4
-1.96567 -1.60504 4
-1.82906 -0.36077 4
-0.571143 -0.632682 4
-0.112347 -1.22944 4
-2.06738 0.360699 4
-1.77954 -1.45724 4
-1.46154 -1.09543 4
-0.868162 -0.440439 4
-1.21417 -0.908183 4
0.195956 -1.16906 4
-0.93663 -1.01524 4
-0.314302 -0.538815 4
0.706534 -1.33608 4
-0.470694 -0.752431 4
-0.930822 -1.07865 4
-1.70436 -0.97801 4
-0.683357 -1.10799 4
-0.0120919 -1.38167 4
-1.33727 -1.08095 4
-1.54613 -0.76977 4
-2.04221 -0.469091 4
-0.187049 -1.06989 4
-0.609439 -1.02278 4
-0.570068 -1.65399 4
-1.67903 -1.19948 4
-1.68059 -0.430587 4
-1.84578 -0.63878 4
-1.48523 -0.865262 4
-2.06477 -0.150476 4
-2.87981 -0.416303 4
0.181033 -1.37667 4
-0.950163 -0.557879 4
-0.903003 -1.12137 4
-10.1315 6.90818 5
-9.10408 5.8943 5
-11.3045 6.47381 5
-10.8434 6.41566 5
-6.34057 6.06946 5
-9.16233 5.86373 5
-8.51191 5.90864 5
-8.48232 6.92396 5
-7.55183 5.42841 5
-8.89823 6.64036 5
-9.00483 5.87152 5
-8.6704 6.2786 5
-7.14591 5.13496 5
-8.7377 6.51327 5
-9.66825 6.4802 5
-9.62658 7.64895 5
-6.7355 6.5426 5
-9.32333 6.32808 5
-8.99976 6.64886 5
-13.0605 6.10497 5
-8.35295 7.1383 5
-7.41829 5.70452 5
-10.6072 6.60784 5
-7.99303 5.85917 5
-7.88607 7.27258 5
-8.77542 6.34359 5
-10.5285 5.6604 5
-8.19521 5.63726 5
-10.4168 6.03037 5
-8.95499 6.62639 5
-9.97194 5.97038 5
-10.6461 6.48084 5
-9.15636 5.32311 5
-9.09647 5.41082 5
-8.77482 6.39462 5
-8.21027 6.03621 5
-10.3715 6.74773 5
-10.5998 7.14346 5
-8.50923 6.28303 5
-8.07652 6.10838 5
-12.2189 6.61743 5
-10.0562 7.36677 5
-6.72759 6.02338 5
-10.0568 6.41168 5
-7.88053 5.90795 5
-10.6192 5.6724 5
-8.52119 5.81755 5
-8.30028 5.65617 5
-9.21316 6.42235 5
-10.3943 6.30524 5
-10.2177 6.33186 5
-6.98837 6.11624 5
-8.32556 6.53976 5
-9.36581 6.22215 5
-10.0942 6.26637 5
-9.95896 5.28077 5
-8.47057 6.44239 5
-8.55643 6.50123 5
-9.18453 6.35238 5
-9.17105 6.24732 5
-7.48988 5.75454 5
-8.44822 6.17685 5
-7.6477 6.1366 5
-10.143 6.02272 5
-10.8686 5.93521 5
-12.1202 6.55824 5
-7.60864 5.45097 5
-9.49095 7.02953 5
-11.6669 6.17399 5
-10.9942 5.68544 5
-6.76095 5.76706 5
-10.272 6.36894 5
-9.1367 5.83927 5
-8.77655 6.14905 5
-9.71712 5.93941 5
-8.29594 6.02521 5
-10.2425 6.21827 5
-8.67951 6.03133 5
-10.0577 6.06918 5
-8.91447 5.66121 5
-9.65016 5.42614 5
-12.18 6.56452 5
-8.43347 5.24041 5
-9.81514 6.35433 5
-10.229 6.40214 5
-10.4586 6.4197 5
-9.58164 5.45799 5
-10.5147 6.65872 5
-12.2494 6.54923 5
-9.84018 5.08122 5
-8.97301 6.37544 5
-9.00274 5.18853 5
-8.8833 5.80655 5
-8.83181 5.74377 5
-9.47187 6.89894 5
-8.55896 6.47169 5
-8.08323 6.17564 5
-11.3116 6.70031 5
-9.64962 5.86793 5
-10.8659 6.60176 5
-7.31097 5.60815 5
-11.4848 6.0797 5
-13.598 6.6833 5
-11.9436 6.04458 5
-10.7275 6.68419 5
-9.79897 6.30832 5
-7.8918 4.98741 5
-10.6114 6.30659 5
-14.2812 7.42673 5
-6.74706 5.81589 5
-11.1088 6.37731 5
-6.69886 5.41941 5
-10.0016 6.74872 5
-8.65615 5.56529 5
-6.14976 5.89386 5
-9.12535 7.0991 5
-11.5458 7.01901 5
-9.30014 6.24866 5
-10.0198 6.00512 5
-10.1221 6.66691 5
-9.32927 5.61692 5
-10.2998 6.41276 5
-10.134 6.53511 5
-12.0094 7.18767 5
-10.1042 5.8997 5
-9.68982 6.08919 5
-10.867 6.20439 5
-9.82965 6.43066 5
-6.64913 5.26603 5
-6.20201 5.29479 5
-13.1349 7.37029 5
-11.2574 6.65583 5
-9.2789 5.93199 5
-9.18308 6.55887 5
-12.6484 6.88447 5
-13.2922 7.18303 5
-10.4387 5.93621 5
-10.2426 6.85091 5
-8.03709 5.04274 5
-9.6077 6.22541 5
-12.4442 6.53231 5
-8.03161 6.75787 5
-8.01214 6.10282 5
-10.7391 6.63437 5
-10.7213 6.38369 5
-10.6876 6.69473 5
-10.5904 6.43866 5
-9.69552 6.11542 5
-12.7867 5.89501 5
-10.1188 6.54635 5
-11.4399 6.07678 5
-9.71496 6.59544 5
-9.11958 5.58757 5
-10.378 6.00146 5
-9.20654 6.52286 5
-8.88932 5.8575 5
-9.47524 6.49612 5
-11.7759 6.81929 5
-10.2344 5.95986 5
-2.24429 5.25684 6
-2.95052 4.86446 6
-3.85956 3.94217 6
-2.34895 4.27572 6
-3.85828 3.45791 6
-2.99485 4.33142 6
-2.94475 4.47319 6
-2.33319 4.94192 6
-3.38652 4.5807 6
-2.64234 5.19469 6
-1.99318 5.39093 6
-1.93336 5.18501 6
-3.59689 4.35693 6
-1.01318 5.75608 6
-2.61858 4.87904 6
-2.85813 4.40717 6
-0.186651 6.44989 6
-0.843709 5.96382 6
-1.86366 5.5782 6
-2.53928 4.56612 6
-1.81588 5.97521 6
-2.39302 5.34477 6
-0.4358 6.83125 6
-3.81378 4.35338 6
-3.20042 4.07934 6
-2.54246 5.45139 6
-1.58197 5.55642 6
-3.27964 4.73829 6
-3.16649 4.70507 6
-1.39598 6.39892 6
-1.86324 5.8958 6
-3.1065 5.08695 6
-1.45105 5.42087 6
-3.71507 3.83635 6
-3.26246 4.2897 6
-4.62543 3.29726 6
-4.73023 3.41114 6
-3.29868 4.6706 6
-3.29651 4.25665 6
-2.1407 5.46702 6
-1.85971 5.74108 6
-3.6239 4.32678 6
-1.44793 5.62708 6
-1.27668 5.85748 6
-2.75193 4.76223 6
-1.35755 5.23977 6
-3.38777 4.48909 6
-3.41297 3.43115 6
-2.51209 5.34324 6
-3.30805 3.94213 6
-1.68394 5.64766 6
-3.75077 3.71703 6
-2.56827 5.22513 6
-2.04637 6.00336 6
-1.99413 5.47354 6
-3.49839 5.21785 6
-2.58829 4.75296 6
-2.14072 5.19757 6
-2.05838 5.15636 6
-2.6366 5.07672 6
-2.8502 4.40235 6
-1.60661 5.97336 6
-4.0551 3.41454 6
-1.80853 5.98594 6
-3.21471 4.80975 6
-3.43721 4.36098 6
-3.29252 4.05361 6
-2.31539 4.92234 6
-3.50787 5.04638 6
-2.3543 5.01022 6
-3.66121 4.3534 6
-2.13548 4.85081 6
-3.2883 3.76877 6
-2.47922 5.04504 6
-1.78342 6.42028 6
-3.89705 3.74442 6
-1.71832 5.76464 6
-2.04931 5.81048 6
-1.54539 6.35716 6
-2.72578 4.66664 6
1.39343 7.91286 6
-2.18626 5.65296 6
-1.84332 5.97369 6
-1.85854 5.30523 6
-0.925226 6.04694 6
-2.17396 5.73573 6
-2.58956 4.96612 6
-2.35146 5.0079 6
-2.46135 4.61352 6
-2.45779 5.18944 6
-3.11477 3.96357 6
-3.18701 3.69881 6
-2.58613 3.89116 6
-2.45257 5.04438 6
-3.86656 4.95279 6
-2.24246 5.60335 6
-4.22543 3.5486 6
-3.57242 4.78454 6
-2.59139 4.86995 6
-3.67256 3.89607 6
-1.35848 5.63193 6
-2.38786 5.5128 6
-1.8083 5.39289 6
-3.54592 4.0016 6
-0.601664 6.13477 6
-1.07895 6.10161 6
-2.73932 5.17474 6
-3.86652 4.07815 6
-4.3464 3.25196 6
-2.82959 4.67252 6
-2.13815 5.7038 6
-4.20601 3.07462 6
-1.84235 5.92383 6
-3.23496 4.98898 6
-2.22431 5.14771 6
-1.66285 5.10457 6
-3.44748 4.55122 6
-2.95616 4.24064 6
-1.82093 4.87124 6
-2.57347 5.15364 6
-2.05453 5.1218 6
-2.68029 4.68788 6
-3.47312 4.68359 6
-2.32821 4.55948 6
-1.44637 6.20121 6
-4.28581 3.23864 6
-1.39979 6.02951 6
-2.42113 5.37204 6
-0.877399 5.31156 6
-2.19181 5.49207 6
-3.57432 3.99783 6
-4.28903 3.11482 6
-1.18981 6.33155 6
-0.600491 5.93619 6
-2.89212 5.136 6
-2.29212 5.17918 6
-1.88256 5.94231 6
-1.4173 5.77774 6
-1.66019 5.73384 6
-1.69588 5.74098 6
-2.26881 5.46121 6
-2.52229 4.60621 6
-0.953896 6.01278 6
-3.10248 4.74333 6
-3.29555 4.61128 6
-3.54193 3.93758 6
-2.83693 5.6844 6
-2.24738 4.46289 6
-2.39581 5.17539 6
-2.95033 4.54784 6
-3.28852 3.51154 6
-3.5274 4.52781 6
-2.71821 4.72103 6
-4.62136 3.10543 6
-3.39438 4.22728 6
-2.52732 4.61412 6
-1.68057 5.30716 6
-2.03106 5.75682 6
-1.93427 5.26928 6
-2.11023 5.17479 6
-3.07948 4.89909 6
-2.89842 5.11104 6
-1.65928 5.61316 6
-2.31792 4.12458 6
-1.26321 6.20059 6
-2.71878 5.53053 6
-2.31526 4.46124 6
-3.08663 4.64671 6
-2.21613 4.73247 6
-3.45217 4.36594 6
-1.66736 5.62137 6
-4.37177 4.28817 6
-3.49292 3.89683 6
-1.63719 5.40354 6
-1.23132 5.70276 6
-3.52485 3.35751 6
-2.41238 4.9683 6
-2.18913 5.3373 6
-1.25164 6.22735 6
-2.60166 5.11648 6
-1.08134 5.73088 6
-2.63767 5.49058 6
-1.32202 6.67619 6
-1.39617 5.87878 6
-2.04523 5.51926 6
-1.67706 4.92459 6
-4.60173 2.68343 6
-2.63273 4.926 6
-2.692 4.60783 6
-3.88475 3.91387 6
-3.50522 4.62039 6
-3.92083 3.14166 6
-3.44967 3.72108 6
-3.53002 4.6345 6
-2.72889 5.28676 6
-1.41812 5.8225 6
-2.61835 5.6824 6
-2.38666 4.80169 6
-2.43223 4.40196 6
-1.95642 5.05667 6
-2.82307 4.28044 6
-0.594647 6.24957 6
-3.41123 4.34131 6
-1.36933 5.38889 6
-2.51134 4.96243 6
-1.58565 5.96883 6
-1.38104 5.75722 6
-3.46004 3.57914 6
-3.41564 4.66306 6
-2.68011 4.94498 6
-2.79024 4.6288 6
-2.45562 5.29695 6
-2.44098 3.7695 6
-3.11475 3.8439 6
-2.91675 3.81507 6
-2.81658 4.79694 6
-1.78966 6.09521 6
-4.52022 2.71634 6
-2.46022 4.99159 6
-1.30408 5.35804 6
-2.0039 5.31685 6
-1.93249 5.16543 6
-1.20938 5.47237 6
-2.43744 5.06433 6
-2.33998 5.15897 6
-2.15473 5.2217 6
-2.75228 4.94712 6
-2.15938 5.03159 6
-1.40015 5.84574 6
-4.97896 3.40435 6
-2.8482 4.96979 6
-1.78061 6.27225 6
-2.33917 4.71498 6
-3.86937 5.16711 6
-0.580663 6.58461 6
-4.23837 3.88959 6
-3.53709 4.1168 6
-3.23841 4.25619 6
-2.14767 6.22751 6
-3.05521 4.44045 6
-4.5939 3.46079 6
-2.7975 4.3005 6
-2.9634 4.35998 6
-1.02318 6.94891 6
-3.26397 4.81763 6
-3.11111 3.36686 6
-2.97398 4.2645 6
-1.24608 6.59872 6
-2.82173 5.31781 6
-1.09146 5.30266 6
-2.07913 5.32525 6
-3.54244 3.715 6
-0.884537 5.9967 6
-2.8558 4.34306 6
-0.820385 5.78478 6
-2.75158 5.47049 6
-0.734058 5.7982 6
-2.18093 5.14861 6
-2.90625 4.34062 6
-1.08335 6.58578 6
-3.43332 4.82714 6
-2.83853 5.05696 6
-2.89959 4.78583 6
-2.50916 5.29956 6
-2.5501 4.95648 6
-3.687 4.3261 6
-2.90147 5.38247 6
-2.86431 4.61172 6
-1.51116 5.7487 6
-2.35045 4.98652 6
-2.82882 4.31821 6
-2.61853 4.11776 6
-0.798212 6.53098 6
-3.66934 3.84308 6
-4.01227 3.27958 6
-1.08434 5.82225 6
-2.55319 4.52437 6
-1.5886 5.08185 6
-2.97949 5.69898 6
-3.40707 4.15822 6
-2.91201 4.63858 6
-3.05515 4.56188 6
-2.68726 4.80465 6
-1.36536 6.19872 6
-0.868725 6.70076 6
-3.08873 4.83188 6
-2.05232 5.52662 6
-2.95881 4.74378 6
-2.06338 4.75857 6
-2.96466 5.24046 6
-2.35693 4.45084 6
-3.86209 4.1327 6
-3.975 3.81422 6
-1.29702 5.55869 6
-2.85528 5.56687 6
-1.10358 5.48222 6
-3.56406 3.62235 6
-2.52458 3.97814 6
-1.58878 5.47743 6
-1.62373 4.86275 6
-2.9829 4.87543 6
-3.67974 3.53653 6
-3.31016 4.219 6
-4.82246 2.76592 6
-2.11512 5.09119 6
-3.62783 4.38155 6
-1.62466 5.95301 6
-3.36943 4.47907 6
-2.48492 4.66301 6
-0.669595 6.34928 6
-2.9755 4.74884 6
-1.47138 5.46512 6
-2.49753 5.11786 6
-1.74773 5.51348 6
-3.11887 3.54135 6
-2.70152 4.32423 6
-1.37282 6.28274 6
-0.863099 6.7454 6
-3.25651 4.43784 6
-1.58975 4.91426 6
-3.61292 4.1678 6
-2.31356 5.03392 6
-3.43497 4.11852 6
-4.36968 2.30444 6
-3.65774 4.54947 6
1.97158 8.89669 7
1.91201 8.40234 7
2.00022 9.48792 7
2.31186 8.20088 7
2.14585 9.15497 7
2.05804 9.20057 7
2.75535 7.85363 7
3.03629 9.01796 7
2.65476 8.63043 7
1.82073 9.86685 7
1.76615 8.71895 7
1.74066 9.42941 7
2.53133 10.3685 7
2.29641 8.06219 7
2.2644 9.76725 7
2.16574 8.98869 7
2.02228 9.3655 7
2.31493 8.95967 7
2.28062 9.24997 7
2.8724 8.67774 7
2.91563 7.8131 7
2.13863 8.52358 7
2.49152 10.0067 7
2.22198 8.27325 7
1.56858 9.34021 7
1.94087 9.41838 7
2.03116 8.35641 7
2.13201 9.95085 7
1.98636 9.33166 7
2.79165 10.0878 7
3.28309 9.90278 7
2.73533 9.20599 7
3.13181 9.87459 7
2.70155 8.52955 7
2.24218 8.56534 7
2.51356 9.60005 7
2.62925 10.4805 7
2.92547 9.19643 7
1.99309 8.23523 7
2.97998 8.30687 7
1.5802 9.17851 7
2.36748 9.91525 7
2.03454 9.13946 7
2.10525 9.55846 7
2.32651 8.52981 7
3.25666 9.18732 7
1.97423 10.5715 7
2.57382 9.17078 7
2.94414 8.63625 7
2.49441 10.0097 7
2.44328 9.8155 7
2.80358 9.66343 7
2.0347 8.01665 7
2.2669 8.68878 7
2.88784 7.79944 7
1.86428 10.9668 7
1.88604 8.42704 7
2.69774 9.81811 7
2.21271 10.3439 7
2.48639 8.8294 7
1.91189 7.05614 7
3.02631 10.6955 7
2.45087 9.24578 7
2.75492 8.2776 7
1.70102 10.1954 7
2.40049 9.81114 7
2.31222 9.02278 7
2.86174 9.47026 7
3.3479 9.82979 7
2.46863 9.20051 7
1.51675 8.43708 7
2.47421 9.04204 7
2.82442 8.05472 7
2.63947 9.19989 7
2.25792 9.2744 7
2.75422 9.19889 7
2.16713 8.35118 7
2.47919 8.22977 7
2.69249 9.7759 7
2.31046 7.93259 7
2.18476 9.37767 7
2.89128 9.32067 7
1.82172 9.15779 7
2.15069 8.10995 7
2.83965 8.81863 7
2.35636 9.72837 7
2.21287 10.0727 7
2.40144 9.15825 7
2.17865 7.92502 7
1.92977 9.47115 7
2.3945 8.79974 7
2.0148 10.5324 7
2.02585 9.57498 7
2.5734 11.0707 7
3.22312 9.08662 7
2.13965 9.04014 7
2.197 8.44579 7
2.05215 9.13101 7
2.96616 9.91112 7
2.68588 10.0779 7
2.63595 8.22516 7
2.31518 9.04431 7
2.72823 8.98698 7
2.18879 9.00941 7
3.32291 9.90979 7
2.24866 8.39913 7
2.78728 9.56577 7
2.1837 9.17862 7
2.31959 9.33672 7
1.72916 10.3816 7
2.50295 9.11592 7
2.10402 9.40886 7
2.73359 9.14532 7
1.86403 10.0746 7
2.62075 8.67929 7
2.68199 8.59555 7
2.42288 7.89664 7
2.70111 9.70629 7
2.80273 8.84456 7
2.67084 8.58211 7
1.62424 10.0462 7
2.35183 9.36875 7
2.06779 10.1906 7
2.11865 9.88948 7
2.14258 7.73131 7
2.93108 9.14442 7
1.96444 9.63875 7
2.97643 7.43253 7
2.7504 9.14935 7
2.51985 9.93189 7
2.1643 9.16201 7
2.39334 8.27927 7
2.71411 10.585 7
2.12482 8.89609 7
2.12282 8.60937 7
1.82713 8.54384 7
2.04272 9.77077 7
1.88946 8.29526 7
2.52271 9.2589 7
2.15908 8.55199 7
2.24531 8.27157 7
2.4136 9.83475 7
2.56323 8.70317 7
2.8385 8.67024 7
2.03445 9.31789 7
1.77362 8.66822 7
2.90342 8.8027 7
2.22849 9.12351 7
2.33969 8.9089 7
2.50361 9.29081 7
2.25508 8.68827 7
2.05669 7.62555 7
3.18544 8.90083 7
2.29821 8.89696 7
1.90385 9.36447 7
2.02114 9.70911 7
2.59211 8.2569 7
2.08591 9.81181 7
3.92441 9.58285 7
2.07793 9.05525 7
2.30992 10.0025 7
1.91265 9.55136 7
2.55694 9.10267 7
2.92429 9.17493 7
2.20466 10.4708 7
1.97553 8.01906 7
2.41705 9.24828 7
2.04471 9.29924 7
2.11363 8.58158 7
2.30442 9.19433 7
2.89687 8.29112 7
2.59868 7.74931 7
2.65444 9.67764 7
2.06548 9.44466 7
2.22029 9.21291 7
1.92556 9.78175 7
2.52962 9.27389 7
2.25497 9.10233 7
1.3219 9.99919 7
3.11412 10.595 7
2.61144 10.6054 7
2.4593 8.63473 7
1.95231 8.77788 7
2.52313 9.68693 7
2.45818 9.13669 7
2.75286 8.82108 7
2.57847 10.079 7
1.84519 9.25319 7
1.95277 8.48015 7
2.61555 8.82265 7
2.25878 9.1259 7
2.58968 10.7234 7
1.95716 10.7712 7
1.95584 9.73018 7
1.84652 8.84379 7
2.15303 10.6529 7
2.22038 9.12016 7
2.82951 8.94907 7
2.28073 8.86863 7
2.69986 9.37048 7
2.62038 8.18822 7
2.92679 10.531 7
2.65772 9.20664 7
2.6248 9.81754 7
3.11753 8.39804 7
1.60695 9.93379 7
2.45558 8.14696 7
2.66218 7.81392 7
2.5011 9.48278 7
1.93488 10.066 7
2.89308 9.95383 7
2.83611 11.0525 7
1.73651 8.54905 7
2.68091 8.36064 7
1.89246 9.85592 7
2.59258 10.5181 7
3.26657 10.346 7
2.01142 10.2272 7
2.68167 9.97041 7
1.89456 9.94559 7
2.38537 9.93083 7
2.20006 10.1628 7
2.65544 8.17556 7
3.09766 9.57691 7
2.27002 9.96946 7
4.53772 -6.47042 8
6.11684 -7.77209 8
6.44824 -7.61747 8
5.59762 -7.6054 8
5.29416 -6.80848 8
4.59685 -6.3354 8
4.72692 -8.31365 8
4.68529 -7.38169 8
3.83133 -5.52442 8
4.47375 -7.50102 8
4.7076 -5.19107 8
4.68279 -6.34108 8
3.99277 -5.32767 8
5.50013 -7.32614 8
4.38159 -6.30696 8
4.62107 -6.47589 8
5.45042 -7.96851 8
5.42296 -8.03945 8
3.70172 -4.49415 8
3.48364 -4.15931 8
4.79209 -7.79852 8
4.05405 -6.25439 8
5.62721 -6.35342 8
4.11851 -7.64386 8
5.42397 -6.577 8
4.3277 -6.27669 8
5.25499 -7.53251 8
4.86188 -6.49498 8
4.91274 -6.94868 8
4.55237 -7.28566 8
3.82328 -7.32532 8
4.608 -7.97173 8
4.36471 -6.10839 8
5.2694 -6.48887 8
5.81543 -7.72333 8
3.85268 -5.5967 8
5.78431 -7.05818 8
4.96501 -7.33019 8
3.86237 -7.00857 8
5.28034 -7.62656 8
4.37466 -4.79203 8
4.66277 -5.38591 8
4.63089 -7.01564 8
4.79367 -5.49907 8
5.26601 -8.20383 8
4.338 -6.61518 8
4.61633 -6.76834 8
4.17899 -6.10358 8
4.83267 -7.33897 8
4.75201 -6.67599 8
4.81576 -6.56008 8
4.34751 -6.65606 8
4.72132 -6.04427 8
5.29522 -6.61305 8
4.90081 -7.52957 8
5.38776 -7.57653 8
4.25653 -6.58707 8
4.33891 -6.13097 8
5.37128 -7.11405 8
4.37616 -5.89304 8
4.32538 -4.94326 8
4.95156 -6.91188 8
4.41584 -6.45092 8
3.54921 -5.57653 8
4.95029 -7.29356 8
4.51101 -7.23093 8
5.32365 -7.95622 8
5.15518 -7.29758 8
4.78259 -7.50398 8
4.58228 -4.95409 8
5.17122 -6.5684 8
4.0178 -6.54447 8
5.20591 -7.28104 8
5.48594 -6.77052 8
5.49581 -5.37429 8
4.4282 -6.26133 8
4.90704 -7.14815 8
3.70591 -4.31462 8
4.90987 -6.16926 8
4.2966 -6.03966 8
4.71136 -7.41574 8
4.98714 -7.38946 8
5.11117 -7.267 8
4.36166 -4.88215 8
5.40441 -7.65038 8
5.35968 -6.68851 8
4.34847 -6.65225 8
4.09557 -5.69696 8
4.50287 -7.22865 8
5.13678 -7.2584 8
4.95962 -6.1875 8
5.01518 -8.24861 8
4.72034 -6.66099 8
5.13685 -8.42154 8
4.39284 -7.40142 8
5.63416 -6.96972 8
4.48506 -8.12246 8
-9.41607 -7.11147 9
-9.20295 -7.04055 9
-9.30626 -7.09314 9
-9.40504 -7.24042 9
-9.42272 -7.16221 9
-9.23744 -6.96663 9
-9.32929 -7.0509 9
-9.28358 -7.28186 9
-9.35947 -7.20923 9
-9.2969 -7.30094 9
-9.44375 -7.25158 9
-9.41473 -7.21169 9
-9.33709 -7.37395 9
-9.56939 -7.01958 9
-9.19304 -7.29816 9
-9.42329 -7.21734 9
-9.00764 -7.40439 9
-9.35921 -7.27383 9
-9.26278 -7.31876 9
-9.4524 -7.2368 9
-9.25743 -7.23958 9
-9.085 -7.46379 9
-9.27715 -7.37645 9
-9.3848 -7.14376 9
-9.34869 -7.01495 9
-9.2098 -7.2124 9
-9.40758 -7.067 9
-9.33333 -7.14209 9
-9.22499 -7.16836 9
-9.36077 -7.09047 9
-9.25341 -7.23465 9
-9.23661 -7.13711 9
-9.27148 -7.21863 9
-9.24048 -7.41101 9
-9.1661 -7.38579 9
-9.18658 -7.44829 9
-9.29229 -7.16649 9
-9.21297 -7.46804 9
-9.30163 -7.0518 9
-9.14391 -7.44675 9
-9.33036 -7.06164 9
-9.41319 -7.13187 9
-9.4113 -7.32319 9
-9.24437 -7.50367 9
-9.30038 -7.13739 9
-9.24564 -7.28148 9
-9.28384 -7.2559 9
-9.15233 -7.39681 9
-9.26577 -7.04919 9
-9.5127 -7.04294 9
-9.49208 -7.23969 9
-9.38822 -7.03848 9
-9.24766 -7.55512 9
-9.30549 -7.05335 9
-9.26319 -7.22475 9
-9.12051 -7.29205 9
-9.41608 -7.28598 9
-9.26883 -7.27327 9
-9.32099 -7.51045 9
-9.31615 -7.18519 9
-9.18688 -7.34386 9
-9.15005 -7.14557 9
-9.41902 -7.29888 9
-9.22852 -7.10814 9
-9.20441 -7.12448 9
-9.26241 -7.33746 9
-9.25355 -7.34667 9
-9.11104 -7.45983 9
-9.42915 -7.29612 9
-9.19209 -7.36492 9
-9.3889 -6.94056 9
-9.46334 -7.01901 9
-9.4198 -7.17674 9
-9.39732 -7.08513 9
-9.59452 -7.06261 9
-9.28884 -7.4932 9
-9.36328 -7.23699 9
-9.55139 -7.20554 9
-9.31646 -7.57584 9
-9.03595 -7.47577 9
-9.6066 -6.82848 9
-9.15793 -7.3472 9
-9.2581 -7.36403 9
-9.49397 -7.0513 9
-9.42142 -7.13648 9
-9.29501 -7.22693 9
-9.37668 -7.02253 9
-9.32054 -7.24314 9
-9.39543 -7.2932 9
-9.56249 -7.00853 9
-9.43481 -7.06642 9
-9.286 -7.56287 9
-9.42442 -7.20312 9
-9.42318 -7.07451 9
-9.20615 -7.07531 9
-9.44046 -7.17782 9
-9.41189 -7.14223 9
-9.2162 -7.32599 9
-9.22509 -7.47183 9
-9.37243 -7.36297 9
-9.17332 -7.15329 9
