6.22892 6.95428 0
5.96446 5.0666 0
7.30772 6.62418 0
6.8276 7.73023 0
5.35209 5.86801 0
7.15144 8.48623 0
6.50956 7.27721 0
4.68455 6.69471 0
6.20839 6.15844 0
6.59698 7.80367 0
6.5234 7.00915 0
7.87974 8.01171 0
5.95192 7.16235 0
5.62381 6.14059 0
6.0219 8.55114 0
7.12284 6.77021 0
6.55228 4.92958 0
4.85121 6.67776 0
6.33203 6.11141 0
7.04177 8.48827 0
6.90739 6.39372 0
6.99682 7.54137 0
6.52275 8.16014 0
6.86981 7.53805 0
6.79813 7.2104 0
6.68368 6.91509 0
5.98939 8.60503 0
5.3398 5.81381 0
5.42339 6.81059 0
6.5713 8.72833 0
6.06032 8.23723 0
5.56125 6.46131 0
6.72441 7.89055 0
6.1177 4.61137 0
6.69828 8.63082 0
7.27229 7.52612 0
5.59115 4.71412 0
5.82198 7.06727 0
5.82688 7.52987 0
5.96511 7.21801 0
6.66248 6.42105 0
5.51847 6.61811 0
6.21609 6.44147 0
5.7363 7.72794 0
5.18575 5.82284 0
7.01882 8.43631 0
6.05981 6.02118 0
6.97328 8.08755 0
6.61898 6.29555 0
5.49113 7.46179 0
5.94567 6.6356 0
5.68723 5.85814 0
7.9773 9.18249 0
6.98047 8.78645 0
6.22564 7.19148 0
7.4397 7.21621 0
5.69342 6.47692 0
6.79358 6.86057 0
5.67563 6.07078 0
7.39857 8.62684 0
6.35071 6.30513 0
5.65662 6.34316 0
6.41717 6.81155 0
6.16679 8.52691 0
6.7254 8.70633 0
5.59919 5.75051 0
6.46279 9.29805 0
5.53184 5.6915 0
6.90266 7.11091 0
5.86714 6.27468 0
6.51385 6.65032 0
6.71195 5.62846 0
6.55048 8.32844 0
6.01406 5.07368 0
7.4255 6.98065 0
5.81367 7.4887 0
7.03453 7.61803 0
5.98831 7.09965 0
6.3372 6.39947 0
6.57317 5.44625 0
7.3056 6.16561 0
6.58277 9.50324 0
7.43389 9.53835 0
6.92163 6.46212 0
6.46519 5.86758 0
7.04907 9.52146 0
5.16806 6.29228 0
6.23429 6.02229 0
7.32357 7.61914 0
6.59327 8.38329 0
6.5354 6.87415 0
6.17814 5.13013 0
6.80523 9.76613 0
8.41958 10.1009 0
6.85726 9.05987 0
5.65851 5.78294 0
7.56601 8.18262 0
6.0054 4.91637 0
6.8493 8.39085 0
5.9387 8.59467 0
5.59811 4.79328 0
-0.803941 2.47056 1
0.102286 2.3032 1
0.764992 1.21899 1
0.86149 2.36823 1
0.0495875 3.19502 1
1.06582 1.02457 1
-1.4489 2.17785 1
0.835945 2.92594 1
-0.882814 4.04286 1
-0.190391 1.45239 1
-3.00871 2.0048 1
-0.486989 2.30478 1
0.309249 2.16026 1
-1.13067 2.48786 1
-0.392106 0.153505 1
-0.408922 1.52741 1
-0.458364 2.28808 1
-2.08813 2.70786 1
0.904221 2.09701 1
0.542362 0.588629 1
2.05032 0.404685 1
0.976961 3.12014 1
0.886933 2.01424 1
-0.488206 2.21179 1
-1.54575 1.58043 1
0.682304 2.08853 1
1.41495 2.22116 1
2.72531 1.14367 1
-0.560104 0.912091 1
3.31734 1.45046 1
0.866404 1.6541 1
-0.0790041 3.77755 1
-0.285621 2.09563 1
2.43711 2.22123 1
1.50125 2.76102 1
-0.815298 1.26363 1
2.02674 1.39644 1
-1.03074 3.71724 1
-0.610573 0.0127726 1
1.07379 2.42499 1
1.43053 0.854457 1
-0.727345 1.94025 1
0.506906 1.62589 1
0.939518 2.74252 1
-0.777338 3.74337 1
-0.581225 1.95607 1
-0.854342 3.46774 1
0.554691 2.29445 1
-1.81023 2.49008 1
-0.989054 4.26594 1
3.70267 1.14973 1
0.909383 3.187 1
1.00535 1.9308 1
1.55155 1.78182 1
1.5395 1.24087 1
-0.987108 3.13655 1
-0.012324 2.43515 1
-0.249427 2.28552 1
0.97215 1.13373 1
0.337118 4.36979 1
-0.207626 2.11874 1
-0.391111 1.88986 1
0.526399 2.26696 1
1.51557 0.955706 1
0.36277 3.08321 1
0.112069 1.6833 1
1.62132 2.07985 1
0.0943588 1.23205 1
1.71059 2.99919 1
-1.98024 0.521773 1
-3.50928 7.36577 2
-2.44504 8.30694 2
-0.910999 8.24675 2
-0.10375 5.91362 2
-0.152958 7.4431 2
-0.993932 7.90067 2
-2.19665 6.16356 2
-3.17675 7.75535 2
-0.281726 8.03527 2
-1.81603 8.67274 2
-2.53858 6.77646 2
-1.54066 6.31471 2
-0.794955 9.02469 2
-2.93699 5.65309 2
-1.33085 7.12453 2
-2.0228 7.11748 2
-3.70125 7.62735 2
-3.93769 8.0385 2
0.447918 7.53731 2
-2.31063 7.32925 2
-2.76882 9.23478 2
-1.19289 9.76493 2
-3.57173 6.78707 2
-2.72077 8.84492 2
-1.81987 8.20942 2
-3.14378 8.63798 2
-4.97728 7.75317 2
-2.66976 5.91356 2
-1.85179 7.15372 2
-1.31861 6.73328 2
-2.00781 6.60799 2
-2.12382 8.34236 2
-3.30233 6.79419 2
-0.891044 7.56348 2
-2.07048 7.22496 2
-0.690731 7.49078 2
-3.01062 7.30492 2
-3.25855 7.37368 2
-3.03667 8.48936 2
-1.22516 7.2691 2
-0.421146 6.89394 2
-1.25947 7.71905 2
-3.14521 8.58419 2
-2.21465 5.63547 2
-1.33963 8.47214 2
-0.289432 5.97667 2
-0.950551 8.73539 2
0.0125942 8.27587 2
-2.82484 7.89902 2
-2.62425 7.80393 2
-1.26937 8.67533 2
-2.19272 8.38192 2
-2.42532 9.03804 2
-1.04672 5.98664 2
-0.95724 7.74877 2
-1.60585 8.6747 2
-0.930997 8.84798 2
-1.85397 5.89861 2
-1.36774 7.64492 2
-1.75558 7.42254 2
-1.89379 6.44983 2
-2.85592 8.19125 2
-4.05827 7.70318 2
-3.2725 6.49483 2
-3.33086 5.39122 2
-3.15569 7.642 2
-1.97456 7.97725 2
-1.89791 7.61795 2
-1.50833 6.28494 2
-1.14156 6.9432 2
-3.45369 9.04361 2
-1.78447 7.58504 2
-2.68446 7.8704 2
-3.33546 7.9148 2
-1.55515 7.37044 2
-2.47339 7.51801 2
-1.80055 6.85097 2
-2.3199 8.79341 2
-0.910477 7.14222 2
-0.0692692 8.34982 2
-3.4128 8.40093 2
-0.560284 8.36125 2
-3.33359 6.91673 2
-1.91957 9.26351 2
-2.40686 8.67122 2
-2.88527 7.18581 2
-0.854547 8.19603 2
-0.737604 6.90969 2
0.253419 6.64415 2
-0.422624 7.34687 2
-2.7266 6.89635 2
0.0546458 6.36659 2
-1.795 7.9717 2
-0.560558 7.95728 2
-3.44961 -4.7968 3
-5.1786 -4.09174 3
-2.18846 -4.50361 3
-3.56814 -5.3853 3
-3.56632 -5.48857 3
-5.40365 -4.36535 3
-4.40779 -4.41061 3
-6.90351 -4.18248 3
-3.76754 -5.70032 3
-6.24415 -4.19489 3
-4.80966 -4.70702 3
-7.45347 -5.53251 3
-5.93248 -5.31887 3
-6.51108 -4.29836 3
-4.84898 -4.74787 3
-7.22572 -3.68628 3
-3.73203 -4.33182 3
-4.30193 -4.0632 3
-4.87716 -3.30841 3
-6.07965 -4.51671 3
-7.62587 -4.76835 3
-4.61401 -4.46189 3
-3.70759 -4.16514 3
-5.94089 -4.82929 3
-2.9066 -5.25748 3
-4.32494 -4.45351 3
-4.30965 -4.4811 3
-5.64764 -3.7649 3
-2.95563 -4.29359 3
-4.73887 -4.33085 3
-3.59178 -3.74674 3
-5.42958 -4.80359 3
6.43489 0.390286 4
3.35399 -2.69898 4
5.03188 0.238539 4
4.39408 -0.886259 4
5.56519 -0.578975 4
4.05787 -0.848805 4
5.24496 0.194031 4
5.64819 0.114468 4
7.05756 0.637681 4
3.83807 -1.73693 4
5.03386 -1.20051 4
4.38662 0.0321118 4
5.09392 0.065991 4
5.32867 -0.793704 4
5.13736 -1.45622 4
4.15726 -2.15166 4
3.84778 -2.10335 4
5.78067 -0.0424542 4
4.55298 -1.22685 4
5.36349 -0.114073 4
5.64902 -0.833203 4
5.06075 0.0869212 4
6.20599 0.969241 4
5.09834 -1.75515 4
5.32052 0.173658 4
5.6177 -0.840008 4
5.66866 -0.285354 4
6.81177 0.258768 4
4.31251 -1.54087 4
6.24625 -0.190826 4
5.49882 -0.229365 4
4.04038 -1.99873 4
5.10636 -0.753536 4
4.86455 -1.22586 4
5.13024 -0.41802 4
2.86997 -2.27715 4
5.78223 -0.537014 4
3.34673 -2.2387 4
6.84989 0.258806 4
4.30071 -1.54908 4
4.77952 -0.975372 4
4.14448 -1.37181 4
4.34906 -0.886624 4
5.72888 0.0890589 4
6.97588 1.01714 4
4.814 -0.115017 4
5.07715 0.536624 4
3.4442 -1.54347 4
7.55346 2.61316 5
7.50693 2.22984 5
7.56491 3.03703 5
7.60757 1.88354 5
7.602 2.84256 5
7.46599 2.2099 5
7.56007 2.87725 5
7.58063 2.57103 5
7.51032 2.06478 5
7.54081 2.0996 5
7.47737 2.38278 5
7.54595 2.50141 5
7.53587 2.36673 5
7.49761 2.82751 5
7.53236 2.81081 5
7.68346 2.4219 5
7.60387 3.14299 5
7.73132 2.55442 5
7.60674 2.06648 5
7.52098 2.29862 5
7.5551 2.15531 5
7.56407 2.29541 5
7.57759 1.95138 5
7.54572 2.27491 5
7.58798 2.73399 5
7.46781 2.17686 5
7.55887 2.27859 5
7.57293 2.19036 5
7.65992 2.25992 5
7.59494 2.29998 5
7.5371 2.69141 5
7.63424 2.19795 5
7.59287 2.72504 5
7.49405 2.38958 5
7.57353 2.13536 5
7.56997 2.98156 5
7.48163 2.02429 5
7.57816 2.48399 5
7.5923 2.487 5
7.44266 2.6651 5
7.55984 2.51205 5
7.62518 3.18235 5
-4.98955 -8.66785 6
-7.63254 -8.13358 6
-6.86572 -9.47273 6
-3.98356 -9.47107 6
-8.00557 -7.9738 6
-6.57047 -9.40491 6
-5.09352 -9.28266 6
-3.19082 -10.816 6
-5.67761 -10.0731 6
-5.35823 -8.84154 6
-4.82612 -7.59564 6
-4.7251 -10.5536 6
-5.8105 -9.44545 6
-7.76353 -8.71567 6
-5.45501 -7.3591 6
-7.20721 -9.71018 6
-3.86024 -10.4611 6
-4.50153 -11.8305 6
-6.03048 -9.216 6
-6.65603 -9.08958 6
-4.59251 -9.03733 6
-4.64289 -8.93408 6
-5.78658 -10.0666 6
-4.04274 -10.1155 6
-5.16949 -10.4309 6
-5.05794 -8.81923 6
-5.78664 -9.32842 6
-4.37289 -8.94683 6
-6.4047 -9.11275 6
-5.37491 -10.5671 6
-6.07259 -8.48584 6
-6.3638 -9.48055 6
-7.67547 -8.9094 6
-4.63106 -10.8119 6
-5.7772 -9.83422 6
-4.06083 -10.373 6
-3.24441 -9.41466 6
-6.6391 -8.14715 6
-3.7584 -8.35788 6
-5.9836 -8.16216 6
-5.75011 -8.62703 6
-6.87184 -8.24815 6
-6.76083 -8.16644 6
-5.25863 -9.30686 6
-6.17141 -9.52599 6
-5.06482 -9.41899 6
-5.29377 -6.70126 6
-5.57909 -9.92874 6
-5.8381 -9.2105 6
-6.13223 -10.2044 6
-6.74243 -8.13307 6
-5.02873 -8.71367 6
-5.57823 -8.42545 6
-5.03332 -8.88877 6
-5.70938 -10.0331 6
-6.34696 -9.53275 6
-5.98268 -8.97163 6
-7.54646 -9.06374 6
-5.99848 -8.06391 6
-4.65713 -10.5051 6
-5.07471 -9.08616 6
-5.30262 -8.48728 6
-5.79405 -8.67896 6
-5.23903 -7.15784 6
-6.01926 -9.23769 6
-4.51332 -9.34495 6
-5.70501 -9.91195 6
-5.29602 -9.12341 6
-3.70714 -7.06552 6
-6.46704 -10.2465 6
-5.12706 -8.46453 6
-4.68282 -11.7401 6
-5.31832 -10.1911 6
-4.86862 -9.50602 6
-5.03121 -7.74811 6
-7.85123 -8.49787 6
-5.76876 -9.05748 6
-7.41429 -7.32325 6
-4.88648 -9.37088 6
-6.59045 -8.17605 6
-5.59688 -8.8311 6
-5.52003 -9.08106 6
-6.56431 -8.72614 6
-6.87884 -9.07598 6
-4.9264 -8.77193 6
-7.83036 -7.9524 6
-5.09152 -7.91175 6
-4.70184 -11.2253 6
-5.0591 -6.90504 6
-5.69797 -8.86332 6
-6.33874 -10.3039 6
-7.11455 -9.98933 6
-5.57139 -9.81737 6
-4.93227 -9.8936 6
-4.4614 -8.48862 6
-4.39222 -8.84619 6
-5.81656 -8.61894 6
-6.96952 -9.78479 6
-5.75332 -9.00982 6
-6.73203 -7.86458 6
-5.04378 -9.4063 6
0.231999 -8.67921 7
-0.0779206 -8.89666 7
-0.0768238 -8.83413 7
0.905158 -8.66976 7
1.02839 -8.46558 7
0.00318295 -8.63632 7
0.376242 -8.05191 7
0.116228 -8.72533 7
1.5012 -8.35942 7
0.257109 -8.82525 7
0.167785 -8.60018 7
-0.980693 -9.11333 7
1.74009 -8.63352 7
0.288763 -8.24071 7
-0.45882 -9.12115 7
0.776074 -8.74223 7
-0.190266 -8.62355 7
-0.489686 -9.34954 7
-1.27422 -8.92279 7
0.505327 -8.3537 7
0.832145 -9.32924 7
0.0911285 -9.1943 7
-0.279279 -8.2073 7
1.29939 -8.73906 7
-0.656468 -8.38348 7
1.80813 -8.65626 7
0.193702 -9.12471 7
1.32885 -8.31484 7
1.11645 -9.01068 7
0.0354248 -8.86414 7
1.05501 -8.64561 7
0.626843 -7.70947 7
0.468562 -8.81513 7
0.15899 -8.84289 7
0.691837 -8.97909 7
-0.777457 -8.92668 7
1.03477 -7.83353 7
-0.248791 -8.65626 7
-0.0485365 -8.68643 7
0.772932 -8.42171 7
1.10253 -9.07738 7
-0.436959 -8.42566 7
0.251173 -8.3679 7
0.793462 -9.30771 7
1.16235 -8.78989 7
0.138828 -9.03048 7
0.533376 -8.38835 7
-0.372807 -8.58918 7
1.14506 -8.15989 7
1.04627 -8.22816 7
0.941107 -7.92981 7
1.42036 -8.25327 7
0.991179 -8.81032 7
-0.0962478 -8.29421 7
-0.0101101 -8.29785 7
0.700208 -9.05583 7
0.00904004 -8.59377 7
0.556285 -8.47685 7
-1.04817 -9.0865 7
1.79732 -8.23906 7
0.203811 -8.81531 7
0.684698 -8.85021 7
-0.165137 -8.42581 7
0.291107 -8.76124 7
0.185494 -8.41905 7
1.04982 -8.653 7
-0.831179 -8.73248 7
0.262643 -8.44492 7
0.772468 -9.17958 7
0.496775 -8.70397 7
-0.164986 -8.38296 7
-0.285676 -8.50468 7
0.767292 -8.27136 7
0.670608 -8.39086 7
-0.313555 -8.74704 7
0.371956 -8.45756 7
-0.65642 -8.9654 7
0.809971 -8.09313 7
0.899115 -7.79429 7
-0.101191 -8.7109 7
0.666911 -8.63087 7
-0.159879 -8.95049 7
-0.171851 -8.5308 7
-0.0489244 -8.46908 7
0.811469 -9.34994 7
0.34772 -8.339 7
0.0595227 -8.76954 7
-7.6584 5.81836 8
-9.22732 7.28704 8
-7.35681 5.34942 8
-7.06393 5.48438 8
-6.74426 6.33438 8
-6.26433 4.42051 8
-7.95157 6.67069 8
-6.81382 5.72861 8
-7.86491 5.62268 8
-8.25544 7.91198 8
-6.40094 6.35963 8
-8.01137 6.28864 8
-7.79408 6.13536 8
-7.45565 5.95318 8
-0.535365 -6.59572 9
0.0907784 -6.27058 9
1.43576 -6.56733 9
1.41859 -5.72297 9
1.15379 -7.12766 9
0.366061 -6.52074 9
0.76814 -6.5633 9
1.56584 -6.54431 9
2.26924 -5.83928 9
3.37657 -7.08724 9
-1.16256 -6.57239 9
0.0929103 -6.39277 9
0.913189 -5.56726 9
-0.265477 -6.79804 9
1.22949 -6.09721 9
1.69368 -6.07626 9
-0.913474 -6.20916 9
2.88135 -5.34754 9
1.31716 -5.07989 9
0.508372 -6.48122 9
1.51916 -6.51047 9
-0.351504 -6.7399 9
0.428594 -6.90101 9
0.658771 -6.69103 9
2.11726 -6.4437 9
1.22223 -6.58925 9
-0.114095 -6.21419 9
2.1226 -6.81093 9
0.381418 -6.80598 9
0.121269 -6.3398 9
-1.01787 -6.22626 9
3.10446 -4.9639 9
2.22597 -5.35598 9
0.0624286 -6.57186 9
1.01585 -6.3901 9
1.17528 -5.75559 9
0.719641 -5.91032 9
1.91308 -5.51785 9
-0.375628 -6.64198 9
-1.65283 -6.2035 9
1.04722 -6.68016 9
2.09762 -5.26197 9
-0.0908865 -6.18624 9
1.34742 -5.79732 9
1.0542 -5.9772 9
1.88977 -5.05868 9
1.59777 -6.73156 9
2.06724 -6.27415 9
1.04709 -5.91469 9
-1.88449 -6.43672 9
1.32076 -5.87643 9
1.43747 -6.93985 9
0.11246 -6.47674 9
-11.2843 -0.916216 10
-10.2376 -1.52116 10
-10.3059 0.157256 10
-9.36374 -0.333388 10
-9.6324 2.62273 10
-7.82968 -0.646858 10
-10.2181 1.3567 10
-8.16289 1.45323 10
-9.1303 1.34185 10
-9.83681 0.194897 10
-10.7843 0.643237 10
-10.3791 0.0427658 10
-10.4373 -0.916959 10
-10.1356 1.73776 10
-11.552 0.897053 10
-8.83667 1.95642 10
-9.04885 -0.568044 10
-9.52404 1.55969 10
-9.77512 0.2575 10
-9.25868 0.3346 10
-8.21732 0.341357 10
-12.2215 0.230279 10
-9.21499 1.54366 10
-9.83592 1.2598 10
-9.0869 0.812514 10
-9.27835 -0.266694 10
-8.665 0.118543 10
-11.3622 0.340281 10
-9.40667 1.2775 10
-7.39502 0.0716696 10
-9.78409 1.05579 10
-10.0818 0.261633 10
-8.36177 1.61824 10
-9.23374 2.93923 10
-9.15472 0.438699 10
-9.67653 1.61623 10
-8.27358 3.04175 10
-10.3726 2.98142 10
-10.329 2.07151 10
-9.87125 1.79809 10
-8.71262 -0.0380413 10
-7.26515 0.884246 10
-9.63291 -1.45452 10
-11.4098 0.857874 10
-9.9038 0.14245 10
-11.4394 -0.71284 10
-10.3721 1.09642 10
-9.01214 0.632741 10
-11.1501 1.09959 10
-9.80695 0.721975 10
-5.52331 0.432732 10
-9.37935 0.613755 10
-8.35697 1.10843 10
-10.5182 0.0352832 10
-9.29814 0.230793 10
-9.61942 -0.782608 10
-8.49042 0.0380286 10
-8.05942 0.143155 10
-8.39811 -0.524966 10
-9.14416 1.03155 10
-9.38883 0.202229 10
-11.219 0.829158 10
-11.0929 -0.180097 10
-9.12854 -0.101796 10
-9.43543 1.69667 10
-7.78569 0.574854 10
-9.77915 0.0101363 10
8.29818 -6.34184 11
8.65834 -4.31289 11
8.33039 -3.29448 11
7.71408 -5.49702 11
8.40616 -4.76453 11
7.61703 -3.62758 11
8.87697 -6.30422 11
9.03566 -5.29813 11
8.84266 -4.45574 11
8.80533 -5.05927 11
8.30943 -3.62964 11
8.87673 -5.11105 11
8.97419 -5.03171 11
9.1552 -4.22693 11
8.60841 -5.79656 11
8.89065 -6.71219 11
9.13628 -3.64255 11
7.85123 -4.48406 11
8.89741 -4.94818 11
8.51195 -6.17021 11
8.81615 -4.58452 11
8.65959 -4.91368 11
8.4898 -4.40496 11
8.96413 -4.68154 11
7.57248 -3.46589 11
7.60761 -3.00416 11
8.72136 -5.27107 11
8.1368 -3.18018 11
7.9546 -5.66723 11
8.94322 -4.33651 11
8.05775 -3.20889 11
8.58048 -5.28348 11
8.60087 -4.77873 11
7.90108 -2.58925 11
8.70832 -3.69264 11
8.54385 -3.5647 11
8.5695 -3.97791 11
8.482 -6.57384 11
8.6759 -4.86746 11
8.56105 -5.23003 11
8.40067 -4.72854 11
8.39586 -3.23214 11
8.87119 -3.25648 11
8.5913 -4.88344 11
8.55493 -4.33668 11
8.78486 -6.33506 11
8.55061 -5.42703 11
8.12865 -4.80559 11
8.62176 -5.66384 11
8.71136 -3.98301 11
8.46267 -5.09601 11
8.83955 -6.40746 11
8.56682 -6.30695 11
8.82239 -4.61227 11
8.03653 -4.99529 11
8.4386 -4.20371 11
8.5423 -3.91705 11
9.20794 -4.52537 11
8.4976 -5.6518 11
7.39116 -4.5721 11
9.79551 -6.45921 11
8.637 -4.81801 11
8.46828 -2.8003 11
8.71972 -3.59839 11
8.3722 -4.40199 11
9.15785 -5.64259 11
8.25102 -2.1935 11
8.48418 -4.17806 11
8.03056 -3.83001 11
8.34881 -5.57577 11
9.06515 -4.49706 11
8.10787 -4.27346 11
-9.61212 -1.90482 12
-9.79863 -3.40592 12
-9.62185 -3.18764 12
-9.57364 -3.19074 12
-9.81182 -2.96985 12
-9.46708 -2.11516 12
-9.5981 -3.22938 12
-9.60663 -3.43728 12
-9.58524 -2.81486 12
-9.58212 -3.23147 12
-9.62753 -3.0131 12
-9.65266 -2.79361 12
-9.77764 -3.13127 12
-9.67042 -3.40302 12
-9.64492 -3.27787 12
-9.70844 -3.13926 12
-9.73993 -3.12863 12
-9.55193 -3.28119 12
-9.50939 -2.72506 12
-9.62646 -3.53649 12
-9.64623 -3.05493 12
-9.61235 -2.60708 12
-9.72199 -4.43715 12
-9.69035 -3.28058 12
-9.70942 -3.03403 12
-9.61116 -2.80285 12
-9.67542 -3.33529 12
-9.58133 -3.26421 12
-9.6504 -2.90709 12
-9.70106 -3.51982 12
-9.60576 -3.42852 12
-9.66638 -2.61417 12
-9.52188 -2.57708 12
-9.67621 -2.61637 12
-9.58244 -3.21752 12
-9.61025 -3.0762 12
-9.71515 -3.55166 12
-9.74659 -4.07142 12
-9.69774 -3.27435 12
-9.57206 -2.77559 12
-9.83047 -3.12507 12
-9.78174 -2.55788 12
-9.65349 -2.9936 12
-9.68962 -3.66388 12
-9.56271 -3.4273 12
-9.65307 -3.21011 12
-9.7588 -3.02436 12
-9.63272 -2.77623 12
-9.60836 -2.92123 12
-9.56274 -3.14488 12
-9.6852 -3.47061 12
-9.66202 -3.59021 12
-9.62533 -3.19578 12
-9.86184 -2.70784 12
-9.64269 -3.49585 12
-9.62894 -2.76992 12
-9.63532 -2.65431 12
-9.81441 -3.09025 12
-9.6121 -2.70988 12
-9.69121 -2.49363 12
-9.63575 -3.29452 12
-9.61031 -3.43151 12
-9.62882 -2.65232 12
-9.54205 -2.21569 12
-9.65958 -3.45589 12
-9.64376 -2.6428 12
-9.58186 -3.32163 12
-9.67167 -2.85831 12
-9.68921 -2.95331 12
-9.68276 -2.31732 12
-9.72085 -2.41525 12
-9.79011 -2.63542 12
-9.68233 -2.85522 12
-9.66684 -3.56588 12
-9.62463 -2.48434 12
-9.62327 -3.41375 12
-9.65779 -2.98319 12
-9.6336 -3.22869 12
-9.70589 -2.97601 12
-9.77329 -2.98684 12
-9.7759 -2.47442 12
-9.57905 -3.43286 12
-9.54659 -3.22414 12
-9.65067 -2.82801 12
-9.69653 -3.33174 12
-9.7268 -2.78331 12
-9.70233 -2.6799 12
-9.67329 -2.94741 12
-9.6602 -3.13435 12
-9.681 -2.34475 12
-9.57792 -3.32627 12
-9.62868 -3.11076 12
-9.70444 -3.7169 12
-9.69174 -2.9404 12
-9.58487 -3.2962 12
-9.77138 -3.10295 12
-9.81179 -2.73904 12
-9.59557 -3.0145 12
-9.70474 -3.406 12
-9.63959 -2.59156 12
8.39321 6.42045 13
8.18142 4.30644 13
8.2605 4.73717 13
8.52517 2.44804 13
8.49776 4.11419 13
8.57462 6.01236 13
8.08797 4.19299 13
8.57093 2.21396 13
8.32526 5.06021 13
8.49157 4.84689 13
8.20463 4.84265 13
8.59359 4.13239 13
8.20154 6.52515 13
8.47229 3.09821 13
2.84542 5.11586 14
2.70075 5.257 14
2.87328 4.6579 14
2.73292 4.88329 14
2.60019 4.35584 14
2.56731 4.77429 14
2.78065 4.47 14
2.79796 4.50648 14
2.50349 4.24385 14
3.03346 5.35905 14
2.70374 4.98316 14
2.58329 4.6963 14
3.06295 4.96133 14
2.6755 4.50803 14
2.85201 4.45549 14
2.78899 4.55769 14
3.24049 5.42829 14
2.73412 4.97275 14
2.52604 4.91793 14
2.63306 5.22654 14
2.9208 4.69787 14
2.84798 4.64407 14
2.69386 4.32174 14
2.90121 4.6381 14
2.403 4.9353 14
2.39061 4.9769 14
3.02766 5.12941 14
2.43078 5.3038 14
2.58957 5.25282 14
2.46496 4.86066 14
2.54403 5.09835 14
2.83667 5.12117 14
2.73222 4.72064 14
2.77016 4.87763 14
2.6036 4.51626 14
3.09384 4.60129 14
2.75661 4.42713 14
2.96214 4.65841 14
3.01038 4.77873 14
3.0115 5.16822 14
2.42766 4.71898 14
2.9899 4.93444 14
2.68083 4.71484 14
2.94059 5.10503 14
2.89613 4.39834 14
2.91358 4.51742 14
2.72702 4.71033 14
3.00259 4.59848 14
2.71466 4.26508 14
2.73995 5.31441 14
2.61385 4.50245 14
2.83229 4.46457 14
3.08119 5.14848 14
2.90735 4.53695 14
2.42403 4.92618 14
2.64648 5.25104 14
2.95971 4.40245 14
3.35399 4.75627 14
2.75042 4.95713 14
3.22825 4.63918 14
2.32642 4.70544 14
2.72595 4.92598 14
2.90387 4.42006 14
3.15922 5.21093 14
2.50303 5.11021 14
2.83577 4.77923 14
2.77291 5.17555 14
2.83653 5.29569 14
2.61698 4.72198 14
2.70359 4.79752 14
3.10158 4.35386 14
2.68095 5.38423 14
2.50946 4.70466 14
2.71147 4.88386 14
2.73242 5.33198 14
8.06277 -9.93893 15
7.70962 -7.64256 15
8.59117 -10.4122 15
8.87065 -10.3036 15
8.026 -9.04472 15
9.45942 -10.4196 15
8.66382 -10.7607 15
7.35827 -7.89225 15
7.82802 -10.5956 15
8.20384 -9.7392 15
7.77564 -9.78865 15
8.21135 -9.04156 15
8.31638 -9.38863 15
7.86236 -8.82966 15
8.87842 -10.1167 15
8.96336 -9.70951 15
8.14424 -10.93 15
-6.99082 -1.59821 16
-6.16333 -1.83193 16
-5.57288 -1.91298 16
-6.67071 -1.32919 16
-8.38118 -1.56059 16
-6.45246 -1.16772 16
-8.28228 -1.847 16
-6.07166 -1.05352 16
-6.65147 -1.41295 16
-7.26198 -1.88609 16
-6.44233 -1.26223 16
-8.1086 -1.70239 16
-7.66942 -2.08213 16
-7.06216 -1.66402 16
-6.47377 -1.71343 16
-6.3132 -1.59004 16
-7.76429 -1.84654 16
-6.81846 -1.73438 16
-6.01151 -1.52831 16
-7.10931 -1.86588 16
-7.17535 -1.47816 16
-6.7176 -1.61541 16
-7.19696 -1.22424 16
-7.18244 -1.66605 16
-5.56953 -0.993596 16
-6.88494 -1.04188 16
-6.74325 -1.5556 16
-6.72762 -1.803 16
-6.87461 -1.47103 16
-6.4075 -1.62859 16
-7.26323 -1.58447 16
-7.41922 -1.71333 16
-7.48171 -1.24566 16
-7.19047 -2.35081 16
-6.77588 -1.48168 16
-6.87016 -1.88943 16
-7.55532 -1.55112 16
-6.38104 -1.96767 16
-6.06624 -1.45353 16
-10.0877 9.13928 17
-8.64011 8.42981 17
-8.20302 8.30462 17
-9.24667 7.93061 17
-8.61021 8.34535 17
-8.38544 9.0963 17
-8.86388 8.47626 17
-8.49411 9.38609 17
-7.78522 9.05403 17
-9.407 7.91925 17
-8.42697 8.4366 17
-8.79281 8.36424 17
-10.0871 8.20808 17
-9.30955 8.32465 17
-9.11397 8.33725 17
-8.84377 9.16322 17
-8.24572 8.84221 17
-8.94029 9.05357 17
-7.96749 8.56574 17
-7.94493 8.46127 17
-8.34785 8.37276 17
-9.6695 9.33368 17
-8.69426 8.40943 17
-9.70141 8.47751 17
-9.21176 8.22191 17
-9.05988 8.45832 17
-9.57568 8.50928 17
-9.33765 8.95999 17
-9.31317 8.61359 17
-9.27646 8.37244 17
-9.38844 8.15031 17
-8.2638 8.37067 17
-8.21699 9.09739 17
-9.38642 8.08117 17
-7.86058 8.64282 17
-8.81953 7.85422 17
-9.76407 8.78078 17
-9.23947 8.1744 17
-9.15535 8.47603 17
-8.19574 9.06249 17
-8.7174 8.64582 17
-8.19657 8.24553 17
-8.02079 8.23518 17
-8.75769 9.25671 17
-8.65619 8.3497 17
-9.59794 8.36437 17
-9.37915 8.31404 17
-8.81791 8.58878 17
-8.02506 8.86943 17
-9.50772 8.34273 17
-8.23025 9.18849 17
-9.00261 8.33875 17
-8.90125 8.63177 17
-8.98178 7.98053 17
-8.10822 8.7807 17
-8.66392 8.68526 17
-8.81482 8.97045 17
-9.26624 9.11471 17
-9.08545 8.17617 17
-9.14624 8.43551 17
-9.30117 9.01255 17
-8.96285 8.67784 17
-9.75892 7.74829 17
-9.02702 8.14514 17
-6.93818 8.26186 17
-7.88113 8.34991 17
-9.26738 8.70956 17
-6.9005 8.56561 17
-9.90494 8.54062 17
-3.91632 3.3839 18
-4.03456 3.48261 18
-4.40223 3.60171 18
-4.55973 3.63383 18
-4.12253 3.61287 18
-4.18056 3.48998 18
-4.24437 3.43117 18
-4.32362 3.4668 18
-3.84336 3.23333 18
-4.28437 3.52576 18
-4.02485 3.42198 18
-4.32007 3.32346 18
-4.24834 3.40687 18
-4.34055 3.44516 18
-4.33777 3.61044 18
-4.20378 3.41902 18
-4.49074 3.53569 18
-4.4306 3.5229 18
-3.84339 3.43885 18
-4.21138 3.41365 18
-4.12656 3.41899 18
-4.1227 3.60593 18
-4.00135 3.32619 18
-4.17694 3.55555 18
-4.19084 3.41437 18
-4.14723 3.48787 18
-3.94841 3.2703 18
-4.156 3.53141 18
-4.27736 3.5295 18
-4.27192 3.74465 18
-3.89489 3.5278 18
-4.23237 3.49993 18
-4.19018 3.55757 18
-4.71974 3.47564 18
-4.10583 3.64483 18
-3.98393 3.37646 18
-4.39981 3.55725 18
-4.05889 3.40754 18
-4.04494 3.66747 18
-4.16092 3.50032 18
-4.38955 3.38233 18
-4.08525 3.36757 18
-4.37498 3.45 18
-4.18434 3.55323 18
-4.31696 3.43694 18
-4.40488 3.53402 18
-4.2106 3.31402 18
-4.20279 3.32991 18
-4.16084 3.50972 18
-4.08722 3.44114 18
-4.36906 3.58196 18
-4.39884 3.6559 18
-4.12621 3.48796 18
-4.06978 3.45384 18
-4.60999 3.56627 18
-4.32795 3.6946 18
-3.89386 3.4321 18
-4.32803 3.51863 18
-4.04422 3.41603 18
-4.40137 3.38495 18
-4.12777 3.40225 18
-4.09896 3.37153 18
-4.21801 3.5168 18
-4.37205 3.50054 18
-4.34901 3.50465 18
-3.92787 3.45039 18
-4.10225 3.53444 18
-4.23792 3.4806 18
-4.33291 3.49203 18
-4.31527 3.30983 18
-4.12117 3.51715 18
-4.13236 3.52837 18
-4.21427 3.50378 18
-4.21252 3.48436 18
-1.55976 -0.466818 19
-1.93008 -0.661918 19
-1.45714 -0.261978 19
-0.795647 0.497893 19
-1.54792 -0.383525 19
-2.05203 -0.904306 19
-0.403721 0.784561 19
-0.862772 0.358834 19
-2.06249 -0.914389 19
-1.43079 -0.334457 19
-1.73845 -0.50451 19
-1.53072 -0.444972 19
-2.19212 -0.96696 19
-1.33216 -0.246872 19
-1.82533 -0.639769 19
-1.40886 -0.13153 19
-3.03041 -1.7867 19
-1.14242 -0.0636923 19
-0.85928 0.43366 19
-1.0663 0.115237 19
-0.852684 0.43484 19
-1.06762 0.108733 19
-1.86494 -0.679454 19
-1.0491 0.199164 19
-1.69532 -0.455314 19
-2.45058 -1.35324 19
-0.619226 0.52406 19
-2.32791 -1.1336 19
-0.721354 0.502026 19
-0.530011 0.747548 19
-1.46076 -0.190808 19
-1.06931 0.0921007 19
-1.84459 -0.735625 19
-1.85957 -0.768308 19
-2.60057 -1.34574 19
-1.97907 -0.681591 19
-1.7178 -0.440594 19
-1.88679 -0.714869 19
-0.901631 0.346773 19
-1.19211 -0.0379579 19
-2.60509 -1.27996 19
0.357733 1.60212 19
-2.43 -1.29856 19
-1.89227 -0.666192 19
-1.88888 -0.661204 19
-1.63938 -0.434586 19
-0.981387 0.313013 19
-1.5283 -0.375925 19
-1.15449 0.111597 19
-1.01369 0.208293 19
-0.214579 1.06523 19
0.292494 1.55212 19
-1.85836 -0.543745 19
-1.98997 -0.825834 19
-0.772321 0.358318 19
-2.51524 -1.21448 19
-0.531444 0.79193 19
-1.59297 -0.44295 19
-1.58415 -0.229789 19
-1.30598 -0.0909971 19
-1.44344 -0.187144 19
-1.61489 -0.416321 19
-1.2442 -0.0365651 19
-0.873657 0.275346 19
-1.63591 -0.467716 19
-1.40275 -0.331855 19
-0.87441 0.342212 19
-0.699098 0.559268 19
