-4.23694 5.09009 0
-4.80834 7.03574 0
-6.6892 6.96327 0
-4.62607 5.66718 0
-5.93947 6.18509 0
-4.78685 7.85321 0
-2.29833 4.73144 0
-4.30439 5.29417 0
-4.52291 6.22699 0
-5.20668 6.59463 0
-4.77957 6.73123 0
-5.32894 8.38584 0
-6.18297 6.15432 0
-5.51431 5.86517 0
-1.91136 4.6551 0
-4.53766 5.22377 0
-4.10854 5.37192 0
-5.3366 6.55919 0
-5.00353 7.92678 0
-3.57543 6.3268 0
-5.08113 6.11794 0
-5.1874 6.36083 0
-5.19033 7.91487 0
-3.87816 6.44715 0
-4.00909 5.83736 0
-5.53977 6.28432 0
-5.79552 7.19899 0
-5.59106 5.98739 0
-5.09751 8.24822 0
-5.43794 6.7124 0
-3.5406 4.81031 0
-3.93731 6.7906 0
-4.19371 5.7836 0
-5.9568 6.67745 0
-5.96694 7.10469 0
-4.56889 6.31155 0
-5.10715 6.67181 0
-5.70656 6.2048 0
-4.95304 6.48872 0
-5.85225 5.44608 0
-5.29319 5.37309 0
-5.52476 6.19701 0
-5.23961 5.693 0
-4.93622 5.8845 0
-5.44387 7.93756 0
-6.19025 6.99157 0
-4.68968 5.60134 0
-3.98663 3.98655 0
-5.02399 5.59197 0
-4.13726 6.29096 0
-4.80669 5.99988 0
-4.63454 6.00598 0
-6.02996 6.09501 0
-3.70263 5.68216 0
-3.71729 6.52337 0
-8.47588 6.71191 0
-4.12163 4.88627 0
-4.59977 6.99346 0
-6.07862 6.9747 0
-4.40732 5.44463 0
-5.51031 6.11544 0
-4.31736 6.00233 0
-5.80348 6.57458 0
-6.50835 7.48162 0
-3.66247 4.75354 0
-5.49282 5.27599 0
-4.31358 6.40181 0
-5.24547 6.8818 0
-4.75334 6.44245 0
-3.17431 6.06938 0
-3.44651 5.08447 0
-4.6718 6.59579 0
-6.89206 7.44902 0
-6.05955 6.74868 0
-4.33448 5.56298 0
-2.58521 3.11096 0
-4.8132 5.18019 0
-4.84172 6.18737 0
-5.38108 6.50771 0
-4.96547 4.9518 0
-3.79206 6.16378 0
-6.28523 6.90844 0
-3.05411 4.86115 0
-2.53612 4.80766 0
-5.11217 4.88757 0
-6.32116 6.92576 0
-4.96036 5.2129 0
-3.58299 5.9698 0
-2.91187 6.24991 0
-3.15873 6.5001 0
-6.0852 6.84406 0
-4.10656 5.24877 0
-3.44126 5.39851 0
-4.64688 5.10991 0
-5.43737 7.20323 0
-3.26102 5.17199 0
-4.69875 6.93324 0
-7.21873 7.72323 0
-2.89559 4.81806 0
-4.58943 5.60322 0
-4.91301 7.18829 0
-4.06773 5.4554 0
-5.21041 7.37637 0
-5.71107 7.0651 0
-6.20184 7.69752 0
-3.43947 6.10968 0
-4.55835 4.75294 0
-4.95466 7.48428 0
-7.20838 6.63403 0
-6.46719 6.40272 0
3.55794 8.1473 1
4.35654 8.98494 1
3.46925 8.09822 1
3.773 8.40478 1
3.10514 7.79999 1
3.59159 8.17167 1
3.27035 7.98095 1
3.68164 8.3087 1
4.21754 8.8126 1
3.17385 7.8484 1
3.46141 8.09818 1
3.32572 7.81112 1
4.15573 8.84496 1
3.56911 8.24859 1
3.19247 7.93468 1
4.12235 8.72726 1
3.21138 7.89812 1
3.57998 8.16017 1
3.84842 8.50508 1
3.65119 8.21573 1
3.6778 8.31743 1
4.11075 8.62606 1
3.60262 8.26361 1
3.07799 7.69379 1
4.11213 8.62958 1
4.34782 8.90063 1
3.99569 8.50986 1
2.97411 7.61664 1
3.44283 7.9938 1
4.19968 8.81365 1
4.1337 8.81286 1
3.84741 8.51136 1
3.69773 8.33258 1
4.19209 8.86871 1
3.76128 8.41135 1
4.05842 8.8229 1
3.63739 8.32144 1
3.5202 8.1504 1
3.81102 8.46966 1
3.45485 7.97984 1
3.345 8.03338 1
4.21182 8.78318 1
4.4529 9.01105 1
3.61955 8.22932 1
3.40408 8.03093 1
3.80257 8.30037 1
4.57748 9.09986 1
3.73829 8.40517 1
4.32146 8.93999 1
4.21231 8.83752 1
3.64892 8.36976 1
3.24332 7.93113 1
3.01593 7.53347 1
3.84414 8.40367 1
3.66509 8.30946 1
4.29681 8.89021 1
3.84416 8.4466 1
3.8025 8.59638 1
3.92565 8.50299 1
3.82561 8.4682 1
3.25192 7.94305 1
3.12373 7.73824 1
3.95084 8.57561 1
3.51679 8.26726 1
3.91998 8.5114 1
3.64538 8.29962 1
2.91532 7.64267 1
3.99409 8.66008 1
3.43615 8.15159 1
3.94873 8.58595 1
3.00252 7.6487 1
3.92489 8.5504 1
3.7683 8.28318 1
4.14711 8.81299 1
4.05579 8.68658 1
9.68106 -4.07367 2
9.2562 -4.41424 2
8.98361 -3.89987 2
7.86344 -4.09619 2
9.3121 -4.13271 2
10.0185 -4.25148 2
9.45812 -4.14753 2
8.5928 -4.51121 2
8.3596 -3.89751 2
9.81294 -4.48447 2
7.0857 -3.91326 2
8.89893 -3.70839 2
9.09686 -4.33105 2
9.19193 -4.2581 2
8.83643 -3.92314 2
9.87549 -4.44773 2
9.88399 -4.53427 2
8.44783 -3.82697 2
8.37154 -4.26697 2
9.71296 -4.06302 2
9.42613 -4.63342 2
9.27636 -4.02352 2
6.18621 -4.30381 2
9.06605 -4.26011 2
8.29751 -3.9531 2
8.79477 -4.40204 2
10.0797 -4.52739 2
8.46529 -4.22612 2
8.7596 -4.2801 2
8.0174 -4.17562 2
7.61454 -4.13469 2
7.4373 -4.61626 2
8.90316 -4.12034 2
7.75079 -4.35224 2
6.92581 -4.12463 2
7.89532 -4.33353 2
9.78163 -4.06384 2
8.68075 -4.23732 2
9.32939 -4.18277 2
8.31158 -4.45899 2
7.6064 -4.60975 2
7.08192 -4.53503 2
8.68096 -4.3757 2
7.64071 -4.4966 2
9.10287 -4.66402 2
9.45303 -4.08235 2
8.76367 -4.10742 2
9.08091 -3.97488 2
7.81156 -4.11814 2
9.01252 -4.55645 2
8.92698 -4.70682 2
8.61382 -4.41257 2
10.6555 -3.93139 2
9.22596 -4.33341 2
8.85582 -4.52164 2
8.74254 -3.91592 2
8.71927 -4.40418 2
8.79917 -4.14412 2
9.08824 -4.61937 2
8.63357 -4.22432 2
9.59068 -3.76477 2
8.79525 -4.32231 2
9.237 -4.32152 2
7.69506 -3.9725 2
8.98948 -4.17647 2
8.62404 -4.04231 2
8.13633 -3.88496 2
9.10239 -4.35836 2
7.33096 -4.26489 2
8.52568 -3.98679 2
8.90979 -4.14003 2
9.03664 -4.41283 2
9.01431 -4.14909 2
6.99525 -4.26121 2
9.19966 -4.14814 2
8.08207 -4.50712 2
8.33523 -3.78205 2
8.67304 -4.09877 2
9.73141 -4.30094 2
9.28154 -4.19339 2
9.86635 -4.05777 2
8.95322 -4.1837 2
8.46688 -4.19423 2
7.72344 -4.15399 2
9.92703 -3.9137 2
8.31649 -4.37374 2
8.73623 -3.83298 2
7.93584 -4.53198 2
8.17422 -4.24871 2
10.0507 -4.22358 2
8.09522 -4.48572 2
-3.05764 -1.22521 3
-4.33879 0.285022 3
-3.87555 1.57206 3
-2.85812 -0.619413 3
-3.61064 0.204999 3
-3.46362 0.129378 3
-1.88466 -1.37225 3
-2.12388 -1.1532 3
-2.84825 0.217772 3
-4.35208 0.125974 3
-2.56719 -0.381849 3
-1.28465 -2.01121 3
-2.486 -0.779711 3
-2.47413 -0.0663191 3
-4.98832 -0.313156 3
-1.52453 -2.24955 3
-4.29164 -0.570065 3
-3.58551 0.871451 3
-2.96391 -1.0847 3
8.38144 -0.793498 4
8.02483 -0.960569 4
7.07238 -0.518276 4
7.15853 0.039715 4
8.16667 -0.398669 4
8.25712 -0.530652 4
7.75474 -0.298404 4
7.3001 -0.469575 4
7.34819 0.701846 4
9.86103 -2.01071 4
6.79068 0.550579 4
5.85138 1.33163 4
8.08522 -0.201238 4
9.05733 -0.880688 4
8.43943 -0.497516 4
8.48462 -1.04801 4
7.53022 -0.650502 4
9.1638 -0.719997 4
8.63062 -0.885776 4
6.81296 0.109382 4
9.10904 -1.2167 4
8.57644 -0.727563 4
7.97405 0.320305 4
7.5453 0.0101402 4
8.34399 -1.01843 4
9.07963 -0.978252 4
7.22452 0.375201 4
7.70291 -0.562419 4
6.9873 0.562495 4
9.09789 -1.26511 4
8.71054 -0.878437 4
8.08341 0.212805 4
6.63978 0.994421 4
8.39555 -0.390966 4
7.98877 -0.621338 4
7.47006 0.449768 4
9.25816 -1.31334 4
7.09952 0.259621 4
7.13905 0.306457 4
8.59998 -0.945239 4
7.25269 0.279287 4
6.97509 0.710884 4
7.22757 0.143247 4
8.23221 -0.622366 4
7.73034 -0.112644 4
8.54917 -1.30003 4
8.69966 -0.954175 4
7.45638 0.304129 4
8.67558 -0.990499 4
8.11856 -0.278929 4
8.85686 -1.03438 4
7.72163 0.161004 4
8.16819 -0.413553 4
7.90372 -0.112436 4
7.42801 0.262906 4
8.8543 -0.620876 4
8.09028 -0.32264 4
7.0021 0.202435 4
8.80257 -0.373827 4
8.1585 -0.50493 4
8.99455 -0.836317 4
7.60503 -0.139041 4
8.76244 -0.810372 4
7.45483 0.0654877 4
7.78804 -0.600478 4
7.67833 0.107036 4
8.58392 -0.618899 4
9.35406 -1.89338 4
8.55691 -1.18271 4
7.16581 0.392553 4
7.19896 0.258169 4
7.63847 0.503883 4
7.48998 -0.715745 4
7.70699 -0.219633 4
7.88342 -0.463904 4
7.81295 -0.42014 4
9.01445 -1.24559 4
8.51693 -0.750432 4
6.85941 0.758076 4
8.00018 -0.212603 4
7.03505 0.287029 4
9.31962 -1.27721 4
7.70017 0.331413 4
7.77225 -0.398548 4
8.39597 -0.926549 4
7.19075 -0.25463 4
6.29519 1.31987 4
9.37755 -1.22354 4
9.3335 -1.45946 4
9.79531 -2.06027 4
8.9603 -1.15291 4
8.31195 -0.491983 4
7.244 0.0334706 4
7.50061 0.507824 4
5.48396 -9.16214 5
4.86718 -9.23284 5
6.1603 -8.39861 5
5.61819 -8.28301 5
7.52493 -7.68288 5
6.03883 -9.62711 5
4.11361 -10.1377 5
8.16767 -7.35882 5
6.78966 -7.87999 5
6.16315 -8.29965 5
4.46747 -9.06366 5
6.16186 -7.82455 5
5.13129 -9.81561 5
7.09919 -7.68818 5
4.94984 -8.13846 5
5.05042 -9.69398 5
7.54072 -7.5148 5
6.63472 -8.90632 5
4.23031 -9.55958 5
5.00917 -10.6446 5
5.6714 -8.10765 5
6.87202 -8.17253 5
4.99295 -9.98491 5
6.22243 -7.62924 5
7.60779 -6.13282 5
6.15412 -7.41247 5
5.52665 -7.59609 5
6.53624 -7.91364 5
6.09822 -7.34579 5
6.46749 -7.90059 5
5.60298 -9.76744 5
4.68498 -8.60144 5
6.80709 -8.00524 5
4.85659 -8.88844 5
6.40334 -8.59881 5
6.1131 -9.55527 5
5.23454 -9.34133 5
5.77861 -8.40741 5
5.44244 -7.77077 5
5.5706 -8.87878 5
4.43834 -9.88841 5
6.17244 -8.59056 5
5.48116 -8.7431 5
6.28015 -8.46125 5
5.3431 -8.51023 5
4.39139 -9.55714 5
4.77655 -8.21007 5
7.93839 -7.28559 5
6.41396 -8.89708 5
6.15408 -8.74635 5
6.60543 -9.23244 5
6.1649 -8.20727 5
3.25107 -10.1045 5
7.47238 -7.8736 5
3.77481 -9.92869 5
7.08082 -7.92601 5
4.51563 -9.12899 5
6.85795 -8.67123 5
6.76342 -8.30872 5
4.84231 -8.81184 5
6.32435 -8.67226 5
7.13437 -8.81322 5
5.36166 -7.80773 5
3.94475 -7.91051 5
4.70314 -9.43609 5
5.14332 -8.98676 5
6.01484 -7.91871 5
6.47749 -7.53448 5
6.94406 -6.79562 5
6.37197 -8.5169 5
6.01756 -8.29229 5
4.88774 -9.79249 5
5.53163 -8.97216 5
5.08484 -9.39915 5
5.67742 -9.48862 5
6.30579 -8.53952 5
6.12368 -7.56102 5
6.70368 -8.77673 5
3.69918 -9.46701 5
5.95938 -8.38261 5
6.97952 -8.21912 5
4.95906 -10.1047 5
5.76752 -8.68698 5
5.65892 -8.93509 5
7.54194 -6.49332 5
8.22729 -5.90793 5
5.99518 -7.75141 5
6.71484 -8.2633 5
6.69173 -7.23775 5
5.68353 -8.76893 5
6.58673 -7.92308 5
4.48532 -7.98368 5
5.28937 -9.25804 5
6.27608 -8.43732 5
6.41884 -7.76562 5
6.90436 -7.84739 5
3.28746 -10.0568 5
5.22284 -8.91215 5
-4.23558 -3.57946 6
-1.74962 -3.48506 6
-2.30639 -3.80478 6
-2.56785 -3.75215 6
-2.46407 -3.51445 6
-2.71011 -3.40186 6
-2.92731 -3.25911 6
-3.32467 -3.367 6
-2.38258 -3.35687 6
-2.78273 -3.60522 6
-2.20177 -3.4841 6
-3.08402 -3.48975 6
-3.13427 -3.50094 6
-2.80377 -3.63286 6
-3.00413 -3.32933 6
-2.83084 -3.60424 6
-2.85544 -3.22869 6
-3.45154 -3.326 6
-2.74079 -3.21067 6
-2.31057 -3.56605 6
-2.57835 -3.41981 6
9.13354 3.18657 7
9.33808 1.19903 7
9.61956 1.2862 7
9.53556 2.40841 7
8.83373 2.31785 7
9.49993 0.912759 7
8.69305 3.60347 7
9.17021 3.4226 7
9.34421 1.51591 7
9.19057 0.619621 7
8.3332 2.00548 7
9.66464 1.54056 7
9.04806 1.5874 7
9.07553 0.553748 7
9.62153 0.781558 7
9.50392 1.5061 7
9.14937 2.58813 7
9.2191 1.95495 7
9.32919 2.26106 7
9.27158 1.94645 7
9.04783 2.47988 7
9.2688 1.46328 7
8.9959 2.69306 7
9.57693 0.661683 7
9.20295 2.55758 7
9.39373 1.4767 7
9.23374 2.56375 7
9.31111 -0.120457 7
9.28382 3.19642 7
9.14093 1.5985 7
8.90881 2.56271 7
8.91809 2.12941 7
9.45069 1.65381 7
9.36398 2.12358 7
8.89275 0.910383 7
9.13829 4.03902 7
9.12717 0.270449 7
8.62085 2.0489 7
9.0536 1.3723 7
9.31611 1.85635 7
9.21547 2.93178 7
9.5884 1.04334 7
9.33723 2.81724 7
9.72233 1.69739 7
8.99498 2.33768 7
-9.36481 -0.115875 8
-9.31962 -1.29168 8
-11.2763 -1.93683 8
-10.4584 -2.13141 8
-9.55884 -1.22418 8
-10.1604 -0.77473 8
-9.55819 -1.12897 8
-9.06602 0.220737 8
-10.1788 -1.86324 8
-8.77913 0.699441 8
-10.9497 -2.50411 8
-7.96998 0.846331 8
-8.12376 1.0985 8
-9.79707 -2.2979 8
-9.0785 0.353639 8
-8.42005 0.548024 8
-9.68329 -0.297921 8
-9.79389 -1.585 8
-8.52639 -0.356845 8
-9.90218 -1.03485 8
-9.37848 0.32122 8
-8.44339 0.805456 8
-8.79014 -0.51105 8
-9.49318 -0.760388 8
-7.67977 1.24645 8
-8.69186 0.0570438 8
-9.93374 -1.4708 8
-8.4422 -0.106626 8
-9.47924 -0.277539 8
-9.54145 -1.82397 8
-8.86544 -0.0834289 8
-10.9765 -2.08102 8
-11.2782 -2.46963 8
-8.9185 -0.301739 8
-9.39022 -1.10941 8
-9.5783 -1.20971 8
-9.30039 -1.26352 8
-9.35742 -0.966356 8
-10.8838 -2.61007 8
-9.10855 -0.641164 8
-8.57476 1.42027 8
-7.75237 1.06033 8
-9.74017 0.13078 8
-10.2737 -1.97931 8
-10.5354 -2.63856 8
-11.0622 -3.00266 8
-8.44973 -0.0955997 8
-8.44428 0.582059 8
-10.1896 -0.950848 8
-9.08184 0.196835 8
-11.3095 -2.2315 8
-10.4702 -2.06271 8
-8.96349 0.971978 8
-9.79916 -0.117388 8
-8.94004 0.530472 8
-8.62705 0.962699 8
-11.738 -3.69827 8
-7.99798 1.13459 8
-9.9973 -0.0622356 8
-9.41075 0.407051 8
-11.4673 -2.47382 8
-9.42104 -0.971689 8
-10.2135 -1.92435 8
-8.2078 1.87762 8
-10.3356 -0.676504 8
-10.0323 -1.15362 8
-10.9561 -2.03213 8
-7.88279 0.510953 8
-7.85918 0.531414 8
-10.0423 -0.802977 8
-9.10031 -0.199412 8
-8.59739 0.652031 8
-8.95708 -1.54576 8
-8.21882 1.07431 8
-8.85458 -1.01783 8
-8.54947 0.371935 8
-10.3906 -1.46359 8
-9.39037 -0.117706 8
-9.56538 -0.878581 8
-9.52287 -0.412537 8
-2.72736 -6.1369 9
-5.46884 -7.28478 9
-4.68048 -7.11691 9
-6.87049 -6.16144 9
-4.30565 -6.49407 9
-4.03431 -6.35049 9
-4.47669 -6.5545 9
-3.44124 -6.19123 9
-6.59375 -7.01975 9
-2.97528 -6.67162 9
-5.38311 -8.40532 9
-4.03555 -7.37175 9
-7.62348 -7.24854 9
-4.80247 -7.55184 9
-2.97142 -6.23624 9
-4.15384 -6.41073 9
-4.44637 -5.72059 9
-3.4489 -5.04685 9
-3.97946 -6.75519 9
-5.03759 -8.23823 9
-3.53653 -5.86206 9
-6.20106 -6.62159 9
-4.57831 -5.35194 9
-5.10421 -6.64667 9
-6.04767 -7.0528 9
-4.50056 -6.72238 9
-5.18413 -5.39023 9
-5.57584 -7.50884 9
-3.61827 -6.55064 9
-2.49748 -4.78066 9
-3.75261 -5.44793 9
-2.51379 -4.93536 9
-3.29485 -6.3618 9
-0.818703 -5.03374 9
-4.49917 -5.51476 9
-5.9554 -6.64621 9
-4.28452 -5.85676 9
-2.61045 -4.57605 9
-4.07187 -4.87893 9
-5.04202 -6.89259 9
-4.33534 -6.13542 9
-5.07137 -6.37701 9
-4.13867 -5.69402 9
-3.79886 -5.77526 9
-5.7432 -6.66076 9
-5.84857 -7.02045 9
-5.13596 -7.07665 9
-3.72325 -6.62888 9
-3.36429 -4.42506 9
-6.22902 -7.48196 9
-5.43618 -7.54688 9
-2.6794 -5.75152 9
-4.46917 -7.25834 9
-1.61191 -4.74315 9
-4.54697 -7.30702 9
-4.12868 -5.54866 9
-6.8068 -6.70287 9
-2.22706 -4.41405 9
-4.74937 -7.77418 9
-3.15986 -5.00523 9
-4.57759 -6.05387 9
-6.35509 -7.95595 9
-5.30215 -5.75312 9
-5.35439 -7.07437 9
-3.28336 -5.90781 9
-4.98593 -6.61979 9
-4.59982 -6.59627 9
-5.42609 -6.06991 9
-4.14681 -6.16579 9
-5.31418 -6.8159 9
-5.43501 -6.50413 9
-5.00248 -6.90982 9
-4.84847 -6.59268 9
-1.9075 -6.27978 9
-2.67791 -5.68562 9
-5.69209 -6.96875 9
-6.50916 -6.71599 9
-4.98679 -6.05164 9
-5.57922 -6.35746 9
-4.03986 -6.10167 9
-4.52069 -6.53829 9
-7.56862 -7.63647 9
-3.56673 -6.02423 9
-3.02158 -6.01768 9
-4.73748 -6.80022 9
-1.81723 -5.06717 9
-4.87737 -7.22313 9
-5.25851 -5.658 9
-5.07945 -8.14122 9
-3.57482 -6.59992 9
-2.75242 -5.06514 9
-3.07098 -6.76432 9
-5.65661 -6.5003 9
-2.81075 -5.30603 9
-3.03946 -6.17651 9
-4.9299 -5.60608 9
-5.35123 -5.14722 9
-6.17215 -7.02707 9
-4.07405 -6.37099 9
-4.0143 -5.94957 9
-4.7685 -7.11554 9
-1.74625 9.66415 10
-3.07038 8.17042 10
-1.97023 9.28079 10
-3.58504 7.43815 10
-2.168 8.8236 10
-1.58883 9.95831 10
-2.1039 9.62858 10
-2.70562 8.8719 10
-2.7542 7.90373 10
-1.95931 9.05114 10
-2.08695 9.3255 10
-2.56098 9.62303 10
-3.24634 8.16232 10
-2.43996 8.83599 10
-2.83706 8.25665 10
-2.78871 8.78579 10
-2.63174 8.21203 10
-1.93595 9.07196 10
-2.08166 9.41809 10
-3.54729 7.48059 10
-2.81925 8.07076 10
-2.10606 9.45028 10
-2.6176 8.54767 10
-2.30942 8.6061 10
-2.39586 9.0359 10
-3.1733 8.3037 10
-2.34875 9.0846 10
-2.43933 9.24346 10
-2.91163 8.58725 10
-2.56102 8.36124 10
-2.55146 8.94617 10
-1.83108 9.25763 10
-1.9782 9.37957 10
-2.71433 8.56896 10
-2.90493 8.55274 10
-2.12644 8.83041 10
-2.12691 8.95355 10
-2.67243 9.23211 10
-2.62389 8.73238 10
-2.34874 9.284 10
-3.27162 7.7625 10
-1.94439 9.84955 10
-2.01992 9.65485 10
-2.70475 8.87247 10
-2.59257 8.76549 10
-1.99437 9.64486 10
-2.57257 8.88104 10
-2.23513 8.91316 10
-2.2439 8.71693 10
-3.07682 8.22952 10
-2.73712 8.58217 10
-2.64024 8.75526 10
-2.30101 9.26496 10
-2.35141 8.80052 10
-1.92497 9.34359 10
-2.42405 9.11265 10
-2.02165 9.06621 10
-2.09722 9.20228 10
-2.87368 8.75573 10
-1.55041 9.954 10
-3.26806 7.93524 10
-1.90382 9.05368 10
-2.40943 9.1905 10
-1.54568 9.99273 10
-2.86646 8.76445 10
-2.01114 9.31251 10
-2.1572 9.59557 10
-2.3271 8.84474 10
-1.88074 9.79903 10
-2.4393 8.63937 10
-3.20234 8.21385 10
-2.15009 9.48408 10
-3.20439 8.02914 10
-0.215833 10.7264 10
-2.5005 9.04868 10
-1.49396 10.2081 10
-3.13945 8.51192 10
-1.52095 10.0459 10
-2.98373 8.10996 10
-3.37906 8.18859 10
-2.50141 9.0295 10
-2.60048 8.43235 10
-2.23841 9.12296 10
-2.69186 8.0177 10
-2.45697 8.84561 10
-3.25126 8.0971 10
-3.70507 7.45063 10
-1.85203 9.27539 10
-1.57147 9.77042 10
-2.14256 9.69075 10
-2.88265 8.53284 10
-2.46997 8.95789 10
-2.55929 9.15523 10
-2.45196 8.30908 10
-3.53124 8.16162 10
-3.036 7.96344 10
-1.86459 9.61624 10
-1.65588 9.71525 10
-2.06259 9.06109 10
-0.700596 11.001 10
-2.87701 8.70551 10
-2.7037 8.4236 10
-2.21042 8.68964 10
-1.55667 9.81762 10
-2.35983 8.83225 10
-2.71519 8.38094 10
-1.33968 10.0319 10
-3.33978 7.82879 10
-0.780426 10.5259 10
9.80359 6.39217 11
9.55624 6.23474 11
9.09302 6.85414 11
9.40794 6.60935 11
8.64494 6.28013 11
9.85645 7.19778 11
9.55459 5.49817 11
10.329 6.45304 11
8.83255 7.45646 11
9.54658 7.17901 11
8.26428 6.10733 11
9.66061 6.16125 11
8.54559 7.07568 11
7.44048 6.32649 11
8.38967 6.16073 11
9.51286 6.30377 11
9.94457 6.08047 11
7.69007 7.91866 11
8.37783 6.6194 11
8.22673 6.8902 11
8.84563 6.97715 11
10.1214 7.04082 11
8.70241 6.99816 11
7.97373 6.84548 11
8.38981 5.95353 11
8.6618 6.19606 11
8.75433 7.63896 11
8.90861 6.5188 11
9.18077 7.38022 11
9.75868 8.06526 11
8.86438 7.00854 11
9.32172 6.26638 11
9.7298 8.3544 11
9.22629 5.03349 11
9.88605 7.36801 11
8.75003 7.48918 11
8.30169 6.14248 11
9.18013 7.61712 11
8.09817 6.47646 11
8.23636 7.4117 11
9.2906 6.71441 11
8.80387 7.31513 11
7.3006 7.18543 11
9.59271 6.91998 11
8.78328 6.77426 11
7.7603 5.40091 11
9.10744 7.88747 11
10.4894 6.35032 11
8.85881 7.58712 11
8.41408 6.30939 11
9.21266 5.32688 11
7.48764 8.75631 11
7.69851 6.89613 11
9.54342 5.31019 11
8.11381 6.88228 11
8.76394 6.52923 11
9.65515 5.88659 11
8.79392 7.0178 11
9.67462 6.60061 11
9.58448 6.68095 11
8.55742 6.32895 11
8.08196 7.00733 11
9.19159 6.37277 11
8.83526 7.7888 11
4.9103 -3.04432 12
6.30219 -3.06373 12
7.34856 -2.90461 12
5.54923 -3.30693 12
6.0867 -2.48449 12
6.09293 -2.6722 12
5.41958 -4.17202 12
5.71904 -3.56755 12
5.89273 -2.90747 12
6.47499 -2.97445 12
6.78072 -2.24332 12
5.57073 -3.17979 12
5.88166 -3.27487 12
6.08863 -3.36185 12
5.48524 -3.12627 12
5.29282 -2.7453 12
6.6888 -2.76933 12
4.54412 -3.93336 12
5.76345 -3.54429 12
6.5097 -3.71627 12
5.52768 -3.16275 12
5.8767 -3.14955 12
4.92149 -3.26112 12
5.97656 -3.60074 12
5.37019 -2.93116 12
4.54992 -2.68137 12
5.54543 -3.67618 12
4.50727 -3.47854 12
4.66571 -3.28755 12
6.33978 -2.48812 12
5.93277 -3.02025 12
4.39876 -2.90774 12
4.65603 -3.14789 12
5.67421 -2.66322 12
4.14752 -2.49695 12
4.87546 -4.1655 12
5.69056 -4.51043 12
5.75052 -3.28764 12
5.91136 -2.72708 12
5.61332 -2.0043 12
3.55642 4.18915 13
3.32996 4.46411 13
3.57259 4.02428 13
3.40224 4.18559 13
3.51059 4.27604 13
3.6028 3.9437 13
2.76799 4.73468 13
3.61008 4.00877 13
3.11774 4.47437 13
3.18341 4.45498 13
3.19738 4.49459 13
4.03143 3.57009 13
3.78042 3.93641 13
3.18372 4.35631 13
3.03437 4.68837 13
3.62817 4.07584 13
3.77011 3.82557 13
3.12731 4.39122 13
3.15132 4.53539 13
3.87271 3.65266 13
3.43962 4.01096 13
3.4597 4.294 13
3.73487 3.77105 13
2.82227 4.94242 13
3.43303 4.01401 13
3.42639 4.20385 13
3.53995 4.03138 13
3.45006 4.09831 13
3.77351 4.07814 13
3.15573 4.57487 13
2.47658 5.14941 13
3.10868 4.41341 13
3.27842 4.46447 13
3.76569 3.8735 13
3.28906 4.38348 13
3.67361 3.92051 13
3.42108 4.09966 13
3.59029 3.99537 13
2.80438 4.85384 13
3.57948 3.92081 13
3.15184 4.42548 13
3.44261 4.35058 13
3.35555 4.24355 13
3.02973 4.31363 13
3.02794 4.68439 13
3.25001 4.52842 13
3.30866 4.17298 13
3.53252 4.04694 13
3.28359 4.36284 13
3.19073 4.48179 13
3.97165 3.63396 13
3.45594 4.10227 13
3.69593 3.89434 13
3.2564 4.27023 13
3.06601 4.61401 13
3.04953 4.56251 13
3.29999 4.21636 13
2.9784 4.49716 13
3.51889 4.16115 13
3.09271 4.54797 13
3.5695 4.19768 13
3.36396 4.16005 13
3.76008 4.075 13
3.44554 4.27917 13
3.77125 3.92353 13
3.58609 3.90932 13
3.45847 4.34928 13
3.19586 4.33399 13
3.2741 4.4896 13
3.03769 4.54236 13
3.31712 4.32981 13
3.38505 4.36077 13
3.24685 4.49137 13
3.5377 3.92607 13
3.48208 4.05765 13
-8.79311 -4.61957 14
-7.88715 -4.58534 14
-8.78078 -5.28314 14
-7.33752 -4.19116 14
-9.06436 -3.43126 14
-7.46371 -3.46512 14
-8.01174 -4.34721 14
-7.83543 -4.23513 14
-10.3812 -4.89253 14
-9.2547 -4.63258 14
-10.0523 -4.89671 14
-8.97947 -4.63731 14
-9.00518 -5.14174 14
-9.61504 -5.63057 14
-8.24169 -4.89197 14
-9.66763 -5.22852 14
-9.79044 -5.22728 14
-10.0997 -4.82575 14
-8.23266 -4.72032 14
-8.12835 -4.61133 14
-7.75727 -4.2942 14
-9.23154 -5.10751 14
-8.8331 -3.82127 14
-8.88233 -4.61928 14
-9.55223 -4.78435 14
-9.55928 -5.26101 14
-8.43074 -4.00113 14
-10.5896 -5.2162 14
-7.65224 -3.55204 14
-8.59642 -4.22114 14
-8.7958 -4.85803 14
-10.4559 -5.12887 14
-8.95191 -4.33802 14
-9.35588 -5.2685 14
-8.35371 -4.39736 14
-9.64658 -4.7677 14
-10.2743 -4.89098 14
-8.198 -4.83569 14
-8.66154 -4.22848 14
-10.1629 -5.11436 14
-8.33662 -3.46798 14
-8.89853 -5.22038 14
-9.93632 -5.91644 14
-8.58663 -4.34731 14
-7.73343 -4.78542 14
-9.20681 -4.18155 14
-8.69258 -4.67525 14
-8.96727 -5.13293 14
-7.04153 -4.01828 14
-9.07225 -3.97057 14
-9.00417 -5.24115 14
-8.69069 -4.23324 14
-9.81622 -4.38244 14
-8.51511 -4.97714 14
-7.44598 -4.216 14
-8.48725 -4.13594 14
-7.59433 -4.3349 14
-9.90923 -5.27252 14
-8.32178 -4.25271 14
-8.53465 -5.04478 14
-10.3654 -4.98481 14
-7.87279 -2.95517 14
-6.9375 -3.89082 14
-9.39197 -4.85251 14
-8.98223 -4.39951 14
-8.80868 -5.16379 14
-7.86071 -4.35416 14
-9.6156 -4.93865 14
-9.87274 -5.26466 14
-9.08927 -4.26412 14
-8.95282 -4.84911 14
-8.7309 -3.78302 14
-6.59961 -4.07502 14
-9.50738 -4.67307 14
-7.44723 -3.64015 14
-7.86744 -3.37679 14
-10.2168 -4.48557 14
-10.0451 -5.15641 14
-9.36537 -4.86246 14
-8.36929 -4.76943 14
-9.51287 -5.52501 14
-7.57607 -4.46417 14
-9.40035 -3.97034 14
-9.05809 -5.0736 14
-9.42972 -4.9977 14
-8.9103 -4.02033 14
-8.71203 -4.82304 14
-7.8325 -4.53996 14
-8.80162 -4.9206 14
-7.85563 -4.3171 14
-10.859 -5.79311 14
-7.60714 -4.5872 14
-7.92691 -4.51689 14
-9.17871 -5.25155 14
-8.98157 -4.54501 14
5.82986 6.41367 15
5.84412 6.80056 15
5.66137 8.53233 15
5.99905 6.52749 15
5.6312 8.20592 15
5.78516 5.5572 15
5.65081 6.83761 15
5.67074 8.11999 15
5.76747 7.33765 15
5.803 6.50868 15
5.6732 5.82309 15
5.89232 4.35873 15
5.86003 7.97156 15
5.73588 7.35605 15
5.77606 8.42601 15
6.00025 7.39033 15
5.79568 6.84309 15
5.74282 7.22454 15
6.01628 7.31458 15
5.7576 7.22523 15
6.04527 7.20047 15
6.0462 6.51027 15
5.91238 6.08527 15
5.43704 5.74041 15
5.83414 6.42404 15
5.6033 5.78959 15
5.89148 7.05537 15
6.05191 8.45604 15
5.95022 7.27868 15
6.06791 5.58595 15
5.62827 7.57063 15
5.87893 6.67424 15
6.00535 6.85479 15
6.04103 6.93243 15
3.10514 1.49225 16
2.03906 1.98503 16
3.52297 1.22309 16
2.69203 0.850565 16
0.731152 1.89447 16
2.54692 1.06127 16
1.86028 0.104919 16
1.88808 2.70838 16
2.84504 2.42813 16
0.273436 2.04182 16
2.43022 1.27081 16
1.76791 2.48034 16
2.50151 0.731594 16
3.45708 2.81581 16
2.13265 1.74108 16
3.03249 2.84937 16
4.55513 1.80092 16
4.4919 -0.1201 16
3.54198 0.797269 16
3.80494 -0.0657104 16
4.0228 1.32337 16
1.1854 1.14324 16
0.663565 2.02372 16
2.23618 1.56777 16
1.99247 0.68185 16
2.18521 2.3263 16
2.73522 1.32694 16
1.32262 4.10008 16
3.6127 1.22733 16
1.42132 2.29694 16
2.95126 1.95799 16
3.20656 2.25727 16
2.59397 1.24101 16
2.89303 0.863825 16
2.67801 1.49479 16
1.78952 2.65145 16
2.88113 0.636898 16
3.15856 2.04957 16
2.84952 -0.420421 16
2.93179 2.29296 16
1.88294 2.95807 16
1.61143 1.41889 16
2.99435 2.29181 16
1.39211 1.30088 16
1.92631 1.47032 16
3.36249 2.67627 16
1.87144 0.632748 16
4.14007 1.18954 16
4.00127 1.499 16
1.09436 1.70288 16
2.76015 2.08411 16
2.53046 1.31862 16
1.7564 0.743965 16
1.45665 0.992325 16
1.48332 1.71256 16
1.56054 3.41487 16
0.310329 2.03781 16
2.27792 2.35802 16
2.50166 1.95188 16
1.57148 1.84795 16
2.12155 1.5112 16
2.7478 2.34205 16
2.02292 0.350818 16
2.78173 0.666074 16
2.10646 3.1403 16
0.762102 3.02965 16
1.75967 1.26726 16
2.59635 1.22325 16
1.92339 0.48149 16
3.33386 2.06056 16
1.37689 1.63036 16
1.70539 0.972157 16
-0.0635871 0.22108 16
0.998348 1.80329 16
3.23103 1.86659 16
2.8042 1.09239 16
2.32528 2.73659 16
3.4427 1.74578 16
1.44655 2.10754 16
2.61156 0.260202 16
2.90254 0.736133 16
2.77339 1.77499 16
2.66829 1.13329 16
2.10305 2.73658 16
1.63276 2.20045 16
3.29474 0.161201 16
0.747217 2.13525 16
2.73938 0.866916 16
1.7579 1.58205 16
2.8598 2.10679 16
1.55555 1.72945 16
3.46658 2.40622 16
1.86364 0.129211 16
1.51086 -0.0102608 16
1.93678 0.694287 16
1.76685 -0.121196 16
3.42457 1.00658 16
2.40637 2.06034 16
0.876661 2.02665 16
3.94777 1.71596 16
1.67598 2.78815 16
1.79982 2.79815 16
1.33383 1.71669 16
1.90178 1.17126 16
3.31978 0.792292 16
0.654631 -0.888575 17
0.171735 -1.55276 17
0.46213 -0.248841 17
0.246187 -1.2485 17
0.16527 -1.96257 17
0.199864 -1.14138 17
0.433773 -0.550436 17
0.417573 -0.94028 17
0.245105 -0.080759 17
0.0853392 -0.818558 17
0.220403 0.643077 17
0.639563 0.216416 17
0.183224 -2.02554 17
0.497131 -1.0967 17
0.363196 0.60017 17
0.127004 -1.66401 17
0.534173 -1.07261 17
0.403598 0.510969 17
0.526532 -0.944288 17
0.326928 -0.581019 17
0.224256 -0.705415 17
0.232524 1.0364 17
0.477786 -0.708909 17
0.625545 -0.560629 17
0.284062 -0.544651 17
0.649507 -0.826321 17
0.495412 -1.1118 17
0.533542 -1.28298 17
0.183599 0.0661456 17
0.688904 0.780925 17
0.466121 1.27661 17
0.279895 -1.01463 17
0.490102 -0.311824 17
0.0193521 -1.16452 17
0.590863 0.2229 17
0.229184 -0.126251 17
0.462464 -1.4413 17
0.331504 -0.705805 17
0.342952 -0.756102 17
0.475886 -1.41284 17
0.448996 0.577556 17
0.153694 0.17687 17
0.523791 -2.97755 17
0.246175 0.147458 17
0.638603 -0.188461 17
0.398458 -2.43949 17
0.372357 -2.92724 17
0.371261 0.431552 17
0.387703 0.790768 17
0.178518 -0.506098 17
0.337527 -0.0163043 17
0.210791 -1.88296 17
0.486356 0.0316634 17
0.276809 -1.19603 17
0.465197 1.16797 17
0.170745 -0.361678 17
0.88356 0.213341 17
0.63483 -2.02629 17
0.293963 -0.97947 17
0.124994 0.725327 17
0.393481 -3.27154 17
0.420176 1.27752 17
0.490024 -0.815972 17
0.358613 0.00359589 17
0.15503 -0.736421 17
0.227756 0.00124979 17
0.427279 -0.534688 17
0.359791 -0.00147609 17
0.318247 0.723303 17
0.687495 -1.01807 17
0.575633 0.0852249 17
0.0997023 -0.51863 17
0.216267 -2.43399 17
0.368108 0.163373 17
0.354437 0.0918552 17
0.409162 0.0565297 17
0.49793 -1.44013 17
0.404359 -0.0242143 17
-0.0108217 -0.0677813 17
0.441975 0.949625 17
0.585603 -2.29248 17
0.465211 0.381993 17
0.58789 0.499025 17
0.469022 -0.426732 17
0.442853 -0.409219 17
0.258922 -2.58785 17
0.487262 -0.507466 17
0.449395 0.355275 17
0.211806 -1.21217 17
0.570897 -0.909334 17
0.431976 -1.43345 17
0.355962 -1.19993 17
0.58023 0.115019 17
0.330587 -0.625865 17
0.170745 -0.084232 17
0.435424 0.878266 17
0.131213 -2.63209 17
0.383119 -0.42356 17
0.230737 0.168632 17
0.563249 -0.491708 17
0.254241 -0.90766 17
5.36574 9.22256 18
5.28595 9.30968 18
5.55713 9.23143 18
5.26152 9.22703 18
5.5198 9.22916 18
5.15161 9.26165 18
5.52879 9.40433 18
5.44064 9.12917 18
5.43435 9.22105 18
5.22317 9.2495 18
5.4747 9.282 18
5.20846 9.36536 18
5.44277 9.20719 18
5.00433 9.19814 18
5.5126 9.22123 18
5.31237 9.40193 18
5.42528 9.29158 18
5.41108 9.21989 18
5.64273 9.04423 18
5.62729 9.1766 18
5.41534 9.19364 18
5.54211 9.3649 18
5.48781 9.24474 18
5.43746 9.38217 18
5.39023 9.24205 18
5.48125 9.2844 18
5.49154 9.25314 18
5.65137 9.04857 18
5.48827 9.18306 18
5.63229 9.38216 18
5.4814 9.22628 18
5.32715 9.06626 18
5.35757 9.15254 18
5.67324 9.22538 18
5.36148 9.23916 18
5.20327 9.26068 18
5.27613 9.40806 18
5.1894 9.4247 18
5.49248 9.27646 18
5.43668 9.03177 18
5.35976 9.33502 18
5.11452 9.39986 18
5.25159 9.12392 18
5.59139 9.18131 18
5.54935 9.28354 18
5.27557 9.32548 18
5.20702 9.14144 18
5.23079 9.18735 18
5.34988 9.25505 18
5.34634 9.37645 18
5.5309 9.13274 18
5.26727 9.14397 18
5.32471 9.17381 18
5.30555 9.1694 18
5.56401 9.24862 18
5.14504 9.22907 18
5.25156 9.15279 18
5.46853 9.22501 18
5.49969 9.16501 18
5.42029 9.17522 18
5.5174 9.33452 18
5.50713 9.25671 18
5.52287 9.22979 18
5.28337 9.33279 18
5.4283 9.27646 18
5.28596 9.23767 18
5.60903 9.29806 18
5.63702 9.20275 18
5.54412 9.44326 18
-5.92096 8.98907 19
-4.99495 8.62855 19
-5.97346 9.81348 19
-5.76437 9.43313 19
-5.43782 9.01738 19
-4.62481 9.39745 19
-4.78554 9.15479 19
-4.76157 11.0113 19
-5.79955 9.6118 19
-4.92992 9.30279 19
-5.10963 8.45624 19
-6.07153 10.3039 19
-4.80831 8.56783 19
-6.18724 9.83343 19
-4.96872 9.16839 19
-6.38092 9.21625 19
-5.09316 9.5384 19
-5.70872 9.14615 19
-5.05512 9.58832 19
-5.09801 8.65225 19
