-4.99006 5.98004 0
-3.72419 5.45041 0
-2.51556 3.74665 0
-7.72521 5.73584 0
-9.02388 6.16466 0
-6.53857 4.96332 0
-9.02352 5.48008 0
-6.47511 3.11782 0
-7.82823 4.76847 0
-6.26386 5.85339 0
-2.22444 7.08356 0
-11.7297 3.94557 0
-1.29336 2.26882 0
0.589454 3.33311 0
-5.96208 3.89314 0
-14.7278 4.69947 0
-13.9199 4.27677 0
-12.5651 2.80429 0
3.63442 6.39082 0
-9.55979 7.06175 0
-8.12611 4.49586 0
-9.54693 2.46343 0
-9.85273 4.25807 0
-7.55939 3.90931 0
-6.61676 4.86353 0
-11.6175 4.31874 0
0.839253 3.02747 0
-6.40195 5.85546 0
-2.951 4.61618 0
-9.20031 6.4406 0
-7.54859 6.64612 0
-2.10269 5.32348 0
-1.4659 5.41683 0
2.51732 5.50358 0
-10.0958 4.85041 0
-6.20729 6.14736 0
-5.79203 4.88727 0
-5.85111 5.89353 0
-1.68284 5.23209 0
0.766333 5.42772 0
-5.86769 4.66667 0
-13.6607 4.34274 0
-9.74471 5.3167 0
-4.2919 3.3383 0
-7.60669 5.69583 0
-5.71948 6.16326 0
-8.35745 6.88717 0
-11.5976 6.22468 0
-7.85113 3.32371 0
-8.39848 4.7435 0
-6.26701 3.20248 0
-11.8147 2.03637 0
-1.20782 4.52175 0
-12.2952 7.79388 0
-2.14938 4.40238 0
-8.53704 3.75463 0
2.25167 6.03105 0
-13.1003 4.12239 0
-2.51677 3.94356 0
-4.88558 5.51114 0
-0.0288424 4.60534 0
0.0315761 3.94503 0
-5.57507 4.36745 0
-3.84102 6.28546 0
-10.52 2.83598 0
-13.7964 6.98495 0
-8.32366 4.92667 0
-6.31214 4.54914 0
-20.8959 4.35074 0
-14.2432 4.76771 0
4.5557 4.12714 0
-5.81127 4.45568 0
-7.93279 4.55989 0
-12.3207 2.91149 0
-5.5379 5.52154 0
-2.41598 4.62848 0
-2.27893 5.64236 0
-4.45017 7.52493 0
-9.14797 7.36104 0
-2.22936 6.4172 0
-1.90271 3.46535 0
3.39306 7.16761 0
3.21219 4.74358 0
1.27469 6.72905 0
-6.15351 4.18966 0
-7.61425 4.90127 0
-4.87464 3.42428 0
-6.08735 5.0069 0
-4.7052 3.87286 0
-3.52851 4.11857 0
1.06721 3.94441 0
0.536029 5.92182 0
-3.04162 4.17098 0
-5.75576 5.75256 0
-0.745619 6.5233 0
-1.14919 5.77392 0
-5.36904 5.16493 0
-8.98517 3.48294 0
-3.53718 6.89233 0
-2.88967 4.53405 0
-8.04925 4.96941 0
-0.746454 6.98136 0
-2.16203 3.40485 0
-4.1327 3.57741 0
-10.4299 5.55187 0
-0.0108334 4.57352 0
0.874213 7.71685 0
-8.21352 6.9538 0
-3.56409 4.50669 0
-3.68823 9.74124 0
-1.27639 2.9865 0
-7.95143 3.48422 0
-7.91905 3.11609 0
-6.03053 3.37862 0
3.7445 5.00362 0
-4.57479 5.24207 0
4.13044 5.12123 0
-6.95715 7.37457 0
-2.82827 6.32585 0
-7.80546 5.58867 0
-3.53398 4.37383 0
-3.25546 6.02949 0
0.30443 2.96769 0
-10.283 2.87198 0
-4.84994 4.25136 0
-8.17604 3.6477 0
-13.7368 3.85023 0
-2.59751 5.0461 0
-6.93706 5.73648 0
-4.43679 2.75357 0
-11.0324 4.73122 0
1.89387 4.99695 0
-11.2146 6.57858 0
0.243591 3.57174 0
-14.5523 3.85373 0
-7.60496 3.54496 0
-4.85207 4.70049 0
-0.696049 3.02159 0
-5.65537 3.38302 0
-4.98014 6.97574 0
-0.492793 5.00158 0
-10.5734 3.58987 0
2.81695 5.59892 0
-1.12617 6.07964 0
4.09212 3.55785 0
-2.48096 8.47569 0
-6.09209 6.03455 0
-2.47787 4.38711 0
-7.00378 2.89752 0
-10.5399 5.88987 0
-4.5973 3.99174 0
-11.1437 5.35005 0
-4.27314 4.12321 0
-9.59481 2.85293 0
0.0454026 5.974 0
-4.93117 3.13088 0
-7.42521 3.47026 0
5.13183 1.73066 0
2.98079 5.43361 0
-10.6068 3.85956 0
-6.80889 4.54634 0
2.83052 4.08438 0
-10.2493 5.87375 0
-9.82504 6.14931 0
0.159316 6.09378 0
-6.88645 6.34254 0
-9.76497 6.33224 0
-4.17678 6.85988 0
-4.67166 6.18518 0
-4.71135 6.67567 0
-3.65211 5.71284 0
2.45836 4.64205 0
-6.19405 5.29537 0
-2.62288 6.17112 0
-4.28223 3.51091 0
-0.0152271 4.49576 0
-3.52076 5.56734 0
-3.81873 5.47605 0
-1.97619 4.10296 0
-6.16205 6.50627 0
-10.9703 7.16742 0
-10.1493 4.56049 0
-4.64568 3.83913 0
-0.422952 5.50445 0
-0.718506 7.07334 0
-11.0883 4.33729 0
-1.00284 5.90999 0
-9.56549 3.68239 0
-5.10188 4.73916 0
-4.34461 4.35724 0
-2.5988 2.4695 0
-5.58218 2.54146 0
-7.82794 5.8171 0
-12.1455 4.52635 0
-6.43308 7.10765 0
-4.202 7.89603 0
-5.45952 6.0108 0
-7.69729 4.20611 0
-1.4796 5.13454 0
4.57172 4.09134 0
-3.23976 4.71323 0
-10.1436 8.28909 0
-11.4627 5.54218 0
-10.3564 5.01205 0
2.68596 6.07818 0
-9.40666 3.98564 0
-12.4671 6.44746 0
-13.6566 3.63265 0
-4.44199 5.64692 0
-8.92489 5.78959 0
-14.2944 3.63716 0
-1.26091 6.70264 0
-10.5129 9.62651 0
-8.13125 4.98678 0
-6.63985 3.27698 0
-5.19405 6.11514 0
-16.2642 5.06034 0
-7.80861 6.30054 0
-11.4768 5.35792 0
-3.27309 5.89718 0
-2.11024 3.50785 0
-1.59101 6.58782 0
-6.14913 4.84325 0
-10.0206 2.75655 0
-4.47716 5.62151 0
-3.18196 4.65527 0
-8.05608 5.28392 0
-14.2153 6.37841 0
-1.46104 5.88589 0
-7.00455 3.0536 0
-5.11323 5.85653 0
-0.498279 3.27783 0
-8.71745 6.90506 0
-7.41586 3.74672 0
-1.14893 5.17677 0
-2.8095 6.11439 0
-9.04774 3.93063 0
-8.47366 5.77261 0
-5.07616 5.56221 0
-0.326397 4.14265 0
-6.19836 3.70126 0
0.21716 4.18972 0
-3.00648 5.59661 0
-5.52718 2.09215 0
-1.88366 2.42292 0
-10.9907 6.00307 0
-9.27208 5.74518 0
-5.29128 5.24648 0
-1.90943 4.73184 0
-10.458 3.65066 0
-8.39216 5.358 0
-8.00192 6.80218 0
-1.99065 5.16034 0
-11.4013 6.16994 0
-3.16861 6.11922 0
-2.4051 3.42131 0
-9.44496 4.3366 0
-12.5766 3.9901 0
-0.371727 5.30698 0
-1.84178 3.36823 0
-5.22926 3.87902 0
-12.1521 3.31346 0
-10.534 5.23658 0
1.09449 7.62549 0
-3.97294 4.43652 0
-7.87343 4.68562 0
-5.13936 5.30021 0
-4.48462 5.63789 0
1.72043 6.56615 0
1.30865 3.48506 0
-7.56079 4.46984 0
-7.23998 1.38312 0
-1.05609 4.58276 0
0.617095 6.68839 0
-6.06803 4.93569 0
-4.07405 2.96738 0
-2.65975 7.03053 0
-2.0017 3.65645 0
-0.278262 3.73862 0
-9.68745 4.35447 0
-4.24449 6.10637 0
-3.30579 4.16952 0
-16.4113 3.10529 0
1.59142 3.04849 0
0.850674 2.74105 0
-5.80674 3.75229 0
-8.78533 5.39624 0
-1.3825 5.28632 0
1.96863 4.35034 0
-7.2627 6.67057 0
-6.57053 1.02578 0
-8.51537 4.40811 0
-11.2294 5.66202 0
-7.78868 6.46422 0
-13.8083 5.4776 0
-4.55826 3.70057 0
-4.45108 7.17889 0
-12.5524 4.95007 0
-1.10065 3.13833 0
-6.69249 4.45647 0
-3.57765 7.08842 0
-10.117 4.98201 0
-0.189158 6.19842 0
-9.48873 4.21631 0
-6.88583 5.42752 0
-1.71886 4.73581 0
-10.2697 6.24379 0
-3.91893 4.73188 0
-2.29345 3.63235 0
-7.40331 5.10195 0
6.70304 7.60515 0
-11.0267 6.65172 0
-8.64958 2.72548 0
-2.0285 4.53933 0
-6.16292 4.50002 0
-1.60124 7.27313 0
-8.90048 4.56265 0
0.0353144 1.47799 0
-17.5257 6.07037 0
-5.48615 4.72082 0
-11.0155 3.50709 0
-14.2848 6.13796 0
-4.48304 4.69734 0
-1.75948 4.70044 0
-6.82662 4.96856 0
-5.77753 4.92094 0
-7.36854 6.14758 0
0.270505 6.68184 0
1.71106 5.67197 0
-10.2955 3.97155 0
-5.86235 1.87851 0
-3.27171 5.34488 0
-0.754883 5.64135 0
-9.05808 2.35514 0
-1.91642 5.05456 0
-8.42626 3.70352 0
-3.8641 5.35745 0
-5.04213 7.19254 0
0.38695 3.90788 0
-14.4315 5.6145 0
-6.70839 5.39619 0
-9.07866 4.14369 0
-13.9445 4.47746 0
-4.16251 5.68104 0
-4.34978 5.9708 0
-5.26411 3.64093 0
1.62582 6.06204 0
-6.06979 7.98023 0
-4.89306 3.64742 0
-12.1407 4.4564 0
-1.75373 5.0453 0
-10.0703 0.853858 0
-4.4556 5.91489 0
2.66341 3.80162 0
-0.190381 4.78453 0
-9.52256 7.07773 0
2.84295 6.85496 0
-14.415 5.9937 0
-5.04309 5.17658 0
-15.9868 3.98837 0
-9.80524 4.76914 0
0.630342 6.80983 0
-3.39108 5.6633 0
-12.7477 6.5715 0
-10.2534 5.59111 0
-10.5402 5.76775 0
-5.36492 4.53304 0
-17.5163 5.8087 0
-7.80198 7.44855 0
-7.95575 4.16633 0
-1.66399 5.79724 0
-10.4566 4.76393 0
-10.5358 6.19357 0
-4.89457 6.47241 0
-13.1245 3.85175 0
2.29231 3.39739 0
-12.206 6.44496 0
-11.0971 5.12725 0
-11.567 3.83664 0
-5.81483 7.23337 0
-7.82187 6.48502 0
-1.64335 4.60102 0
-2.27265 3.93307 0
-2.54037 1.56932 0
-11.3193 5.42816 0
-5.75133 5.69414 0
-9.20053 8.04975 0
-1.92484 7.07377 0
-8.71445 3.50039 0
-7.79375 6.15693 0
0.262921 4.97897 0
-3.35985 4.57086 0
-6.78549 5.33625 0
-14.6988 5.26796 0
-7.46911 5.40958 0
-5.68126 5.02228 0
-6.41954 2.7443 0
-4.89389 5.05932 0
-1.15991 4.92108 0
-12.8503 6.69332 0
0.789964 4.24798 0
-7.72932 5.3046 0
-1.3895 8.03345 0
-7.3324 6.43619 0
-9.28286 7.18635 0
-5.78956 4.78049 0
-13.0562 2.49214 0
-2.61763 2.88768 0
-6.37968 4.62768 0
-13.2991 6.30538 0
-6.62391 4.46627 0
-4.19815 3.81962 0
-3.83437 5.26674 0
-0.94396 6.53465 0
-3.0307 6.6249 0
-6.68289 7.2166 0
-7.24736 7.26296 0
-6.33079 3.53343 0
-6.51228 5.42547 0
-0.802468 5.3805 0
-3.90913 1.46007 0
-2.09899 6.53588 0
-7.20364 2.3733 0
-12.1707 5.54545 0
-2.94446 4.39021 0
-8.42926 4.24196 0
-8.26963 4.79171 0
7.37193 6.13869 0
-8.84936 2.43493 0
-6.79368 3.32906 0
-6.49429 7.92319 0
1.22443 5.82669 0
-4.26595 2.37996 0
-9.81567 4.65465 0
-6.29804 4.04938 0
-5.35177 4.45693 0
-4.29715 6.69919 0
-2.38597 4.36702 0
-6.32977 5.77998 0
-4.81908 8.35332 0
-4.41465 4.87359 0
-6.09259 5.06695 0
-1.58299 3.82349 0
-6.7235 6.4414 0
-10.1157 4.57097 0
-5.73283 6.01889 0
-5.67407 7.42875 0
-5.15002 4.16875 0
-4.02668 2.14553 0
-8.0274 4.31279 0
-3.89662 5.02974 0
-5.58114 0.48836 0
-6.8256 4.37836 0
-8.96393 5.99472 0
-3.3135 3.20723 0
-14.6015 4.62217 0
-10.1946 5.08566 0
-1.14127 3.02555 0
-3.44289 5.20005 0
-8.02238 5.81824 0
-3.752 5.55383 0
2.56261 4.60582 0
-2.91307 6.05684 0
-2.63446 8.70543 0
-11.8762 3.58008 0
-10.3634 4.64546 0
-11.038 3.2012 0
-0.516077 4.53185 0
-5.08718 4.99143 0
-9.32518 2.36511 0
-4.65642 4.85195 0
-1.37878 4.75193 0
-6.94862 5.23921 0
-13.5335 4.37573 0
-2.19044 3.48879 0
-5.28232 7.31544 0
-0.769078 7.99002 0
-2.96518 5.20797 0
-9.29856 2.28537 0
0.252613 3.63546 0
-2.10226 2.05609 0
-8.62874 7.00416 0
-4.40327 4.95596 0
-4.19073 5.05279 0
-2.27673 8.61361 0
-4.53949 1.92072 0
-9.89293 5.94929 0
-5.927 3.09355 0
-10.322 8.71188 0
-0.173326 5.48953 0
-7.80785 5.17346 0
-2.06976 5.18949 0
-8.44423 5.04706 0
-11.6447 5.041 0
-11.7099 4.31511 0
-2.06686 4.32988 0
-1.64531 3.05474 0
-12.7358 6.32531 0
-11.1385 6.3823 0
-5.39172 5.67622 0
-9.4461 6.06968 0
-5.47244 7.29397 0
-0.693951 7.4093 0
-6.62505 8.08464 0
-12.4429 2.59889 0
-12.7062 5.00203 0
-5.21752 5.78035 0
1.85318 5.29602 0
-6.94263 5.53951 0
-4.59884 3.96573 0
-13.6241 3.473 0
-11.0125 5.24883 0
-0.296542 4.141 0
-4.60265 4.44826 0
-4.75527 2.89575 0
-3.71389 2.83468 0
-9.29533 5.71053 0
-0.510319 6.3812 0
-1.36278 5.47548 0
0.28037 5.28332 0
-3.5671 3.73081 0
0.303962 4.0431 0
-15.7038 5.84187 0
-6.39278 5.84392 0
-8.95991 3.02616 0
-6.28901 7.17221 0
-3.49648 5.46452 0
14.5628 -6.92004 1
10.4589 -6.08706 1
9.62598 -5.09478 1
8.09194 -9.08881 1
11.1667 -9.24778 1
6.58057 -9.46265 1
4.70821 -7.73909 1
13.0669 -6.55491 1
8.20726 -5.89577 1
6.5705 -7.02659 1
10.8208 -5.4309 1
9.82999 -6.65859 1
11.1617 -9.24423 1
10.327 -7.58567 1
8.48972 -3.69305 1
8.91824 -8.02032 1
7.07329 -7.51199 1
7.00134 -9.99365 1
6.30169 -7.89381 1
8.76108 -9.41305 1
11.7438 -9.87827 1
15.5323 -5.49382 1
13.661 -5.51986 1
11.4974 -3.4171 1
9.61724 -10.7546 1
4.64541 -6.93449 1
7.60718 -9.74203 1
9.77193 -4.51069 1
11.5294 -9.93215 1
10.807 -9.62607 1
7.31852 -9.26753 1
5.87092 -8.90204 1
9.12978 -8.14408 1
10.5614 -9.40868 1
9.09455 -6.3884 1
12.1589 -9.14357 1
8.26541 -7.17058 1
13.4022 -7.90122 1
11.5377 -5.16849 1
13.8027 -10.2921 1
12.2604 -4.57642 1
10.0452 -10.2897 1
14.6068 -4.99287 1
9.40207 -6.97029 1
8.83114 -5.85773 1
5.84333 -7.97658 1
10.7719 -5.02522 1
13.1268 -9.03492 1
8.00489 -6.66996 1
9.49936 -7.46763 1
11.0746 -7.0621 1
9.24705 -9.73176 1
0.130438 -8.98981 1
7.2613 -7.44289 1
14.0254 -6.54769 1
6.39042 -7.42187 1
4.98881 -5.68034 1
10.6266 -5.91057 1
14.9322 -7.02152 1
1.76478 -5.0482 1
9.86128 -9.651 1
9.84318 -5.11446 1
8.67004 -4.9016 1
3.5808 -4.79217 1
7.40895 -4.36051 1
11.1793 -9.56215 1
7.76694 -8.20119 1
9.85088 -8.8188 1
8.35543 -5.8851 1
13.3868 -6.28277 1
8.50534 -10.0492 1
7.18518 -11.0898 1
7.13893 -8.79657 1
10.1934 -9.52906 1
14.9161 -5.61464 1
10.9395 -8.43435 1
11.2531 -5.12234 1
8.78391 -8.51388 1
6.49064 -9.20276 1
8.92319 -8.06585 1
9.29277 -6.26053 1
9.81276 -8.85991 1
11.9136 -4.64901 1
8.01677 -7.78238 1
11.0689 -5.52251 1
13.1752 -7.87932 1
9.19376 -9.05254 1
8.83229 -10.9682 1
10.6981 -4.50285 1
7.09189 -8.25763 1
6.33605 -9.80012 1
11.8873 -8.16264 1
9.19161 -6.60314 1
7.38737 -7.31844 1
6.86497 -11.7658 1
7.61394 -5.98598 1
4.88466 -6.80702 1
13.5778 -9.06395 1
11.7365 -8.75893 1
6.7197 -10.4732 1
10.9777 -6.40188 1
7.65728 -5.60454 1
11.6159 -7.20654 1
8.549 -10.4944 1
6.25905 -9.63009 1
8.3451 -4.20422 1
11.0353 -6.50016 1
7.71143 -7.25667 1
7.98301 -6.44759 1
10.5702 -7.11565 1
10.0189 -3.38553 1
6.52829 -6.89324 1
8.36893 -8.18631 1
5.49369 -6.84286 1
9.28538 -6.54979 1
10.0026 -6.35854 1
9.22101 -7.39737 1
10.9733 -9.23442 1
13.4435 -3.84423 1
6.30229 -8.56971 1
10.883 -5.61697 1
14.2247 -9.71126 1
10.9373 -5.79954 1
13.9103 -8.29544 1
16.8667 -8.06505 1
11.0382 -6.69355 1
9.25036 -7.34189 1
6.81429 -6.91993 1
6.31486 -7.62488 1
7.49301 -7.85974 1
9.66482 -6.39221 1
14.3278 -5.52916 1
10.273 -11.8244 1
8.86168 -9.64422 1
14.1139 -6.57928 1
10.0671 -7.86217 1
7.33911 -8.01524 1
8.14636 -4.96525 1
9.88335 -8.26067 1
8.51123 -7.01484 1
7.85434 -6.62888 1
3.93535 -9.16147 1
1.60847 -9.06555 1
8.11607 -12.4981 1
12.4776 -8.27877 1
10.7017 -8.03638 1
10.852 -3.01719 1
6.66425 -6.36179 1
11.6236 -9.05346 1
5.60823 -9.35832 1
9.24571 -5.44198 1
12.8297 -6.02661 1
9.38161 -10.4264 1
7.54142 -5.66319 1
10.8204 -8.40758 1
9.49027 -6.93663 1
9.54952 -9.74427 1
12.7428 -3.79641 1
14.9136 -11.352 1
12.9675 -5.71592 1
14.8943 -5.20904 1
6.79567 -10.5917 1
5.55372 -8.69803 1
5.51681 -6.49214 1
9.90021 -8.02334 1
9.05747 -8.9253 1
9.18092 -5.23518 1
10.4742 -5.71145 1
9.45498 -7.64155 1
9.10816 -10.0658 1
11.381 -7.00614 1
8.60427 -6.17141 1
8.9029 -6.74848 1
6.72083 -6.51709 1
9.02471 -6.93983 1
8.72571 -5.63384 1
10.8396 -8.42693 1
11.0957 -5.37126 1
8.8324 -9.75368 1
7.5013 -5.82663 1
8.21887 -7.86559 1
4.6337 -4.59996 1
14.3458 -5.17488 1
10.022 -6.45837 1
10.8362 -8.33585 1
12.9149 -5.34106 1
10.6734 -8.08041 1
7.64444 -11.0234 1
7.52048 -6.75922 1
11.0467 -7.47034 1
7.32726 -9.48318 1
10.0927 -4.96742 1
12.2516 -4.44374 1
12.7882 -6.3361 1
10.6991 -7.89771 1
8.57014 -8.95587 1
8.5601 -8.41383 1
7.32041 -7.49672 1
5.03952 -6.091 1
12.3076 -8.97949 1
9.60088 -6.93976 1
7.26198 -9.09625 1
17.8577 -12.0331 1
8.54404 -6.97585 1
10.4047 -10.8173 1
11.1663 -9.17553 1
8.57335 -10.0724 1
5.34201 -4.96801 1
7.65925 -7.63923 1
4.68986 -7.47559 1
17.0069 -8.55175 1
13.3983 -7.68973 1
8.63839 -6.19047 1
8.39528 -8.74323 1
14.0817 -6.29281 1
11.3964 -6.57737 1
9.61272 -7.03998 1
10.066 -8.26012 1
9.63862 -3.81133 1
6.61388 -4.94166 1
10.2304 -8.10386 1
7.78869 -5.60006 1
9.08446 -7.69928 1
12.3364 -7.77986 1
8.79825 -9.65315 1
9.39961 -9.32215 1
9.17832 -8.44226 1
6.20492 -5.31987 1
12.2886 -7.57607 1
8.98935 -5.51965 1
12.0271 -3.42903 1
12.0633 -4.63063 1
8.91981 -5.55731 1
10.4969 -9.63347 1
8.36647 -5.29839 1
7.06509 -5.70256 1
11.6023 -3.96923 1
2.29384 -6.9343 1
12.4369 -6.35561 1
10.0861 -9.42039 1
11.3682 -4.88597 1
7.39219 -9.09207 1
6.07834 -9.52046 1
7.79335 -3.62085 1
10.8583 -6.4704 1
10.8829 -5.05105 1
11.933 -10.8281 1
10.0915 -8.44195 1
3.77813 -4.8526 1
6.05799 -5.29537 1
13.2207 -9.08668 1
12.2942 -10.0998 1
10.6021 -8.29977 1
4.49411 -3.25402 1
12.5894 -8.36958 1
12.0433 -7.92503 1
10.0958 -8.61268 1
11.1089 -7.67522 1
14.8011 -5.87709 1
11.8774 -7.5465 1
12.2302 -9.16505 1
12.8611 -5.25713 1
6.77921 -7.8165 1
10.7072 -2.83288 1
7.06758 -6.37601 1
8.35077 -10.0696 1
10.6863 -8.24188 1
3.13362 -7.69197 1
11.1684 -8.10265 1
9.73929 -7.20317 1
9.97352 -8.40499 1
6.70726 -2.95174 1
5.2024 -8.58994 1
12.2026 -3.44672 1
12.1961 -5.79922 1
8.23084 -5.93256 1
12.8981 -7.95347 1
12.8684 -8.53511 1
9.48997 -8.76349 1
13.613 -8.8231 1
6.55818 -8.84382 1
14.7242 -9.88294 1
12.1953 -5.76059 1
6.67688 -5.54756 1
10.7867 -6.65478 1
10.4892 -5.33979 1
7.01216 -5.30309 1
12.3891 -8.9262 1
8.16909 -7.26093 1
8.92529 -6.14444 1
8.88072 -5.45895 1
9.63267 -9.36608 1
4.77692 -8.00974 1
11.377 -9.34553 1
4.51197 -7.83426 1
6.53754 -10.5254 1
12.2659 -2.9867 1
8.98023 -5.04782 1
11.1909 -11.8356 1
8.5554 -7.79552 1
13.0245 -6.75396 1
10.7961 -11.7709 1
11.3301 -9.66478 1
7.48567 -8.72161 1
7.27157 -12.6101 1
11.5808 -7.66386 1
10.4963 -4.12176 1
10.1507 -7.50461 1
8.33579 -8.95138 1
8.31911 -9.27793 1
8.71038 -9.52082 1
7.74965 -8.88428 1
9.35808 -9.09724 1
13.0598 -9.49685 1
7.6549 -8.02736 1
14.4337 -4.08259 1
6.87089 -7.50973 1
6.13515 -7.71024 1
10.473 -7.16578 1
10.109 -8.08505 1
7.0362 -3.27879 1
8.82729 -11.3076 1
8.73176 -7.33688 1
10.5953 -9.24348 1
6.32416 -5.87725 1
12.9079 -6.50416 1
11.1739 -10.1688 1
6.70267 -9.84856 1
8.80092 -4.74609 1
8.23178 -6.13876 1
9.20905 -6.19123 1
11.4694 -8.38966 1
9.26085 -8.4316 1
7.87813 -6.27391 1
11.3894 -7.55607 1
6.95653 -8.1944 1
12.462 -9.90011 1
2.79697 -5.7926 1
8.95583 -7.41292 1
9.16269 -7.79362 1
9.6911 -6.88935 1
13.9122 -8.7398 1
8.28684 -3.57503 1
8.41655 -6.64782 1
11.4549 -7.10439 1
8.91957 -6.13997 1
10.9043 -8.98844 1
5.95129 -10.249 1
14.4582 -10.1643 1
6.90216 -7.36308 1
10.296 -7.73859 1
12.8546 -9.36653 1
13.6315 -8.89477 1
9.8015 -7.81953 1
8.59661 -7.31781 1
9.40383 -7.76055 1
10.3179 -5.97062 1
9.32383 -9.33046 1
7.22944 -11.248 1
10.6667 -2.25641 1
7.39086 -6.70256 1
7.93498 -11.5519 1
11.7911 -5.21222 1
7.17496 -8.15777 1
7.39992 -7.13615 1
10.7544 -6.4802 1
9.06656 -7.77504 1
9.48792 -7.87908 1
7.34675 -9.2323 1
16.4154 -4.78127 1
10.0317 -8.54165 1
9.37939 -6.16242 1
14.4267 -7.72403 1
7.53512 -9.59549 1
9.43166 -9.773 1
9.24591 -7.73425 1
6.43216 -6.11915 1
11.8216 -5.87492 1
8.31859 -5.70566 1
7.1927 -3.93804 1
11.1157 -5.08557 1
8.58661 -7.65742 1
6.72338 -8.06365 1
9.62964 -13.8472 1
16.4776 -10.6273 1
11.1821 -6.79616 1
9.13209 -10.0108 1
10.4546 -4.81873 1
8.0868 -6.27962 1
12.3772 -9.65893 1
11.59 -7.19571 1
6.32031 -6.44625 1
11.5243 -9.17537 1
8.46043 -2.00969 1
5.919 -5.33055 1
9.37246 -11.4498 1
8.34556 -6.71002 1
9.18757 -13.3139 1
14.3285 -9.53512 1
4.25649 -8.36904 1
10.5193 -6.56719 1
8.19339 -10.8443 1
5.38834 -5.2676 1
8.85033 -8.13757 1
7.93189 -6.27842 1
11.1075 -8.33173 1
7.60573 -7.93001 1
10.624 -9.07658 1
7.63018 -8.82037 1
2.4745 -9.44999 1
4.07063 -9.48577 1
8.41036 -6.44075 1
10.9387 -7.84822 1
9.39187 -8.41399 1
11.1442 -9.48768 1
6.2157 -10.3358 1
7.76834 -7.94565 1
8.23976 -9.45353 1
8.43048 -6.09028 1
11.1315 -9.59199 1
11.6438 -8.11211 1
10.7364 -5.3209 1
4.96639 -7.62688 1
10.2222 -7.22176 1
13.1905 -3.27204 1
10.8382 -5.16807 1
10.9464 -10.2089 1
9.54845 -8.48594 1
8.03902 -8.43908 1
11.0568 -9.36316 1
7.43769 -6.72008 1
6.69978 -9.64559 1
11.8982 -3.43914 1
10.9627 -10.2077 1
9.69245 -7.19542 1
11.7858 -12.4683 1
9.13121 -5.66259 1
7.61174 -7.65917 1
7.59929 -4.79115 1
10.8717 -5.92005 1
10.9188 -10.8226 1
9.53281 -5.10304 1
12.1902 -6.92767 1
10.5721 -8.50844 1
9.56372 -8.27902 1
10.458 -7.43517 1
5.54176 -8.05108 1
6.61769 -9.01279 1
9.5135 -7.54151 1
9.14671 -6.38518 1
10.6432 -6.79808 1
11.7051 -8.05594 1
6.25575 -11.055 1
11.0339 -6.99237 1
7.89249 -7.71238 1
7.98686 -7.93967 1
10.2019 -8.03629 1
11.8832 -9.17791 1
7.96364 -6.9645 1
11.5105 -5.34297 1
10.599 -9.30666 1
10.1625 -6.54451 1
12.6502 -9.40814 1
12.1347 -8.33838 1
12.1518 -8.02894 1
7.12449 -6.79833 1
12.7188 -8.82947 1
7.59272 -10.259 1
10.2679 -3.07502 1
10.2126 -6.91337 1
10.015 -7.60881 1
8.30884 -5.3127 1
8.20076 -6.55462 1
7.90203 -11.6885 1
12.3972 -8.38657 1
7.17172 -6.3182 1
3.7034 -8.73225 1
7.0723 -6.93851 1
8.00889 -4.90602 1
6.76715 -9.82252 1
6.20281 -8.39277 1
5.34477 -4.68402 1
7.98966 -3.82909 1
6.90538 -5.46419 1
11.5806 -4.89566 1
8.31425 -7.64479 1
10.6373 -5.50618 1
14.3609 -7.6206 1
7.09681 -11.8009 1
10.6443 -8.98186 1
8.84327 -6.29908 1
6.03719 -9.28539 1
10.9276 -9.18686 1
9.61455 -3.76725 1
9.9051 -10.3776 1
12.106 -6.9998 1
8.47457 -6.6471 1
10.3182 -6.54635 1
7.71878 -6.16997 1
9.45171 -5.90957 1
9.80643 -9.68106 1
6.60226 -5.96683 1
4.86814 -6.44632 1
6.8831 -6.76892 1
10.8492 -10.4893 1
11.6202 -7.0929 1
8.89415 -6.02911 1
11.9663 -6.05353 1
11.2963 -7.58841 1
8.27415 -7.20768 1
9.33729 -5.06849 1
9.73526 -7.56616 1
7.73948 -7.1795 1
9.25884 -7.03412 1
9.78925 -7.48843 1
9.80571 -9.156 1
9.27198 -6.94526 1
14.6312 -7.86566 1
9.43735 -5.60516 1
15.22 -4.89412 1
12.3509 -6.46865 1
9.96018 -6.88118 1
10.6944 -5.53749 1
9.81966 -5.52105 1
9.14996 -9.80175 1
7.06852 -10.8863 1
7.34594 -8.78118 1
8.95991 -10.8177 1
14.8462 -7.03754 1
12.7384 -7.50979 1
10.6246 -7.23935 1
9.94862 -8.63213 1
3.12181 -7.71082 1
13.0013 -7.01834 1
6.13672 -10.191 1
10.6916 -5.4095 1
8.30387 -8.18266 1
9.52264 -8.43155 1
11.0521 -0.454064 2
6.69775 -0.463273 2
10.2201 0.418459 2
8.9486 -0.882566 2
8.09675 -0.999449 2
9.1514 -0.563951 2
6.16363 0.472121 2
7.04072 0.142676 2
8.34545 0.057578 2
6.96853 1.09608 2
7.25439 0.239516 2
9.86392 0.0337814 2
8.08241 0.594608 2
9.1147 0.402909 2
6.539 -0.615019 2
5.46474 0.968458 2
8.09556 -1.52589 2
9.61175 -0.152309 2
8.1417 0.26429 2
6.91669 0.420377 2
7.80204 -1.2932 2
10.3964 -0.625515 2
6.97282 0.38983 2
3.88524 1.19428 2
9.02974 -0.206911 2
11.0492 -0.129215 2
7.59677 -0.551627 2
7.40604 -1.12376 2
9.48664 -0.599335 2
7.30094 0.51679 2
6.26959 1.52497 2
9.83644 -0.87673 2
2.84011 1.14799 2
6.61316 -0.105675 2
9.38676 0.18389 2
6.16112 0.561811 2
8.83844 -1.67725 2
6.28644 -0.371263 2
7.8338 0.0837427 2
10.8008 -0.610103 2
7.09778 0.0988564 2
8.88753 -0.00990726 2
6.62828 0.666171 2
6.49072 0.156651 2
9.24865 -1.11626 2
8.34722 -0.424233 2
6.74099 0.715582 2
6.72082 0.179148 2
5.89592 -0.332918 2
9.69346 0.29587 2
8.04931 0.900028 2
8.61787 -0.0391463 2
6.0277 -0.356683 2
6.58008 0.48993 2
7.60871 -0.277798 2
8.46788 -0.96338 2
4.3432 -0.185892 2
7.63765 0.648848 2
5.81279 0.964305 2
5.85783 0.889136 2
6.92733 -0.0193769 2
8.54297 0.256067 2
6.59921 -0.76737 2
7.91696 -0.182554 2
10.0946 -0.54941 2
4.52532 -0.172936 2
6.78817 0.58549 2
8.26301 -0.162292 2
10.6437 0.233713 2
8.28257 1.94265 2
7.88212 -0.913313 2
6.09514 -0.129015 2
8.23451 0.137152 2
7.56619 0.394515 2
8.22962 -0.551678 2
6.87577 0.61562 2
6.65225 1.01513 2
7.86877 -0.332046 2
6.95813 0.351529 2
7.45424 -1.45355 2
7.53149 0.093166 2
10.2111 0.137859 2
8.03395 -0.557191 2
8.54436 -0.369491 2
7.55699 -0.192492 2
8.54262 -0.246541 2
5.1477 -1.36533 2
4.89324 -0.960335 2
8.28544 -0.30372 2
9.76374 1.07745 2
7.41429 0.164537 2
8.1611 0.458141 2
9.90882 0.00169807 2
6.43425 -0.429933 2
5.56897 -0.583852 2
5.65157 0.70157 2
6.73641 -0.66397 2
9.0172 -1.47537 2
4.42964 -0.182198 2
8.77882 -0.437171 2
7.13399 -1.51273 2
7.15994 -0.468756 2
6.35938 0.337602 2
8.82194 -0.401333 2
9.87474 0.103125 2
10.278 -1.28484 2
7.57806 -0.313828 2
6.77977 1.15909 2
7.82123 0.633954 2
9.9099 0.00543808 2
10.5026 -0.852816 2
8.69076 -2.08316 2
7.36616 0.76651 2
8.2333 -0.11347 2
6.53206 -1.02681 2
7.99948 0.26804 2
6.09207 -1.21142 2
8.21827 -1.00392 2
9.50333 -2.03016 2
4.50762 1.43755 2
8.39635 0.568051 2
9.63811 -0.576047 2
8.18117 -0.286028 2
11.9242 -1.54675 2
7.78403 -0.442559 2
7.2886 -0.635162 2
10.4938 -1.56205 2
6.70217 -0.392296 2
9.11934 -1.49996 2
6.57462 0.0316927 2
9.30164 0.110327 2
6.44129 0.193891 2
11.5627 -0.484831 2
8.1286 0.0453929 2
9.03092 -0.142085 2
5.71224 -0.460237 2
8.27737 -0.273456 2
6.67763 -0.209543 2
8.90619 -2.17875 2
7.73468 -0.906204 2
10.5021 -0.180593 2
9.31072 -0.43388 2
6.62866 0.571242 2
3.58702 -0.457477 2
8.53491 -0.631565 2
8.94122 -0.475953 2
10.2306 -0.763747 2
7.68795 -1.55593 2
8.60932 -0.181709 2
9.00321 -1.26534 2
8.11857 -0.503842 2
7.7361 0.260586 2
6.24176 0.301289 2
6.91218 1.24035 2
5.24006 0.245033 2
8.56446 -1.43179 2
8.00976 -0.740027 2
4.97691 0.0802622 2
7.03462 -0.805647 2
11.3149 -0.947137 2
4.70413 0.0998941 2
10.2436 0.0727948 2
4.53016 0.110075 2
6.51466 -0.117471 2
5.68926 0.768539 2
9.29416 -2.06299 2
9.95557 -0.417509 2
7.34212 0.580047 2
8.46351 -0.0561163 2
7.61009 -0.324326 2
9.0486 0.476174 2
9.87795 0.316187 2
5.66098 0.0657609 2
8.40807 -0.993337 2
5.39354 0.653572 2
8.49818 1.95482 2
7.77139 -0.98157 2
7.84419 1.2431 2
6.1807 0.373184 2
8.62647 0.000622813 2
8.05478 -0.168133 2
7.67856 0.695716 2
5.36418 -0.53283 2
11.05 -0.416093 2
9.54642 -1.34409 2
5.00315 0.409589 2
10.6181 -0.923237 2
7.84669 -0.474808 2
5.7862 -1.53742 2
2.15967 -0.821896 2
7.22261 -0.184318 2
9.31502 0.0376052 2
8.21359 -0.940611 2
4.77508 0.542183 2
6.68811 0.750706 2
6.93181 -1.52203 2
6.72569 0.978717 2
7.91021 -0.563667 2
7.0788 0.664456 2
7.48799 -0.753029 2
8.45542 -1.05503 2
6.88774 -1.13034 2
7.21727 -0.968875 2
9.21364 -0.447806 2
8.92268 -1.11222 2
9.9271 -1.00814 2
4.49057 0.935216 2
7.72736 0.176241 2
8.05803 -0.953925 2
10.9196 -1.49505 2
9.44066 -1.08573 2
6.29772 -0.546481 2
8.08929 -0.253025 2
7.69834 -0.370151 2
7.00858 -0.666229 2
7.24948 0.553398 2
8.19349 0.375363 2
10.2018 -0.226837 2
7.37455 -0.944 2
7.57661 0.854917 2
11.5773 -0.30778 2
8.42305 -0.391597 2
5.93783 -0.337072 2
6.17728 -0.740802 2
8.75136 -0.628026 2
8.38185 -0.657263 2
9.26615 -1.27313 2
8.64677 -1.05458 2
5.6804 0.281569 2
5.63694 -0.492894 2
10.9704 0.25746 2
6.33955 0.719085 2
8.73376 0.152206 2
10.3853 -0.709062 2
11.6487 1.23981 2
8.37882 -0.0150165 2
8.93855 0.0431942 2
7.60666 0.768344 2
7.82905 -0.912688 2
5.16868 0.116524 2
10.0561 -0.0160361 2
4.6788 -0.125399 2
7.20168 0.63835 2
10.2017 -0.736051 2
7.42146 -0.588599 2
5.82706 -0.707388 2
11.05 0.171515 2
7.12109 -1.46912 2
4.77444 0.807413 2
8.73187 -0.328768 2
7.17994 -0.248957 2
8.84219 0.595991 2
4.66069 0.00479068 2
9.75951 -0.532104 2
6.37524 0.331149 2
8.63335 -0.120673 2
10.1504 -0.584443 2
9.44279 -0.360278 2
8.59857 -1.00653 2
8.16461 -1.62561 2
6.73346 1.04661 2
7.72315 -2.13622 2
7.75868 0.233806 2
4.72435 0.541717 2
8.10346 -0.42727 2
9.55645 -1.16247 2
7.90302 -1.15614 2
7.53223 0.351296 2
7.56892 -1.48235 2
7.69398 -1.05292 2
8.86055 -0.9521 2
8.21726 -1.11699 2
8.08398 -0.300866 2
6.54248 -1.12859 2
8.13266 0.200503 2
6.46138 -0.47285 2
7.444 -0.1212 2
9.02262 -0.61801 2
10.6109 -1.53556 2
9.60044 -0.0499306 2
8.05251 -0.321479 2
9.17849 0.0451461 2
10.6929 -1.94322 2
7.84862 -1.127 2
5.28597 1.20265 2
8.78732 -0.405076 2
7.7659 -0.0939311 2
7.83231 -1.60208 2
8.69306 -0.623933 2
7.39895 -0.468273 2
8.48456 -1.11608 2
6.83167 -0.886166 2
7.02711 0.314452 2
7.06015 -0.600997 2
9.37602 1.21593 2
6.69116 -0.38356 2
5.25283 0.88748 2
8.0497 0.568912 2
9.11296 0.252918 2
6.23438 -1.71943 2
9.39398 0.157138 2
6.51047 0.29883 2
8.57477 0.469343 2
7.93753 1.63795 2
8.92528 0.0955662 2
7.20511 -0.234621 2
10.5316 -1.87931 2
5.47623 0.62121 2
7.87182 -0.70891 2
6.04769 0.292456 2
10.8342 -0.648625 2
6.72452 -0.527802 2
8.01914 0.284315 2
10.264 -0.12271 2
6.97233 -0.496288 2
6.85309 0.378922 2
4.31166 0.75054 2
7.20138 0.468429 2
8.65986 0.664192 2
7.06114 1.64767 2
8.03017 -0.460123 2
6.67022 -1.14064 2
8.21055 -0.919306 2
7.65564 0.223 2
7.4402 -1.47752 2
9.25732 -1.45852 2
7.21131 0.361705 2
10.1403 -0.90515 2
5.83507 0.225923 2
5.90416 -0.617722 2
8.82881 -1.48814 2
8.21202 0.404948 2
8.81293 -0.210765 2
6.13991 1.30331 2
8.86917 -0.919723 2
6.85045 0.0806994 2
6.52223 0.242951 2
7.98189 -1.09269 2
5.63918 -0.0247571 2
7.69387 0.20045 2
8.07115 0.550879 2
6.28227 -0.209801 2
8.63825 -0.680749 2
8.68493 -0.782485 2
7.92288 -0.918969 2
7.3192 -0.643529 2
9.33112 0.111118 2
7.0068 -0.0755363 2
9.7491 -1.50013 2
6.28881 -0.184231 2
9.70444 -1.55434 2
7.71632 -0.0123685 2
7.75855 0.325134 2
11.3597 -0.559373 2
6.34673 -1.47094 2
7.04349 -1.35259 2
8.30217 -1.128 2
7.49836 -0.308573 2
11.5754 -1.03652 2
6.05213 0.709081 2
6.5105 0.838979 2
8.6163 -1.10469 2
7.9317 -2.06009 2
7.8397 -0.0494857 2
9.91551 -0.906762 2
6.64465 -0.0215607 2
8.82537 0.0909362 2
7.13884 -0.643795 2
6.34919 -1.27823 2
8.61483 -1.08639 2
9.6802 -1.13955 2
5.4232 -0.283661 2
11.2495 -0.559003 2
7.59096 0.624047 2
8.39875 -0.915933 2
6.75192 -1.01762 2
10.3176 0.572402 2
6.60169 0.0229607 2
8.42336 0.324047 2
8.72328 0.6919 2
11.3034 -0.232249 2
7.7574 0.0509611 2
5.89379 -0.238374 2
10.2967 0.818093 2
6.54857 -0.640268 2
8.11339 1.0834 2
4.91782 0.557733 2
7.74646 -0.899438 2
8.90589 0.925449 2
4.32764 -1.671 2
6.95846 -0.402765 2
6.54119 1.3837 2
3.67183 1.5305 2
7.70586 0.552627 2
6.50639 0.659423 2
8.62965 0.318743 2
7.76166 0.165079 2
7.9726 -0.637471 2
4.68062 0.318155 2
6.81351 -0.66714 2
8.86157 -0.753133 2
6.9516 1.75653 2
10.7489 -0.789318 2
6.51491 0.80602 2
8.38087 -0.607047 2
8.94962 0.0249727 2
8.90218 0.0818073 2
7.42152 -0.351 2
8.58469 -1.65675 2
7.72935 0.511112 2
9.74963 0.433134 2
4.57074 1.03506 2
9.84576 -0.889684 2
6.12624 -0.542696 2
7.24793 0.465676 2
10.1679 -1.14431 2
6.14496 -0.34826 2
5.43873 -0.273952 2
9.51201 -1.90737 2
9.17354 -0.613329 2
5.90206 1.25485 2
7.08626 0.898601 2
6.57634 -0.582596 2
7.04289 0.143319 2
10.5431 -0.394871 2
5.13908 0.34563 2
7.64807 -1.08322 2
8.43759 -0.580867 2
8.8504 -1.49625 2
7.05739 -0.754124 2
5.34826 0.203901 2
7.27488 -0.634618 2
8.26825 1.85934 2
10.8182 0.810994 2
7.6367 0.479043 2
7.68548 -0.448525 2
7.99757 -0.678297 2
7.95664 0.635615 2
6.61937 1.20282 2
7.52172 1.00412 2
9.54942 -1.0454 2
7.85034 0.748265 2
9.19404 -1.17994 2
5.77835 0.429682 2
7.8301 -1.13259 2
8.83525 0.0765402 2
9.92745 -0.293644 2
6.91576 0.746411 2
5.5328 0.527751 2
7.89185 -0.0459538 2
5.55787 1.00728 2
8.27627 1.00498 2
5.81581 0.240132 2
4.13467 0.350133 2
8.1218 -0.0725744 2
8.3621 0.323166 2
6.15958 0.519304 2
3.25871 0.889194 2
5.93373 -0.00451005 2
8.29096 -0.768354 2
6.65141 -0.0256495 2
9.09289 -0.639897 2
9.51216 -1.2841 2
6.62446 -0.683609 2
7.3537 -0.307721 2
7.23897 -1.65334 2
6.42301 -0.0774563 2
6.72288 -0.548351 2
7.72318 0.072764 2
9.90258 -1.0073 2
-1.43456 -3.09349 3
-4.76888 -5.08335 3
-5.31962 -3.29315 3
-5.27435 -3.06484 3
-1.69511 -3.9123 3
-3.75473 -4.82865 3
-3.92782 -5.16031 3
-2.41165 -2.82831 3
-5.82477 -4.3098 3
-4.76852 -3.10076 3
-4.34532 -3.33748 3
-3.43006 -4.74767 3
-6.03755 -3.0183 3
-5.39276 -3.51227 3
-2.39917 -1.95795 3
-4.76544 -2.75154 3
0.818218 -2.3606 3
-2.73138 -3.43666 3
-1.23128 -2.47191 3
0.471139 -3.79215 3
-3.51061 -3.55157 3
-0.793994 -2.21784 3
-0.449175 -4.46857 3
-5.07195 -3.41471 3
-2.55899 -5.84293 3
-0.509613 -4.52988 3
-3.87815 -3.50122 3
-1.78685 -3.87811 3
-0.497767 -3.63236 3
-2.46578 -4.95619 3
-2.44468 -2.18382 3
-3.87247 -2.84839 3
-5.53584 -3.6968 3
-3.45509 -3.82099 3
0.0941403 -4.10341 3
-2.2319 -3.02072 3
-4.46424 -3.96573 3
-1.19978 -2.72875 3
-2.92272 -3.92493 3
-0.216865 -4.29785 3
-1.06585 -3.24838 3
-0.883563 -3.55449 3
-2.81059 -2.04094 3
-5.70387 -2.97454 3
-2.64627 -4.02792 3
-0.684591 -3.95258 3
-2.72627 -3.83051 3
-1.75089 -4.95425 3
-3.34555 -3.95197 3
-2.43126 -2.38262 3
0.679278 -3.60755 3
-1.49889 -3.06235 3
-4.07715 -4.41772 3
-3.6278 -2.6056 3
-3.56739 -4.82949 3
0.573344 -2.83799 3
-1.07613 -2.32161 3
-1.61569 -4.41306 3
-1.40802 -3.77288 3
-0.53524 -3.52955 3
-4.81759 -4.37263 3
-0.649067 -3.45254 3
-0.861838 -3.67705 3
-0.62673 -4.8601 3
-1.41777 -4.40088 3
-4.5108 -2.97154 3
-1.72037 -2.64359 3
-2.75504 -3.0525 3
-1.0794 -4.49405 3
-1.82955 -4.03334 3
-3.66885 -3.63387 3
-1.97273 -4.31588 3
-4.95045 -4.29102 3
-5.90349 -2.61909 3
-0.139576 -5.17694 3
-2.40726 -2.78574 3
-0.528156 -4.14344 3
-3.23687 -4.36633 3
-1.50243 -3.75067 3
-4.86127 -1.29683 3
-7.40676 -3.21368 3
-3.91997 -3.08194 3
-2.52582 -3.07408 3
-2.28598 -4.21233 3
-4.06592 -2.91577 3
-2.59783 -3.79767 3
-0.859692 -4.13516 3
-3.07723 -3.48816 3
-4.78748 -2.36306 3
-4.79381 -4.81032 3
-0.844883 -3.88021 3
-0.520989 -2.58296 3
-2.34061 -2.80937 3
-4.97111 -4.73569 3
-3.67309 -2.53734 3
-0.0684289 -4.56135 3
-1.6917 -3.95721 3
-4.57482 -3.96978 3
-2.87491 -3.89629 3
-4.24589 -3.98021 3
-3.35081 -3.09978 3
-4.23222 -2.53206 3
-0.619796 -3.02847 3
