-2.46822 2.51802 0
-3.79429 1.40659 0
-3.19396 2.19651 0
-3.59013 1.88215 0
-2.86563 1.79822 0
-3.68168 1.59698 0
-4.35962 1.47121 0
-2.63517 2.95831 0
-2.58826 1.85382 0
-3.70831 1.63543 0
-2.67882 2.18363 0
-2.97025 2.23932 0
-3.64423 1.35468 0
-4.36836 0.963361 0
-3.26432 1.43125 0
-5.64785 0.441834 0
-4.24043 1.72857 0
-3.63127 1.88379 0
-2.71706 2.3432 0
-2.32256 2.65125 0
-3.9349 1.33132 0
-3.91689 1.85127 0
-3.52725 2.07399 0
-3.88763 1.72715 0
-2.18605 2.34271 0
-3.77771 1.29624 0
-3.58596 1.69601 0
-4.24533 1.61451 0
-3.15527 2.09993 0
-3.91047 1.9504 0
-3.09929 1.8116 0
-4.01523 1.28212 0
-2.13848 2.37639 0
-3.98281 1.16156 0
-4.12751 1.30833 0
-3.56275 1.88661 0
-3.02748 1.86008 0
-2.89033 1.39589 0
-3.07748 2.36216 0
-3.32331 2.01153 0
-3.75404 2.03454 0
-3.79206 2.09455 0
-3.59258 1.75436 0
-3.63797 1.17266 0
-3.53156 1.47474 0
-3.93894 1.51055 0
-2.90586 1.91598 0
-3.63429 1.676 0
-4.11197 1.10557 0
3.01406 7.65056 1
2.49309 7.60608 1
2.96289 7.70811 1
2.68142 7.82573 1
3.42578 8.76341 1
3.07883 7.54619 1
3.21053 7.92381 1
3.57079 8.68567 1
2.4894 7.09645 1
2.65084 7.27638 1
2.79857 7.6053 1
3.16035 8.04545 1
2.61475 7.39965 1
2.80596 7.91187 1
2.9417 7.60334 1
2.62244 7.38307 1
2.87239 7.99438 1
3.13442 8.37436 1
2.95513 7.45735 1
2.37309 7.97726 1
2.39926 6.97506 1
2.97193 8.21808 1
2.78877 7.75696 1
3.09345 7.7856 1
2.87281 7.95806 1
2.79478 7.58151 1
3.43138 8.47869 1
3.3017 8.26627 1
3.32725 8.25235 1
2.55415 7.52762 1
3.07124 8.09567 1
2.85474 7.47026 1
2.5281 7.35439 1
2.77133 7.89951 1
2.53988 7.59865 1
3.47428 8.09262 1
2.96128 8.05114 1
3.58709 7.93722 1
2.74512 7.37012 1
3.43131 8.46319 1
3.41561 8.88535 1
3.19139 7.96672 1
2.60313 7.77561 1
3.89499 8.79375 1
2.47865 7.82071 1
2.91924 7.9664 1
2.96665 7.86212 1
2.89399 7.63013 1
2.59513 7.75036 1
-0.904926 9.03167 2
-0.672205 9.06271 2
-0.917139 9.25272 2
-1.01306 9.83268 2
-0.723065 8.83656 2
-0.708412 9.26204 2
-0.794034 9.62889 2
-1.09088 8.74343 2
-0.586958 9.14973 2
-0.955428 9.09354 2
-0.892282 8.98127 2
-1.19281 8.94542 2
-0.638461 9.15203 2
-1.39113 9.1575 2
-1.08592 10.0468 2
-0.863833 9.10515 2
-1.0021 9.34556 2
-1.32946 9.22057 2
-0.695908 9.69259 2
-1.15431 9.67942 2
-1.03299 9.12942 2
-0.612755 9.68034 2
-0.562889 -7.85892 3
-1.29999 -6.98648 3
-1.16561 -7.22659 3
-1.49151 -6.99359 3
-1.39883 -7.13301 3
0.0921595 -7.96663 3
-1.30747 -7.13209 3
-1.68656 -6.63816 3
-0.209169 -8.19206 3
-1.19014 -7.45933 3
0.0606595 -7.98907 3
-2.48505 -6.37011 3
-2.01696 -6.60527 3
-0.618422 -7.71047 3
-2.29354 -6.2714 3
-1.24541 -6.97025 3
-2.52262 -6.17262 3
-1.20124 -7.16049 3
-1.06959 -7.45715 3
-0.684269 -7.5552 3
-1.87489 -6.98367 3
-1.3305 -7.24387 3
-1.85898 -6.44984 3
-1.74619 -6.6495 3
-2.20625 -6.15378 3
-1.84718 -6.29543 3
-0.520889 -7.75382 3
-0.925243 -7.64023 3
-1.70392 -6.78846 3
-1.7796 -6.84488 3
-0.91426 -7.37611 3
-1.24237 -7.32803 3
-1.26253 -7.32307 3
-0.281579 -8.16403 3
-1.4328 -7.00376 3
-0.971819 -7.60573 3
-0.434321 -7.78694 3
-1.35852 -7.30566 3
-1.25567 -7.48856 3
-1.88705 -6.96021 3
-0.106748 -7.94418 3
-0.610211 -7.9341 3
-0.906757 -7.48035 3
-0.622479 -7.50154 3
-1.5291 -6.37866 3
-0.96646 -7.66921 3
-1.53014 -7.09951 3
-1.22751 -7.28672 3
-0.527329 -7.95979 3
-2.0115 -6.27545 3
-1.07992 -7.49678 3
-1.38953 -7.06595 3
-0.798347 -7.95673 3
-0.769247 -7.41467 3
-2.56838 -5.56942 3
-2.22079 -6.35779 3
-0.561101 -7.76439 3
-0.482011 -8.13635 3
-0.745373 -7.59934 3
-1.39827 -6.90392 3
-0.401695 -8.07969 3
-0.316393 -8.15733 3
-0.676262 -7.84068 3
-2.49955 -6.16344 3
-0.69574 -7.78049 3
-0.633204 -7.71155 3
-2.15413 -6.3696 3
-1.63461 -6.94494 3
-0.924332 -7.43771 3
-1.97079 -6.61534 3
-0.232873 -7.9895 3
-1.72701 -7.19998 3
-1.75177 -6.63127 3
-1.43962 -6.99434 3
-0.796716 -7.41121 3
-0.970845 -7.58635 3
-1.30574 -7.2549 3
-0.482362 -7.9459 3
-1.82936 -6.64474 3
-2.08943 -6.5171 3
-1.68088 -6.65056 3
-1.21615 -7.31455 3
-1.96371 -6.67066 3
-1.32379 -7.52948 3
-1.42833 -7.02712 3
-0.0565608 -8.56707 3
-1.178 -7.0916 3
-0.474735 -8.25248 3
-0.639193 -7.98591 3
-1.82947 -6.72327 3
-1.68497 -7.19378 3
-0.547448 -7.63934 3
-1.26018 -7.32503 3
-2.7097 -5.54104 3
-1.62876 -6.87209 3
-1.00362 -7.40579 3
0.0935286 -8.35811 3
-1.95405 -6.58127 3
-0.174275 -8.50495 3
-1.33859 -6.99482 3
-1.28959 -7.26868 3
-0.4666 -8.15344 3
-4.24159 0.301674 4
-0.582445 -0.466805 4
-1.2209 -1.41346 4
-0.407101 -0.331341 4
-4.35342 -2.5024 4
-2.58336 -1.23279 4
-2.63387 -1.20388 4
-2.83694 -1.09133 4
-2.84784 -0.749849 4
-1.08914 -1.38028 4
-1.80087 -0.545132 4
-3.0855 -1.38595 4
-0.557188 -0.0931934 4
-1.74901 -0.755296 4
-2.04046 -1.42337 4
-2.35483 -1.09497 4
-0.763863 -0.0435928 4
-1.87205 -0.521594 4
-2.46473 0.32081 4
-3.49294 -1.52672 4
-1.72197 -1.3367 4
-2.01614 -1.54497 4
-2.99134 -1.16534 4
-1.92837 -0.244577 4
-1.40554 -0.260978 4
-2.46073 -1.66201 4
-1.87194 -1.19157 4
-1.66133 -0.539239 4
-2.57905 -1.09447 4
-1.6844 -1.20115 4
-2.59717 -1.01242 4
-0.386663 1.20589 4
-3.61257 -0.552897 4
-3.69507 0.0928837 4
-3.22872 -1.01097 4
-3.53218 -1.97979 4
-3.50537 -0.780097 4
-2.92993 -0.766071 4
-2.42109 -2.60037 4
-4.22762 -1.96435 4
-0.866272 -0.461084 4
-4.27438 -1.43151 4
-1.8311 -0.0727859 4
-2.49713 -1.24258 4
-3.12477 -0.660386 4
-2.70235 -0.380194 4
-4.48206 -1.57175 4
-2.4252 0.735067 4
-2.72303 -1.65653 4
-3.88499 -0.946811 4
-1.70779 -1.29049 4
-1.96738 -1.19178 4
-1.70964 -0.707326 4
-3.14234 -1.85304 4
-2.37241 -1.28927 4
-2.98286 -0.749737 4
-3.30889 -2.46364 4
-3.0577 -2.37886 4
-2.62556 -0.839791 4
-1.68897 -1.38891 4
-3.36244 -0.208021 4
-3.79402 -1.70244 4
-2.1961 -1.1053 4
-2.84017 -0.296935 4
-3.74378 -0.325626 4
-2.38422 -0.469094 4
-3.72529 -0.786992 4
-1.83919 -1.58355 4
-3.09779 -0.0198634 4
-3.07286 -1.16517 4
-3.40909 -1.0386 4
-0.639528 0.226964 4
-4.41299 -1.76278 4
-2.34783 -0.318599 4
-2.51259 -1.6911 4
-3.43068 -1.09863 4
-0.956218 -0.347145 4
-2.30557 -1.08972 4
-2.14716 -0.117974 4
-1.16439 -1.16738 4
-2.73069 -1.64753 4
-2.45808 -1.29479 4
-2.62543 -1.79483 4
-3.21374 -1.41267 4
-2.19967 0.392773 4
-2.85832 -1.45515 4
-2.20586 -0.34774 4
-2.50446 -1.28999 4
-1.94185 -0.024146 4
-0.667855 -0.504758 4
-2.55653 -1.35694 4
-1.98379 -1.15338 4
-3.67967 -1.48181 4
-3.1593 8.40456 5
-2.50024 7.76749 5
-3.89898 8.76434 5
-2.21868 7.75529 5
-2.33918 6.97539 5
-2.21395 6.97298 5
-1 6.65163 5
-2.44651 7.64641 5
-3.49223 7.77522 5
-2.38829 7.74741 5
-0.92446 6.01357 5
-1.97153 7.45821 5
-1.41471 6.57016 5
-1.28702 6.81162 5
-2.11878 6.88897 5
-1.9822 7.47598 5
-2.6234 7.62413 5
-4.0213 8.85519 5
-2.62121 6.72245 5
-1.24133 6.32221 5
-1.90229 7.01564 5
-0.578387 4.82743 5
-1.5605 6.74277 5
-3.28548 7.12394 5
-1.20501 6.02394 5
-1.04145 6.48114 5
-2.96024 7.88413 5
-2.09625 7.295 5
-1.71641 6.77852 5
-3.0266 6.86496 5
-3.0991 7.84466 5
-2.55325 7.48839 5
-0.942511 6.19073 5
-3.07322 8.03116 5
-0.820982 5.39759 5
-0.467978 6.88724 5
-2.52237 7.82497 5
-4.09678 9.11662 5
-2.51714 7.0485 5
-8.4331 8.77513 6
-8.29003 7.13174 6
-8.96126 9.81677 6
-8.84974 9.3633 6
-8.57463 10.4515 6
-7.6145 8.84486 6
-8.43182 9.98445 6
-8.33606 8.70195 6
-8.31695 9.84952 6
-7.60946 8.46057 6
-7.67822 7.2821 6
-7.67302 8.4522 6
-8.36875 9.07552 6
-8.32518 7.09146 6
-7.97882 9.54787 6
-8.2028 8.0082 6
-8.30066 7.99329 6
-8.23412 8.89465 6
-8.76949 9.17333 6
-8.68256 9.68879 6
-8.38066 9.76337 6
-7.97288 8.86258 6
-8.36872 9.94459 6
-8.30236 10.3905 6
-7.69311 7.79266 6
-8.20042 8.8844 6
-7.30852 7.40558 6
-7.78987 9.28774 6
-7.96414 8.41117 6
-7.71058 8.2692 6
-8.01964 8.29788 6
-8.09318 9.40287 6
-8.60714 7.65749 6
-8.11761 9.17445 6
-8.61765 8.16235 6
-7.91758 7.87878 6
-7.82073 9.80459 6
-8.33119 10.6184 6
-8.44523 8.24244 6
-8.74543 9.00082 6
-8.53129 10.2256 6
-8.31985 9.62971 6
-7.9537 7.33174 6
-10.9652 -7.52343 7
-10.0366 -7.16521 7
-11.2992 -7.30988 7
-11.0083 -9.29088 7
-8.7801 -9.22741 7
-9.37268 -10.0316 7
-11.042 -9.42003 7
-9.8836 -9.19162 7
-10.213 -8.97063 7
-8.56155 -9.9376 7
-9.08386 -7.91505 7
-10.2641 -9.29437 7
-10.9809 -8.57916 7
-9.65142 -10.9605 7
-8.69276 -10.9764 7
-8.41236 -11.6744 7
-9.43567 -8.66322 7
-9.3022 -11.1804 7
-9.62026 -6.96735 7
-10.558 -7.70293 7
-10.5373 -9.55878 7
-11.1393 -6.45277 7
-8.79949 -10.8866 7
-9.304 -10.0306 7
-10.1378 -7.6924 7
-9.06469 -9.84846 7
-9.04562 -10.2109 7
-9.12299 -9.71545 7
-10.2536 -9.70923 7
-8.64864 -10.0176 7
-9.92089 -8.52392 7
-10.0734 -8.9365 7
-8.62083 -11.7065 7
-9.63691 -10.1027 7
-11.1484 -9.16648 7
-9.86838 -9.02408 7
-10.2613 -7.45098 7
-10.0184 -9.43779 7
-8.83176 -9.33854 7
-8.64145 -10.4086 7
-9.88072 -9.26918 7
-9.67601 -8.59098 7
-9.75295 -10.5614 7
-9.47759 -9.65289 7
-9.51347 -11.1704 7
-8.61619 -10.2406 7
-9.68172 -10.2319 7
-8.37269 -10.8369 7
-9.51794 -11.7771 7
-10.5232 -8.77788 7
-7.74738 -11.8994 7
-10.0826 -9.83057 7
-10.5814 -7.58692 7
-9.09466 -7.05561 7
-9.9061 -10.1173 7
-9.77444 -9.98088 7
-8.33572 -10.2394 7
-9.30953 -9.47212 7
-9.13175 -8.19374 7
-8.48036 -10.8265 7
-9.81878 -9.90025 7
-10.2588 -9.23587 7
-10.2509 -8.74555 7
-10.036 -10.3768 7
-9.3638 -8.89117 7
-8.78985 -9.69033 7
-9.25864 -10.551 7
-10.6161 -8.1398 7
-9.36352 -9.3848 7
-9.4271 -8.51482 7
-9.63269 -9.37989 7
-10.6925 -6.85412 7
-9.60143 -9.2219 7
-9.71821 -8.43332 7
-9.39787 -9.25573 7
-8.91387 -10.6229 7
-10.6681 -10.1759 7
-8.50915 -9.01868 7
-10.3163 -7.84617 7
-9.27842 -9.59214 7
-9.52357 -8.87476 7
-9.56937 -9.1649 7
-9.18521 -10.166 7
-9.31494 -9.33043 7
-7.53682 -10.7766 7
-9.44743 -9.37462 7
-9.87447 -8.44101 7
9.07266 -8.06816 8
8.1611 -7.63571 8
6.8359 -6.90423 8
9.03992 -9.39916 8
8.07287 -8.0901 8
7.66871 -8.27403 8
8.25964 -9.02522 8
8.84609 -9.8857 8
7.95011 -9.00061 8
7.09918 -7.97677 8
7.08002 -7.61668 8
8.9773 -9.59564 8
8.90563 -9.77908 8
7.11752 -7.26434 8
7.5234 -6.99529 8
7.6927 -8.87383 8
7.55984 -8.139 8
9.72948 -9.17356 8
7.45141 -7.3942 8
7.593 -7.89103 8
8.24194 -8.38814 8
8.39077 -8.13245 8
8.07851 -8.95822 8
8.71917 -8.60239 8
7.37306 -7.84259 8
7.47435 -7.47227 8
8.06892 -8.17579 8
8.93638 -10.2626 8
8.33924 -8.58315 8
7.70293 -8.45449 8
6.90881 -7.98507 8
8.03626 -8.25681 8
8.61744 -9.18987 8
8.89856 -8.6338 8
8.43482 -7.82726 8
9.06526 -8.8901 8
6.16447 -6.37373 8
9.29841 -10.6878 8
8.78666 -8.98964 8
9.72007 -9.83169 8
9.0444 -9.32758 8
8.30425 -8.78759 8
8.17994 -8.78931 8
8.36593 -8.52196 8
8.57179 -8.44839 8
9.0387 -9.63734 8
8.35751 -8.65383 8
8.5124 -10.3073 8
7.21996 -7.46098 8
8.87723 -9.51818 8
8.23459 -8.69647 8
8.33268 -9.48641 8
8.99212 -8.66116 8
8.0878 -7.83676 8
7.7432 -9.4715 8
8.60682 -9.18021 8
8.95054 -9.56141 8
8.40299 -8.2376 8
6.30793 -5.80544 8
7.59344 -7.68866 8
8.79232 -9.58625 8
8.22328 -9.02632 8
6.4734 -6.50364 8
8.72965 -8.71861 8
7.43208 -7.86567 8
7.42829 -8.33466 8
7.2141 -7.65042 8
7.85922 -8.72848 8
8.92886 -8.55623 8
8.39693 -7.67835 8
8.38683 -9.62898 8
8.52055 -8.90398 8
7.66487 -8.37909 8
7.81518 -8.52209 8
7.21913 -7.20301 8
5.89805 -5.4382 8
7.63586 -8.41204 8
7.81043 -8.86257 8
7.22072 -7.86603 8
8.04585 -7.74473 8
6.97647 -7.76809 8
9.58443 -10.392 8
8.12154 -6.97487 8
9.9448 -10.0213 8
7.93259 -9.66488 8
8.3363 -7.9833 8
7.15355 -6.72023 8
9.23918 4.1429 9
8.02377 4.09896 9
7.61931 4.44283 9
7.66964 4.01121 9
10.4871 3.39684 9
6.95175 3.84616 9
8.74322 3.78882 9
7.94187 4.16517 9
7.50207 3.74346 9
7.7509 3.97913 9
8.29207 3.79167 9
8.55993 4.49626 9
9.01145 3.99734 9
10.5376 4.02922 9
8.85289 3.70208 9
8.27042 3.82818 9
8.29137 4.74088 9
7.75746 3.31901 9
9.00504 3.6642 9
8.53516 3.97628 9
8.01364 4.33619 9
6.94948 4.59971 9
8.37458 4.05621 9
8.1944 3.75789 9
7.0241 3.68236 9
7.5851 4.07389 9
7.42946 3.62131 9
8.19137 3.59451 9
9.06555 4.2374 9
8.36331 3.99621 9
7.73612 3.91209 9
7.41341 3.92598 9
6.73427 3.56311 9
7.75109 4.27153 9
6.85499 3.77721 9
7.99377 3.962 9
9.49816 3.5239 9
8.2924 3.56512 9
7.45443 4.01919 9
9.58234 3.96794 9
7.38321 3.80677 9
9.11323 3.5266 9
7.64545 3.5885 9
7.40932 4.43296 9
8.21504 3.80765 9
8.65571 3.83487 9
4.46385 -7.46614 10
4.5184 -5.65878 10
4.75645 -8.4697 10
3.73671 -6.58688 10
4.87969 -7.29388 10
3.4117 -5.98971 10
4.6857 -7.71825 10
3.94935 -5.44681 10
4.79104 -6.38022 10
4.15439 -6.28803 10
3.37793 -4.90995 10
3.94608 -8.25513 10
4.32546 -8.19541 10
3.98139 -6.61369 10
4.28964 -7.69965 10
3.9307 -5.4851 10
3.88316 -5.20611 10
3.84722 -7.15464 10
3.8646 -6.22781 10
3.42778 -4.82729 10
4.64996 -7.18871 10
5.1885 -6.60958 10
4.3375 -6.46529 10
3.97792 -7.63663 10
3.90321 -6.33817 10
4.77399 -8.03767 10
4.06795 -6.12339 10
4.17093 -7.2691 10
3.6832 -5.41452 10
4.63243 -7.82542 10
0.0919194 9.31995 11
0.783422 9.31363 11
0.717122 7.18143 11
-0.426133 6.36859 11
0.771108 9.34241 11
0.0357362 9.0381 11
0.545117 6.45949 11
-0.231209 8.7252 11
0.324303 10.2761 11
0.0234458 11.3324 11
0.304374 8.73761 11
0.0480344 8.59428 11
0.202169 10.003 11
0.470268 7.92943 11
0.539687 8.57287 11
0.599315 9.91064 11
-0.183159 7.66587 11
1.23718 8.86644 11
0.435678 7.33532 11
0.675579 9.58928 11
-0.356884 6.3561 11
0.0723279 9.05791 11
0.74652 8.3007 11
0.433889 8.78225 11
0.579565 8.11075 11
3.43443 0.946527 12
3.75732 1.2739 12
3.51365 1.22384 12
1.44955 1.28311 12
3.99286 0.318778 12
3.18625 1.24656 12
2.00069 0.656951 12
2.87447 0.968565 12
3.79759 0.589655 12
3.21574 0.39572 12
3.2709 0.61616 12
5.27066 1.82537 12
3.0234 -0.024636 12
2.88123 0.218391 12
1.5025 2.2925 12
3.40748 -0.347991 12
2.83157 1.26296 12
2.34192 2.63521 12
1.52725 0.589454 12
2.1754 0.201638 12
3.37594 0.541563 12
3.76157 1.78925 12
2.95393 -0.324334 12
3.43779 2.92872 12
-2.54552 3.90392 13
-2.5548 4.21483 13
-2.5071 4.90614 13
-2.86312 4.45737 13
-2.83503 4.17471 13
-2.86319 3.80737 13
-2.80814 3.67481 13
-2.51825 4.65667 13
-2.66141 4.52261 13
-2.83054 4.55551 13
-2.41912 5.01013 13
-2.75882 4.37814 13
-2.58772 4.49065 13
-2.58806 3.72427 13
-2.98701 4.46394 13
-2.564 4.77949 13
-2.86075 4.45362 13
-2.61627 3.74026 13
-3.01591 4.21607 13
-2.77611 4.30136 13
-2.58083 4.53304 13
-2.9169 4.44115 13
-3.00452 4.36112 13
-2.79987 4.41599 13
-2.94199 4.52358 13
-2.75537 4.16786 13
-2.78586 4.81738 13
-3.039 4.14883 13
-2.82664 4.92774 13
-2.81065 4.54751 13
-2.67622 4.5576 13
-2.56999 4.56511 13
-2.5838 5.08951 13
-2.83044 4.36729 13
-2.73677 3.98301 13
-2.46854 4.27586 13
-2.69575 4.57628 13
-2.77691 4.20858 13
-2.56508 4.54063 13
-2.76064 4.48772 13
-2.52473 4.92532 13
-2.74121 3.69368 13
-2.8925 4.30437 13
-2.9048 4.80108 13
-2.84922 4.52236 13
-2.44621 4.77147 13
-2.78953 4.90168 13
-2.7257 3.82066 13
-2.81753 4.48108 13
-2.40748 4.58752 13
-2.80603 4.90907 13
-2.91049 3.82474 13
-2.794 5.45548 13
-3.00449 4.53424 13
-2.39052 4.03209 13
-2.58233 4.49537 13
-2.71837 4.52884 13
-2.68227 4.19811 13
-2.62895 4.69051 13
-2.65433 4.73099 13
-3.04426 4.50678 13
-2.77275 4.11721 13
-2.92361 4.55138 13
-2.6075 3.96213 13
-2.78974 4.65968 13
-2.54432 4.75603 13
-2.72136 3.86738 13
-2.5918 3.87416 13
-2.9532 3.9874 13
-2.86599 4.03129 13
-2.94063 4.40314 13
-2.94565 4.67669 13
-2.43882 4.08364 13
-2.74057 4.26525 13
-2.74104 4.37119 13
-1.43572 -3.43668 14
-1.38801 -3.15939 14
-2.03443 -3.78356 14
-1.45692 -3.79099 14
-3.5015 -4.1525 14
-0.982695 -2.7615 14
-2.0067 -3.54847 14
-1.82784 -3.04102 14
-1.43892 -2.68646 14
-1.04869 -2.50627 14
-1.95815 -3.50027 14
-2.1271 -3.1466 14
-1.33871 -2.56689 14
-1.76135 -3.60199 14
-1.83142 -3.98511 14
-1.25199 -2.34707 14
-0.690962 -2.61958 14
-0.403671 -2.4337 14
-2.07056 -3.72156 14
-1.57905 -3.84531 14
-1.48963 -3.53402 14
-3.60861 -5.03072 14
0.067769 -2.13683 14
-1.42511 -3.94487 14
-1.53027 -3.1443 14
8.94138 -0.642495 15
7.91015 -1.77825 15
7.2886 -0.985946 15
10.8262 2.14682 15
6.54831 -0.772678 15
8.30312 -1.32796 15
8.55267 0.459352 15
9.37618 -2.20842 15
8.02377 -1.05583 15
6.30686 -1.67423 15
7.91979 -2.8903 15
7.30085 -0.702836 15
7.35349 -0.441097 15
10.2338 -0.530342 15
7.54176 -0.232329 15
8.37566 -0.0418195 15
9.4309 -2.93619 15
8.56949 -0.693065 15
8.95537 -0.230524 15
7.87567 -1.37654 15
6.46437 -1.82613 15
7.12188 -1.39512 15
9.96525 0.207329 15
8.45816 -0.56944 15
6.85754 0.248467 15
8.60231 -0.400826 15
8.19001 -4.32158 15
6.52798 -0.190773 15
8.15975 -0.500969 15
6.19719 -1.84318 15
9.74838 0.799358 15
8.32961 -1.27886 15
9.81066 -3.46432 15
10.1151 -0.555612 15
8.64317 -2.38 15
8.0614 -0.069666 15
9.00645 -0.0554726 15
8.23099 -0.0353412 15
7.36005 0.648107 15
8.46815 0.281004 15
7.27502 -0.328186 15
7.10288 -1.86605 15
7.04483 -1.62901 15
7.25891 -0.688673 15
8.31009 -2.65163 15
8.57436 -0.659419 15
8.0189 -1.97252 15
7.56905 0.0589884 15
10.1853 0.539894 15
8.96553 -2.09487 15
6.12102 -2.18845 15
6.81455 -1.75105 15
7.58675 0.393977 15
7.53118 -2.47789 15
8.8536 -0.774185 15
8.09874 -0.791721 15
6.76426 -0.91733 15
7.93096 1.06292 15
9.17469 -0.757495 15
7.3073 -1.3514 15
8.17116 -0.278887 15
7.165 -1.77617 15
7.77315 -1.96876 15
10.1016 -0.151888 15
7.98479 -0.351267 15
7.48615 0.664742 15
6.7557 -1.69551 15
8.61336 -0.215482 15
8.99306 -0.549175 15
9.25778 -1.95046 15
7.51967 -1.43953 15
6.97342 -0.418395 15
8.73902 -0.0573326 15
10.1016 -0.27619 15
9.7377 -1.01274 15
7.88973 -2.37669 15
7.66325 -2.21064 15
8.8198 -0.686341 15
7.27391 -1.44104 15
10.4578 1.20569 15
8.15535 -1.58778 15
6.06886 0.231081 15
8.62428 0.404483 15
9.8607 -1.37181 15
8.42867 -2.13169 15
10.7194 0.396016 15
8.42725 -1.61469 15
6.53864 -3.23931 15
9.65743 -1.45955 15
6.91063 0.772672 15
8.17272 -0.95352 15
5.46355 -0.95429 15
8.88414 -3.58953 15
8.89347 -1.52067 15
8.11497 -0.701823 15
6.50146 -1.4063 15
6.41192 -0.131067 15
6.09073 -0.930388 15
7.82368 -1.08934 15
8.58352 -2.07905 15
7.42115 -0.667489 15
8.6975 1.03461 15
8.64936 -0.738515 15
9.87554 -1.77763 15
8.86126 -1.61438 15
8.47964 -1.28852 15
7.34588 1.10679 15
7.33732 0.852681 15
7.04493 -4.2443 15
8.61871 0.28549 15
-5.46776 3.08786 16
-8.60722 5.06461 16
-8.92104 4.26458 16
-6.18301 4.86217 16
-8.71898 4.53838 16
-6.42222 3.79147 16
-6.68394 3.84231 16
-8.15171 4.84609 16
-8.20491 4.25446 16
-8.22142 4.13647 16
-8.93813 3.7829 16
-7.24261 3.99265 16
-7.74908 6.13992 16
-5.68919 4.79136 16
-10.7844 2.80596 16
-6.85657 5.44278 16
-7.07949 3.96814 16
-7.82949 3.9464 16
-8.9285 2.83345 16
-5.61387 5.5459 16
-6.12338 3.31347 16
-7.2931 4.30765 16
-6.9911 3.04719 16
-5.20641 3.08275 16
-8.11838 3.63101 16
-11.0645 5.87903 16
-7.19441 4.84978 16
-8.81741 3.59582 16
-8.42856 3.93978 16
-7.85728 3.26176 16
-7.14255 4.27429 16
-7.71661 4.2769 16
-7.77164 5.70893 16
-8.04111 2.70958 16
-7.68085 3.5229 16
-7.18781 4.19036 16
-10.3497 4.04563 16
-9.0199 4.57869 16
-7.12519 3.07316 16
-8.73787 3.87753 16
-9.33247 4.99951 16
-7.38008 5.24637 16
-9.77842 4.4218 16
-7.69354 4.40578 16
-7.03971 3.10856 16
-7.52267 4.30669 16
-7.50073 4.44048 16
-8.31895 3.89472 16
-6.87263 4.06433 16
-9.11967 2.61283 16
-8.00383 5.22388 16
-5.61299 4.49587 16
-7.39259 5.54022 16
-7.97925 3.80366 16
-8.07244 4.17704 16
-6.75246 4.27073 16
-9.8253 4.21762 16
-9.80706 5.23645 16
-7.97502 3.32991 16
-8.36216 5.10485 16
-8.02508 4.08409 16
-7.28006 4.30289 16
-4.58152 4.47281 16
-7.91296 3.05909 16
-6.9829 4.9462 16
-9.27582 2.08243 16
-9.19815 3.32959 16
-8.0338 2.9656 16
-10.7629 4.62823 16
-10.4197 4.34611 16
-9.28731 3.12986 16
-9.07933 3.47912 16
-8.4889 3.58964 16
-8.01101 3.19829 16
-8.44755 4.69852 16
-8.57662 3.75196 16
-10.025 3.53318 16
-7.15029 4.80933 16
-8.61531 4.77395 16
-6.63668 4.0775 16
-7.84134 4.07734 16
-6.80524 2.9303 16
-7.32244 4.97419 16
-6.78365 2.71161 16
-9.6693 4.99769 16
-7.10136 4.43917 16
-8.00847 4.64637 16
-8.35911 4.34696 16
-6.58766 2.75375 16
-9.19556 6.22655 16
-7.67806 4.30083 16
-7.3816 3.93158 16
1.0682 -5.34688 17
0.466063 -5.62884 17
0.548504 -5.71073 17
0.590007 -5.34103 17
0.739411 -5.33866 17
0.53707 -5.24334 17
0.440956 -5.58882 17
0.927695 -5.48878 17
0.646802 -5.67952 17
0.920709 -5.38961 17
0.726247 -5.48615 17
0.54679 -5.90982 17
0.482108 -5.71809 17
0.459329 -5.72992 17
0.343627 -5.65631 17
0.44523 -5.8319 17
0.321311 -5.78633 17
0.507083 -5.50292 17
0.750365 -5.43648 17
0.85195 -5.35969 17
0.619191 -5.98024 17
0.579422 -5.34985 17
0.809695 -5.41143 17
0.580844 -5.41054 17
0.763274 -5.43349 17
0.619948 -5.9207 17
0.982085 -5.08024 17
0.755401 -5.1623 17
0.351751 -5.94268 17
0.429759 -5.78437 17
0.78636 -5.26108 17
0.618925 -5.71991 17
0.444915 -6.11227 17
0.427784 -5.80939 17
0.459306 -5.91504 17
0.538273 -5.82678 17
0.346055 -5.67222 17
0.568161 -5.87632 17
0.452356 -5.9768 17
0.500227 -5.76187 17
0.648461 -5.39476 17
0.233201 -6.07727 17
0.373668 -5.62302 17
0.69321 -5.3653 17
0.697159 -5.36369 17
0.161765 -5.79815 17
0.511282 -5.70292 17
0.269458 -6.00648 17
0.755587 -5.64693 17
0.1916 -5.73663 17
0.674916 -5.52825 17
0.730525 -5.52089 17
0.500167 -6.08684 17
0.420907 -5.56881 17
-5.5496 -9.11631 18
-6.54182 -9.72041 18
-6.12032 -7.32006 18
-3.99777 -8.45247 18
-5.41917 -9.56138 18
-5.14019 -9.89619 18
-4.37892 -9.35002 18
-5.90479 -9.27287 18
-4.95537 -9.61841 18
-3.76428 -8.73786 18
-6.96201 -7.79307 18
-6.54469 -9.7193 18
-5.53165 -8.75791 18
-4.20611 -9.00816 18
-5.9218 -8.45793 18
-6.35719 -8.77231 18
-5.67097 -9.11726 18
-3.70112 -8.55365 18
-6.41293 -8.92135 18
-2.63394 -9.61953 18
-6.21496 -7.33871 18
-4.05935 -9.36021 18
-4.44595 -9.22346 18
-3.71331 -9.14748 18
-5.20713 -8.267 18
-5.53954 -9.29504 18
-6.09085 -9.16346 18
-5.62652 -7.64716 18
-3.19406 -9.07169 18
-5.09185 -9.65425 18
-4.38937 -8.57492 18
-2.95077 -8.82576 18
-5.25592 -8.65615 18
-4.89675 -6.93466 18
-3.32607 -10.0976 18
-3.77079 -9.18631 18
-5.81896 -8.50545 18
-4.44943 -9.219 18
-3.64443 -9.45716 18
-5.12219 -8.48749 18
-6.04183 -9.10398 18
-5.81911 -9.88166 18
-3.05679 -9.65961 18
-4.28253 -9.27058 18
-2.6864 -9.35612 18
-4.95745 -8.03159 18
-6.13471 -8.09465 18
-5.0925 -7.35843 18
-7.73525 -1.30019 19
-8.46858 -1.94522 19
-9.16374 -2.63389 19
-8.11913 -1.72322 19
-8.75624 -2.26433 19
-8.87717 -2.19444 19
-9.24571 -2.74404 19
-7.04977 -0.608141 19
-8.60912 -2.14382 19
-7.57766 -1.06319 19
-7.02757 -0.805017 19
-8.57361 -2.12931 19
-9.15881 -2.59341 19
-9.44167 -3.03033 19
-9.02972 -2.7426 19
-8.90411 -2.37295 19
-8.12318 -1.64314 19
-8.03597 -1.44099 19
-8.08068 -1.47917 19
-7.96941 -1.33135 19
-8.10771 -1.45345 19
-7.79464 -1.21873 19
-8.60429 -2.22889 19
-9.90052 -3.56501 19
-7.63294 -1.15389 19
-9.23874 -2.78556 19
-8.14807 -1.72375 19
-6.78372 -0.549762 19
-7.60641 -1.29766 19
-7.55726 -1.02369 19
-8.63997 -2.04397 19
-7.3291 -0.913209 19
-9.13618 -2.75591 19
-8.52333 -2.12494 19
-7.46706 -0.964901 19
-9.01979 -2.69426 19
-7.60708 -0.952352 19
-8.11369 -1.66831 19
-8.87247 -2.54521 19
-8.98883 -2.35604 19
-7.1897 -0.595881 19
-8.23591 -1.83695 19
-9.14388 -2.74072 19
-7.84889 -1.46252 19
-8.91423 -2.42247 19
-8.62178 -2.03226 19
-8.05244 -1.59142 19
-7.91606 -1.46261 19
-8.01534 -1.49791 19
-7.81624 -1.40956 19
-7.58246 -0.960939 19
-8.65155 -2.23338 19
-8.48348 -2.16333 19
-7.96677 -1.45673 19
-7.26837 -0.90738 19
-9.03101 -2.56966 19
-7.07907 -0.563794 19
-7.93932 -1.56123 19
-8.14524 -1.4881 19
-9.21568 -2.81873 19
-8.42077 -2.00973 19
-9.30285 -2.98506 19
-9.91109 -3.32089 19
-7.54024 -1.03521 19
-8.85317 -2.45148 19
-8.83211 -2.20639 19
-9.52407 -2.95465 19
-7.56182 -1.23215 19
-8.1402 -1.64639 19
-8.09935 -1.53402 19
-9.97595 -3.55279 19
-8.10241 -1.52856 19
-8.18636 -1.73885 19
-9.3074 -2.85769 19
-8.97117 -2.24076 19
-9.19022 -2.77447 19
-9.23598 -2.8194 19
-8.74269 -2.20754 19
-9.41482 -2.86829 19
-6.41144 -0.0397476 19
-9.29914 -2.76775 19
-8.31822 -1.98938 19
-9.74729 -3.25538 19
-9.03781 -2.58065 19
-8.65645 -2.10135 19
-8.3518 -1.7593 19
-8.20678 -1.81747 19
-8.08704 -1.71367 19
-8.67603 -2.21246 19
-6.06119 -5.04725 20
-6.67088 -5.80985 20
-6.31342 -5.32327 20
-5.4196 -5.157 20
-6.69743 -5.454 20
-7.5166 -4.64749 20
-6.64425 -5.21258 20
-3.68474 -4.64838 20
-6.52156 -5.49389 20
-6.44017 -4.90694 20
-5.00057 -4.72697 20
-8.17253 -6.20142 20
-5.12093 -5.00319 20
-4.48597 -4.24928 20
-6.15729 -5.23753 20
-5.38478 -5.00662 20
-5.75573 -4.59404 20
-6.42636 -5.26362 20
-6.80719 -4.68946 20
-6.61405 -4.92952 20
-5.43039 -3.86833 20
-5.64434 -5.49518 20
-6.16051 -5.4493 20
-6.34352 -4.93854 20
-6.00169 -4.89956 20
-6.0633 -4.90926 20
-6.99063 -6.21374 20
-8.44629 -4.80451 20
-7.67327 -4.84101 20
-4.62313 -4.95238 20
-4.0873 -4.48711 20
-7.02592 -4.49434 20
-5.44713 -5.3393 20
-6.84226 -6.31299 20
-5.88469 -4.88553 20
-3.30024 -4.65706 20
-5.85045 -5.81931 20
-5.29717 -5.12486 20
-5.51248 -4.53719 20
-4.75316 -5.24711 20
-5.81591 -5.60876 20
-4.96835 -4.81127 20
-6.19517 -5.42651 20
-4.8119 -4.64956 20
-6.19097 -5.11771 20
-6.05771 -5.08451 20
-6.82914 -5.62142 20
-7.02922 -5.61619 20
-7.59377 -4.94213 20
-6.63949 -5.17493 20
-4.2737 -5.42991 20
-7.79422 -5.25195 20
-7.38559 -5.87671 20
-5.4183 -4.80528 20
-8.6782 -5.69599 20
-5.94897 -6.23892 20
-4.33806 -4.59675 20
6.84929 6.51936 21
7.01013 6.36693 21
6.83894 6.3094 21
6.75186 5.71564 21
6.82388 5.04906 21
7.04178 6.12005 21
6.81749 8.47935 21
6.80771 6.42048 21
7.01715 7.46758 21
6.78874 5.76932 21
6.81767 5.31012 21
6.77344 7.48791 21
6.86005 7.0115 21
6.97305 7.10179 21
6.73801 5.3688 21
6.79475 5.43444 21
6.98652 8.19398 21
6.92972 6.46768 21
6.78526 6.62864 21
6.72335 6.2244 21
6.8867 6.52964 21
6.74997 7.24097 21
6.84854 6.04297 21
6.757 7.4758 21
6.82576 6.20132 21
6.75856 7.4723 21
6.73594 8.00931 21
6.90164 7.80439 21
6.75795 7.38881 21
2.15714 -8.59329 22
2.49551 -8.11291 22
2.38753 -9.18319 22
2.30193 -9.37335 22
2.47576 -8.5076 22
1.9801 -9.87019 22
2.33914 -8.83485 22
2.21418 -8.76059 22
2.38925 -9.12612 22
2.48713 -8.14339 22
2.41688 -8.30993 22
2.46537 -9.29052 22
2.49273 -8.9345 22
2.29582 -8.86767 22
2.21454 -8.96917 22
2.20308 -9.10146 22
2.25446 -9.4462 22
2.29272 -8.80484 22
2.31767 -9.24486 22
2.28704 -10.3971 22
2.21224 -8.37781 22
2.5013 -9.77598 22
2.00711 -8.55886 22
2.15395 -8.03488 22
2.07729 -9.66505 22
2.19806 -8.87645 22
2.52412 -9.39932 22
2.11219 -8.55315 22
2.08387 -9.49126 22
2.10762 -9.34264 22
2.35923 -9.74186 22
2.11264 -8.62802 22
2.34412 -8.38464 22
2.26732 -8.76097 22
2.11869 -9.79531 22
2.35698 -9.03864 22
2.24958 -9.63369 22
2.02248 -10.5506 22
2.25449 -8.79499 22
2.51183 -8.61733 22
2.42498 -8.89985 22
2.26448 -9.8526 22
2.20703 -8.32162 22
2.19013 -8.54506 22
2.18096 -8.24848 22
2.1925 -8.04047 22
2.23215 -8.4822 22
2.35876 -9.26686 22
2.24065 -8.4177 22
2.23982 -9.17674 22
2.26139 -8.80852 22
2.15151 -8.9794 22
2.28265 -8.26321 22
2.1644 -9.22615 22
2.35267 -9.49663 22
2.3061 -9.27157 22
2.18586 -8.65946 22
2.29066 -8.54358 22
2.36936 -9.33816 22
2.10799 -8.98925 22
2.10711 -8.02349 22
2.29536 -9.72887 22
2.32558 -7.7171 22
2.21319 -8.84036 22
2.40805 -8.90073 22
2.27899 -9.31745 22
2.43144 -8.66215 22
2.26709 -9.12178 22
2.56004 -9.07359 22
2.21877 -8.79374 22
2.50466 -8.70996 22
2.26088 -8.91749 22
2.13373 -9.71695 22
2.3428 -8.77675 22
2.44564 -8.70534 22
2.09035 -9.03739 22
2.26247 -9.35633 22
2.02139 -9.16445 22
2.47796 -9.23399 22
2.24509 -9.1149 22
2.47957 -8.8916 22
2.25533 -8.84524 22
2.19304 -8.7939 22
2.44182 -8.37087 22
2.19784 -9.14818 22
2.51933 -9.46955 22
2.3534 -9.17085 22
2.29511 -9.75577 22
2.34215 -8.65 22
2.47152 -8.34125 22
2.42967 -9.88616 22
2.22014 -9.50345 22
2.26752 -9.10654 22
2.15792 -9.39995 22
-3.99285 9.57365 23
-3.48588 9.70915 23
-3.61387 9.69165 23
-3.22755 9.6771 23
-3.36395 9.40975 23
-3.58158 9.82601 23
-3.48522 9.55571 23
-3.53702 9.86182 23
-3.2271 9.69198 23
-3.44345 9.79977 23
-3.80732 9.86523 23
-3.6809 9.69787 23
-3.60408 9.55702 23
-3.72676 9.66195 23
-3.65915 9.40383 23
-3.25899 9.60853 23
-3.71447 9.81807 23
-3.61342 9.62432 23
-3.30458 9.40566 23
-3.52621 9.63539 23
-3.72439 9.52445 23
-3.4396 9.73727 23
-3.71305 9.59358 23
-3.34947 9.5855 23
-3.53604 9.78485 23
-3.2779 9.34239 23
-3.84674 9.76448 23
-3.625 9.59777 23
-3.25401 9.32474 23
-3.42299 9.5935 23
-3.58792 9.52595 23
-3.97994 10.0023 23
-3.2833 9.52811 23
-3.34353 9.39719 23
-3.42972 9.71412 23
-3.10733 9.58567 23
-3.10773 9.56855 23
-3.4155 9.4618 23
-3.39736 9.79946 23
-3.12658 9.43673 23
-3.18568 9.66891 23
-3.26233 9.47394 23
-3.60263 9.57979 23
-3.61114 9.80063 23
-3.83961 9.51141 23
-3.75088 9.88855 23
-3.06539 9.57238 23
-3.29629 9.82616 23
-4.07428 9.60471 23
-3.49642 9.40599 23
-3.05043 9.20082 23
-3.67253 9.57009 23
-3.81738 9.82798 23
-3.45091 9.77084 23
-3.57607 9.80406 23
-3.67673 9.53542 23
-3.60036 10.0056 23
-3.32833 9.60592 23
-3.17033 9.39366 23
-3.40615 9.62905 23
-3.47141 9.50937 23
-3.40725 9.18761 23
-4.00146 9.60697 23
-3.39587 9.37011 23
-3.91962 9.99357 23
-3.22956 9.36386 23
-3.56965 9.70238 23
-3.48338 9.55485 23
-3.51173 9.63283 23
-3.74989 9.75519 23
-3.52284 9.34726 23
-3.45384 9.65692 23
-3.64242 9.63908 23
-3.44408 9.67638 23
-3.4681 9.60419 23
-3.49587 9.6847 23
-3.45331 9.59332 23
-3.93993 9.76079 23
-3.29262 9.57762 23
-3.95538 9.38537 23
-3.45612 9.52973 23
-3.44598 9.74538 23
-3.86064 9.39654 23
-3.44476 9.49313 23
-3.63873 9.77227 23
-3.21826 9.58836 23
-3.59758 9.47911 23
-3.98445 9.87602 23
-3.86596 9.65316 23
-3.92532 9.84802 23
-3.5164 9.69006 23
-3.66599 9.62916 23
-3.39338 9.72658 23
-3.80209 9.37875 23
-3.6422 9.62122 23
-2.72724 9.20336 23
-3.4291 9.60417 23
-3.55555 9.70819 23
-3.82733 9.64311 23
-3.56563 9.77479 23
5.39268 7.46608 24
4.50725 9.09025 24
4.31285 9.2151 24
4.04607 8.70657 24
3.54698 9.1404 24
3.39631 9.37825 24
4.11375 8.86052 24
3.65598 9.20301 24
3.61535 9.6086 24
5.01444 7.4879 24
4.42728 9.05037 24
3.96241 9.0659 24
4.9906 8.6331 24
0.284292 -3.29313 25
0.256152 -1.80875 25
0.262205 -1.46759 25
0.282856 -2.07577 25
0.269271 0.653752 25
0.297511 -1.88233 25
0.283828 -2.07557 25
0.250189 -1.64709 25
0.293524 -3.43695 25
0.256875 -0.839221 25
0.252278 -1.92498 25
0.252273 -1.01064 25
0.293429 -2.25225 25
0.278079 -1.31524 25
0.276833 0.413619 25
0.303426 -1.77648 25
0.267443 -1.95113 25
0.272782 -2.97162 25
0.28725 -2.37196 25
0.226884 -1.92302 25
0.273154 -0.764249 25
0.248483 -3.26851 25
0.279414 -0.169687 25
0.265755 -1.32623 25
0.280038 -0.942174 25
0.318161 -0.915191 25
0.264738 -2.07968 25
0.2684 -2.07658 25
0.29961 -1.62252 25
0.269177 -0.826673 25
0.281746 -2.0369 25
0.272632 -0.531243 25
0.292616 -0.310314 25
0.275659 -1.43363 25
0.288835 -1.43638 25
0.269896 -2.12119 25
0.232618 -2.37384 25
0.256152 -2.49993 25
0.279052 -0.525478 25
0.284536 -2.16429 25
0.267187 -2.11903 25
0.250689 -1.23907 25
0.27911 -1.6735 25
0.279688 -2.21925 25
0.273765 -0.846218 25
-1.15338 -5.47727 26
-1.34834 -5.71321 26
-1.30783 -5.17534 26
-1.12372 -5.56327 26
-0.67208 -6.32982 26
-1.5055 -5.46486 26
-1.18094 -5.4374 26
-0.885672 -6.63295 26
-1.05472 -5.54637 26
-0.753994 -5.81643 26
-0.600159 -5.51377 26
-1.61674 -5.07264 26
-1.40433 -5.42326 26
-0.561038 -6.12371 26
-0.834961 -6.27671 26
-1.13369 -5.81405 26
-1.25452 -5.74691 26
9.55359 -4.42537 27
9.6143 -4.50858 27
8.72898 -4.47865 27
7.58765 -4.4887 27
8.75492 -4.39756 27
9.47738 -4.42007 27
9.10295 -4.34825 27
8.51279 -4.31213 27
7.66712 -4.33696 27
9.33997 -4.4403 27
9.25247 -4.48907 27
9.18195 -4.46178 27
8.52949 -4.52283 27
10.6702 -4.53082 27
8.41161 -4.43915 27
9.41496 -4.47758 27
9.6887 -4.38621 27
9.50553 -4.45821 27
10.0932 -4.45969 27
8.28449 -4.46044 27
9.40396 -4.36138 27
9.04543 -4.49713 27
9.05123 -4.39836 27
8.44965 -4.34373 27
9.5328 -4.44078 27
8.7925 -4.48227 27
8.4119 -4.48434 27
8.96987 -4.46244 27
9.14245 -4.38286 27
8.1906 -4.49755 27
9.29798 -4.4123 27
10.1339 -4.41028 27
8.30319 -4.4937 27
9.32267 -4.48213 27
10.3195 -4.44168 27
9.31099 -4.32904 27
8.79315 -4.4809 27
8.64374 -4.45349 27
7.1992 -4.42697 27
8.84307 -4.4861 27
8.82273 -4.34553 27
9.33191 -4.40009 27
9.14029 -4.49378 27
9.20688 -4.41132 27
8.33413 -4.37393 27
10.0027 -4.47106 27
10.0086 -4.42046 27
10.3252 -4.38481 27
10.4501 -4.44856 27
10.1342 -4.50238 27
8.93243 -4.46044 27
8.44217 -4.40345 27
8.99956 -4.38923 27
7.37374 -4.44078 27
8.57335 -4.45405 27
9.55895 -4.45053 27
9.15297 -4.42863 27
8.07913 -4.34797 27
9.94607 -4.5653 27
9.99392 -4.3197 27
8.71348 -4.38635 27
9.86748 -4.44192 27
9.53545 -4.43723 27
8.93598 -4.48596 27
8.35444 -4.33321 27
9.14143 -4.3583 27
8.8099 -4.40146 27
8.50881 -4.33384 27
8.67047 -4.42084 27
9.64382 -4.55301 27
8.51439 -4.36789 27
8.6902 -4.42579 27
8.92481 -4.39157 27
8.65661 -4.46989 27
8.32549 -4.42346 27
8.4885 -4.36533 27
8.16305 -4.50623 27
9.74003 -4.42614 27
9.01556 -4.4919 27
9.59808 -4.45574 27
8.46506 -4.4731 27
8.04913 -4.42976 27
9.22683 -4.44758 27
8.63399 -4.44405 27
9.05658 -4.39485 27
8.09441 -4.49664 27
9.46219 -4.42843 27
8.61256 -4.41007 27
9.46214 -4.34677 27
8.65003 -4.5097 27
9.1814 -4.30722 27
9.40346 -4.41772 27
8.73378 -4.45459 27
8.60555 -4.41841 27
10.0276 -4.47823 27
9.18936 -4.437 27
8.4785 -4.45028 27
9.93877 -4.55174 27
8.85237 -4.46726 27
9.13233 -4.34993 27
-2.738 -4.35795 28
-2.86557 -3.64616 28
-2.66384 -4.47445 28
-2.527 -4.87979 28
-2.3955 -4.849 28
-2.73151 -4.29045 28
-2.96901 -4.68202 28
-2.40368 -4.95317 28
-2.75178 -3.98427 28
-2.78681 -4.68782 28
-2.84712 -5.34911 28
-2.53532 -4.71865 28
-2.72696 -4.19164 28
-2.60567 -4.71724 28
-2.86681 -4.06144 28
-3.08672 -4.93775 28
-2.54472 -4.89944 28
-2.87937 -4.68246 28
-2.56001 -4.92604 28
-2.76606 -4.18291 28
-2.66678 -4.25042 28
-2.54883 -4.7621 28
-2.7784 -3.71213 28
-2.92396 -4.60539 28
-2.4978 -4.87781 28
-3.01641 -3.86702 28
-2.50463 -5.16257 28
-2.57298 -4.2472 28
-2.66591 -4.68557 28
-2.99074 -4.43101 28
-2.50109 -4.90424 28
-2.59238 -4.18304 28
-2.70035 -4.21115 28
-2.7218 -4.9888 28
-2.8352 -5.28964 28
-2.70722 -4.50295 28
-2.48857 -4.40689 28
-2.65316 -5.02126 28
-2.67129 -4.83349 28
-2.56812 -3.91653 28
-2.73745 -4.55564 28
-2.82666 -4.26092 28
-2.7374 -4.16952 28
-2.96372 -5.50528 28
-2.64532 -5.37077 28
-2.93408 -4.14669 28
-2.62412 -4.9563 28
-2.76644 -5.42756 28
-2.88731 -5.19805 28
-2.63325 -4.54149 28
-2.6676 -3.38589 28
-3.00699 -4.72403 28
-2.66287 -3.53109 28
-2.79586 -4.75767 28
-2.69212 -4.47888 28
-2.42417 -4.7573 28
-2.82604 -4.96461 28
11.4944 7.55496 29
11.3706 7.7266 29
11.3411 6.49885 29
10.1707 6.21961 29
10.1598 5.60966 29
8.68525 8.34283 29
11.2751 6.63051 29
9.5811 7.38063 29
8.10981 7.67324 29
9.09437 8.46971 29
9.87475 7.67132 29
8.29982 7.94065 29
10.4438 7.65577 29
8.94381 7.6821 29
9.88252 7.96011 29
10.8149 6.32612 29
9.70753 6.9202 29
9.51473 7.50039 29
8.96885 7.81564 29
8.95598 8.29419 29
8.62025 8.70708 29
8.53898 6.58448 29
11.2784 6.45945 29
10.8206 5.77799 29
10.1275 7.26374 29
10.8816 7.88849 29
10.9154 7.72946 29
10.4396 5.82397 29
11.4688 6.65923 29
9.27911 7.37943 29
8.50831 7.4961 29
10.6907 8.03713 29
11.108 5.93249 29
9.00902 7.04025 29
8.96538 7.71223 29
8.64483 8.37715 29
9.69567 7.20803 29
8.91147 8.35147 29
8.83869 8.14909 29
9.23325 6.80422 29
12.0403 5.8791 29
8.52317 8.29263 29
9.2488 7.64222 29
10.7368 7.04916 29
9.65329 8.4267 29
9.41155 7.72359 29
9.69028 5.9991 29
8.60893 6.28422 29
10.5219 7.00651 29
10.5189 8.41387 29
8.78434 7.78184 29
9.46191 8.72282 29
9.8796 8.21191 29
10.4744 8.02568 29
7.95954 7.26443 29
10.8526 7.08746 29
9.22922 7.23783 29
9.74665 9.14385 29
9.33619 7.79157 29
9.86583 7.89317 29
10.7104 7.25935 29
11.2849 8.18443 29
10.4376 6.82959 29
9.65669 8.16957 29
10.0592 7.53127 29
8.90759 6.0181 29
8.53453 7.94731 29
10.1605 8.24172 29
9.97156 6.85459 29
8.13265 7.79417 29
9.48466 8.06732 29
7.88001 8.34956 29
9.0605 6.35595 29
7.96111 8.90547 29
9.66158 8.58946 29
8.0443 7.4544 29
9.93873 6.35613 29
9.57713 8.57992 29
8.16671 8.70777 29
10.2356 7.08816 29
8.41599 7.72909 29
9.36823 6.76976 29
9.15126 6.63981 29
9.35795 6.93904 29
10.3572 7.1292 29
10.4705 6.85704 29
10.5969 6.19454 29
11.316 6.90787 29
9.87205 7.66538 29
10.7142 6.63364 29
8.47312 7.7661 29
7.9054 7.74061 29
10.7709 7.63731 29
10.9316 7.34076 29
8.92812 6.48241 29
8.19743 7.93127 29
9.94389 5.73183 29
10.1764 7.42302 29
9.99928 6.63937 29
11.8018 7.67372 29
9.65764 6.32838 29
11.6327 6.20922 29
9.09137 7.80148 29
10.6829 6.9419 29
9.04708 7.93149 29
6.01237 -9.33302 30
5.91108 -9.26127 30
5.94245 -8.36103 30
6.03859 -9.35316 30
5.97636 -9.07788 30
5.9654 -9.0528 30
5.90182 -8.86824 30
6.00269 -9.17437 30
6.13144 -9.12866 30
6.09081 -8.84868 30
5.94712 -8.62409 30
5.98113 -9.09418 30
5.93402 -9.00509 30
6.05432 -9.19345 30
5.84167 -9.10792 30
6.26943 -9.92652 30
5.99968 -8.82888 30
5.97621 -9.37282 30
6.08518 -9.46373 30
5.95969 -9.05526 30
5.94646 -8.85218 30
6.00116 -9.02177 30
6.03215 -8.76808 30
6.07623 -9.52485 30
5.8944 -9.25124 30
6.00336 -8.65538 30
6.08868 -9.45067 30
5.91827 -9.16579 30
5.86608 -8.65358 30
6.02852 -9.6233 30
-9.62927 -4.54319 31
-9.80455 -4.44478 31
-9.41004 -4.94985 31
-9.79233 -4.47896 31
-9.99335 -4.46136 31
-8.98862 -4.55074 31
-9.41376 -4.26283 31
-9.75527 -4.21713 31
-9.89849 -4.25518 31
-10.6065 -4.7774 31
-9.57548 -5.03581 31
-10.3548 -4.61002 31
-10.4147 -4.48017 31
-10.339 -4.25438 31
-9.63414 -4.60979 31
-10.6075 -4.41596 31
-10.9952 -4.82817 31
-9.71378 -4.47845 31
-10.1157 -4.72593 31
-9.75745 -4.41719 31
-10.1456 -4.91699 31
-10.5984 -4.30673 31
-9.46834 -4.4703 31
-9.38665 -4.32376 31
-9.74852 -4.28475 31
-10.573 -4.61694 31
-9.87888 -4.85982 31
-10.0236 -4.14543 31
-10.8167 -4.35197 31
-9.70766 -4.1181 31
-9.48449 -4.58386 31
-9.8077 -4.64523 31
-10.4847 -4.74345 31
-9.52667 -4.36267 31
-10.5147 -4.80211 31
-10.076 -4.36373 31
-10.8624 -4.21997 31
-10.0297 -4.75827 31
-9.94361 -4.06825 31
-10.3478 -4.81214 31
-10.7365 -4.70543 31
-10.145 -4.4958 31
-10.2221 -4.48326 31
-10.025 -4.4385 31
-10.5817 -4.53732 31
-10.1156 -4.51392 31
-9.90029 -4.54506 31
-9.19749 -4.81348 31
-9.55408 -4.50698 31
-9.8212 -3.86624 31
-9.44591 -4.5924 31
-9.71403 -4.64883 31
-11.4511 -4.30331 31
-9.83736 -4.74899 31
-10.2936 -4.49325 31
-10.0671 -4.44707 31
-8.98868 -4.42367 31
-9.71008 -4.72218 31
-9.86987 -4.72518 31
-9.28561 -4.27392 31
-9.23843 -4.46773 31
-10.885 -4.192 31
-11.0949 -4.70035 31
-9.95457 -4.47935 31
-9.78884 -5.0847 31
-9.78592 -4.28808 31
-10.0914 -4.33611 31
-10.4883 -4.47679 31
-9.87466 -3.93037 31
-10.1849 -4.28765 31
-9.77243 -4.55652 31
-10.044 -5.04624 31
-10.7233 -4.70651 31
-10.1334 -4.5918 31
-10.6626 -4.52428 31
-9.91232 -4.25183 31
-10.2452 -5.08807 31
-10.2833 -4.30157 31
-10.6715 -4.42587 31
-9.72049 -4.97791 31
-9.43063 -5.39827 31
-10.5878 -4.59043 31
-10.594 -4.36529 31
-8.91325 -4.6503 31
-10.0561 -4.4029 31
-10.4162 -3.97877 31
-9.84245 -4.21898 31
-9.52262 -4.32562 31
-9.14359 -4.47896 31
-10.2792 -4.41642 31
-10.125 -3.95241 31
-10.2037 -4.36336 31
-9.72214 -4.46123 31
-9.98497 -4.19978 31
-8.98002 -4.59973 31
-10.1452 -4.45748 31
-9.94684 -4.04802 31
-9.6236 -4.62365 31
-10.4481 -4.47691 31
-9.69841 -4.41784 31
-10.1165 -4.35643 31
-5.79348 6.95461 32
-6.34738 7.48568 32
-4.93712 6.43048 32
-5.11415 6.4324 32
-5.51521 6.97528 32
-4.93172 6.16271 32
-5.0283 6.47718 32
-4.80539 5.99106 32
-5.63757 6.89744 32
-5.84158 7.15457 32
-5.11835 6.44872 32
-6.40769 7.4931 32
-5.9275 7.21331 32
-5.80574 6.87104 32
-6.57785 7.76421 32
-5.3172 6.47638 32
-5.33739 6.57414 32
-5.79846 7.05712 32
-5.46766 6.54371 32
-5.12142 6.34807 32
-5.33465 6.89073 32
-6.25735 7.64306 32
-5.37538 6.56871 32
-5.55441 6.55949 32
-4.59784 5.82436 32
-5.36876 6.5449 32
-5.37424 6.63688 32
-5.77319 7.09263 32
-5.80982 7.05632 32
-4.93293 6.30234 32
-5.6845 6.90477 32
-5.9974 7.32948 32
-5.69296 6.85974 32
-5.25215 6.19672 32
-5.04619 6.40304 32
-6.82295 7.96402 32
-4.949 6.30835 32
-5.58922 6.74256 32
-5.56717 7.02526 32
-4.9519 6.32434 32
-5.06488 6.41674 32
-5.03235 6.35724 32
-5.23741 6.53552 32
-5.43251 6.75115 32
-5.73167 6.93894 32
-5.22968 6.47367 32
-5.0395 6.31956 32
-5.75098 6.8884 32
-4.85834 6.0262 32
-5.09325 6.52434 32
-5.00836 6.45484 32
-5.33983 6.56637 32
-5.28895 6.52902 32
-5.74761 6.98282 32
-5.38532 6.7255 32
-5.86559 7.03951 32
-4.72966 5.94936 32
-5.88609 7.07063 32
-5.09428 6.26365 32
-6.12251 7.24464 32
-6.27572 7.5994 32
-6.09219 7.32732 32
-5.1773 6.53553 32
-5.80587 7.10488 32
-5.98513 7.1821 32
-5.09745 6.60292 32
-5.57159 6.68989 32
-5.81804 7.13522 32
0.0113473 3.09 33
-0.213874 3.06344 33
1.54245 3.01397 33
-0.817747 2.54055 33
-2.21435 3.2786 33
1.92086 3.52089 33
-0.00662197 2.72545 33
0.204906 2.90166 33
1.57689 2.77035 33
0.554307 3.65911 33
0.282905 3.83722 33
-0.826577 3.57675 33
0.252698 3.38489 33
-0.76307 2.9698 33
1.08184 3.28951 33
0.0204264 3.1725 33
0.403479 2.87927 33
-0.590273 3.86731 33
2.67484 3.35962 33
1.78953 3.00024 33
1.82582 3.05724 33
0.698634 3.10011 33
1.1888 3.09681 33
0.276556 3.53387 33
0.705014 3.56216 33
0.254827 3.72431 33
-1.70852 3.3521 33
-0.655092 2.9701 33
2.22037 3.53572 33
1.9778 3.56183 33
2.15126 3.38785 33
1.86164 3.11583 33
1.19517 2.46581 33
-0.347947 2.76607 33
0.970245 3.20447 33
-0.469485 2.70349 33
0.0825391 3.12408 33
-0.817668 2.96688 33
1.17227 2.59158 33
1.62683 3.06601 33
0.791332 3.01945 33
2.64002 3.56904 33
0.140153 3.13606 33
2.06201 3.33221 33
3.15649 3.55583 33
1.50952 3.35624 33
0.372466 3.36756 33
-0.22593 3.67105 33
1.03376 2.95044 33
2.70904 3.14381 33
5.47172 -1.83415 34
4.93442 -1.92631 34
4.75681 -0.873941 34
4.43891 -1.41232 34
5.19041 -2.70207 34
4.39173 -2.05924 34
4.94623 -2.11375 34
4.49054 -1.96191 34
5.20063 -2.02898 34
4.46063 -2.13963 34
5.01976 -2.31236 34
4.78196 -1.76791 34
5.314 -1.31201 34
5.06199 -2.72003 34
3.75123 -2.16422 34
4.53477 -1.77904 34
4.84238 -1.91878 34
5.42448 -2.01578 34
4.56396 -1.15078 34
4.67957 -1.75475 34
4.38651 -1.86536 34
4.87247 -2.01772 34
4.9816 -2.27314 34
4.93442 -1.3018 34
5.35766 -2.22819 34
5.24608 -1.8141 34
4.44091 -1.87183 34
4.6392 -1.65884 34
5.02952 -2.72981 34
5.70854 -2.15481 34
3.85891 -1.64358 34
4.37051 -1.67828 34
4.62171 -1.58752 34
4.95978 -1.26028 34
-9.67878 8.82189 35
-9.60865 10.3523 35
-9.60622 10.4252 35
-9.88556 7.17733 35
-9.60058 9.56495 35
-9.74645 10.0565 35
-9.54894 10.9331 35
-9.65314 10.0043 35
-9.73537 9.63168 35
-9.6858 9.77852 35
-9.63564 8.92729 35
-9.73086 10.1299 35
-9.68093 10.6799 35
-9.96751 10.0536 35
-9.70207 9.74232 35
-9.69704 11.2456 35
-9.64689 9.78019 35
-9.53499 10.456 35
-9.77311 9.71036 35
-9.43234 9.13975 35
-9.57991 12.4242 35
-9.63578 9.04992 35
-9.6837 8.96206 35
-9.75005 10.4737 35
-9.6523 10.2331 35
-9.72059 9.44953 35
-9.80159 10.091 35
-9.73037 9.04487 35
-9.70524 9.15373 35
-9.56795 10.7452 35
-9.66879 10.8378 35
-9.61541 8.62168 35
-9.65493 10.996 35
-9.61819 9.18441 35
-9.59595 10.6953 35
-9.79299 8.70136 35
-9.64265 9.94411 35
-9.58633 9.49479 35
-9.54574 11.5981 35
-9.79591 10.0211 35
-9.7015 10.2109 35
-9.76731 9.45311 35
-9.66986 8.69366 35
-9.68703 11.8344 35
-9.64515 7.10586 35
-9.79386 6.87658 35
-9.66825 11.8879 35
-9.69123 10.0951 35
-9.56534 9.7967 35
-9.59139 10.113 35
-9.64915 7.19158 35
-9.58126 9.63374 35
-9.63748 8.81158 35
-9.61629 11.5648 35
-9.69072 9.90761 35
-9.75222 8.93605 35
-9.74026 10.7029 35
-9.66202 9.34812 35
-9.76128 9.70319 35
-9.86016 11.4279 35
-9.6191 11.2849 35
-9.57713 9.1817 35
-9.58956 9.07981 35
-9.78929 10.6477 35
-9.71956 11.1345 35
-9.72724 10.4044 35
-9.67018 10.3258 35
-9.68985 11.2487 35
-9.74248 9.23636 35
-9.75077 8.7439 35
-9.4029 10.1967 35
-9.69895 8.36302 35
-9.71187 10.1561 35
-9.68848 9.29307 35
-9.62956 10.4625 35
-9.68004 10.1594 35
-9.94153 8.65113 35
-9.86094 7.86605 35
-9.77896 11.5413 35
-9.71589 9.60602 35
-9.53908 9.18695 35
5.22166 5.37816 36
4.82504 4.57549 36
4.14023 5.18804 36
5.10134 5.37369 36
4.60618 5.54588 36
4.46028 6.47535 36
5.08049 5.62146 36
5.04631 5.97982 36
4.82058 3.27099 36
3.62662 5.78016 36
5.18667 4.92902 36
5.05998 4.93958 36
4.4015 5.20671 36
4.36025 4.8444 36
5.29219 5.12452 36
4.1945 4.77567 36
4.86645 4.28813 36
4.60832 4.71214 36
4.75482 6.05869 36
4.44836 5.21137 36
4.6222 4.64799 36
4.16906 5.20874 36
4.18421 5.36023 36
5.01398 4.42303 36
4.09311 3.91223 36
4.31252 6.22145 36
1.70319 6.1152 37
1.35467 5.21001 37
1.6673 5.98502 37
1.52695 5.59178 37
1.52689 5.55588 37
1.86839 6.09233 37
1.6314 5.68085 37
1.39527 5.50453 37
1.42115 5.80473 37
1.98461 6.16981 37
1.28493 5.81435 37
1.87282 5.97874 37
1.3114 5.70353 37
1.42599 5.82047 37
1.87244 6.0519 37
1.52369 5.63101 37
2.07432 6.06157 37
1.27266 5.64529 37
2.02545 6.04466 37
1.65597 6.051 37
1.77984 6.17094 37
1.93819 6.15524 37
1.29921 5.47054 37
1.51838 6.1197 37
1.69098 6.1807 37
1.60912 5.76633 37
1.48707 6.0279 37
1.32744 5.8616 37
1.88108 6.20075 37
1.73648 6.36 37
1.46419 6.07911 37
1.53198 5.79383 37
1.40935 5.45046 37
1.16634 5.38746 37
1.75511 6.26982 37
1.22498 5.7357 37
1.5462 6.0074 37
1.39435 5.69172 37
1.83845 6.05646 37
1.92201 6.09114 37
1.9872 6.12026 37
1.7704 5.71974 37
2.28207 5.96736 37
1.42571 6.09078 37
0.805975 5.47029 37
2.08474 6.27097 37
1.24254 5.72727 37
1.59201 5.9946 37
1.63365 5.64511 37
1.37097 5.77847 37
1.44492 5.58051 37
1.51894 5.73817 37
2.11024 6.22011 37
1.68188 6.08112 37
1.39663 5.67892 37
1.64 5.73068 37
1.73953 5.70226 37
1.50149 5.55275 37
1.62546 5.59057 37
1.60564 5.83883 37
1.45523 5.67215 37
1.51559 5.51691 37
1.66586 5.68615 37
1.96807 5.85171 37
1.17797 5.57824 37
1.82196 5.8404 37
1.72697 6.165 37
1.76313 6.28957 37
1.66183 6.05276 37
1.79489 5.73771 37
1.52069 5.83891 37
1.80388 5.88686 37
1.51326 6.02577 37
1.79552 5.78796 37
1.84856 5.89432 37
1.59596 5.8883 37
1.33866 5.40235 37
1.86592 5.98854 37
1.62425 5.73649 37
1.69337 5.88163 37
1.57257 5.82655 37
1.9747 6.17235 37
1.72289 5.51938 37
1.65329 5.63285 37
-3.70488 -6.47526 38
-3.52592 -6.4251 38
-2.50869 -7.62174 38
-2.63097 -7.31634 38
-2.06131 -7.45594 38
-1.7257 -7.58596 38
-2.1698 -7.3441 38
-2.71716 -7.54928 38
-1.73635 -8.67687 38
-2.07785 -7.31407 38
-2.65765 -7.8764 38
-2.79732 -6.86655 38
-2.85391 -6.73458 38
-2.94385 -7.00441 38
-2.77269 -7.45848 38
-2.88227 -7.20323 38
-2.17961 -8.11298 38
-3.03389 -6.74534 38
-3.0109 -6.83887 38
-3.36881 -6.685 38
-1.9694 -7.42962 38
-1.90739 -7.68503 38
-1.92591 -7.79849 38
-2.70294 -7.63139 38
-1.92937 -7.75793 38
-1.9252 -7.86512 38
-2.54579 -7.17743 38
-1.93205 -8.05558 38
-1.80044 -8.28401 38
-3.26791 -7.15387 38
-2.51548 -7.74004 38
-2.20046 -7.42536 38
-2.74869 -7.0541 38
-2.92173 -7.0114 38
-1.88989 -8.03618 38
-2.51912 -7.77611 38
-2.15246 -7.44828 38
-1.80004 -8.24178 38
-1.90891 -7.98911 38
-1.80055 -7.78409 38
-2.32552 -7.3391 38
-2.81108 -7.08461 38
-2.30377 -7.26709 38
-3.22863 -6.77107 38
-3.21327 -6.37918 38
-1.96816 -7.95609 38
-1.75316 -8.11188 38
-2.59677 -7.07785 38
-2.4729 -7.29985 38
-2.80323 -7.1306 38
-2.0066 -7.19553 38
3.80998 -9.77941 39
3.48655 -10.3721 39
3.67264 -10.3032 39
3.76487 -10.1076 39
3.39523 -10.2675 39
3.15176 -8.43413 39
4.12767 -9.34526 39
3.3994 -9.36115 39
3.87841 -9.48545 39
3.84265 -8.85175 39
3.55095 -9.13022 39
3.89428 -8.56466 39
3.78735 -10.9147 39
4.02574 -9.0955 39
3.37639 -9.87819 39
3.83648 -9.52465 39
3.65347 -10.6766 39
3.65642 -8.46645 39
3.39906 -9.72292 39
3.47135 -9.50613 39
3.64669 -10.1146 39
3.79613 -9.51275 39
3.43947 -10.1911 39
3.78703 -9.09964 39
