-3.83303 -3.95009 0
-3.15439 -3.63294 0
-3.79529 -2.43055 0
-2.14105 -5.06254 0
-4.59048 -5.17475 0
-3.48223 -7.21661 0
-1.54765 -3.255 0
-1.44749 -5.87783 0
-1.83071 -3.59837 0
-3.04671 -4.53082 0
-4.42174 -2.86618 0
-4.2589 -3.49078 0
-4.03358 -4.05481 0
-4.49917 -3.97378 0
-2.80629 -4.73489 0
-2.27495 -4.20941 0
-2.9952 -3.00994 0
-2.27647 -5.3872 0
-4.30968 -2.48561 0
-4.24749 -2.77835 0
-4.31161 -4.13062 0
-3.78158 -3.17829 0
-3.71704 -3.25873 0
-2.61973 -4.43285 0
-1.67605 -4.96847 0
-3.69937 -3.80188 0
-2.16026 -3.02141 0
-3.56387 -3.32052 0
-2.45571 -2.71099 0
-2.90732 -5.85434 0
-3.34609 -2.75991 0
-2.70752 -2.76056 0
-3.70722 -4.82536 0
-2.22208 -6.49764 0
-2.27245 -2.45339 0
-3.70052 -4.22567 0
-2.24532 -4.20483 0
-4.34563 -3.31311 0
-2.12904 -2.98082 0
-4.9282 -4.40467 0
-3.88347 -3.00388 0
-2.08985 -1.79899 0
-0.627465 -6.24717 0
-3.67742 -4.06561 0
-3.80796 -5.05961 0
-3.26628 -2.16024 0
-3.89613 -2.99485 0
-3.59724 -1.11576 0
-2.36705 -3.11148 0
-2.22898 -5.3492 0
-0.86022 -3.8142 0
-3.68679 -4.31698 0
-0.783303 -4.53432 0
-1.36426 -3.90983 0
-4.50295 -4.29119 0
-2.23865 -3.82049 0
-3.37955 -5.32205 0
-3.36732 -3.0338 0
-3.25007 -5.50315 0
-3.55528 -4.03912 0
-3.29402 -3.08913 0
-3.66752 -5.01778 0
-2.86865 -5.87174 0
-5.40618 -3.51042 0
-4.80057 -4.06371 0
-4.9029 -6.05037 0
-3.08358 -4.2807 0
-2.53794 -5.00951 0
-0.694094 -5.77226 0
-4.17937 -7.01073 0
-4.1885 -2.33849 0
-2.08706 -5.08276 0
-3.84957 -1.90205 0
-0.752351 -5.29643 0
-3.20253 -5.76453 0
-4.88671 -3.77428 0
-3.54585 -6.02211 0
-1.65379 -4.05459 0
-1.24924 -6.80812 0
-4.98182 -4.46076 0
-1.87154 -4.31996 0
-2.3476 -3.99974 0
-4.34636 -4.45751 0
-4.05877 -2.73387 0
-4.10916 -3.5473 0
-3.52955 -5.20041 0
-5.22563 -3.79813 0
-3.07138 -6.5108 0
-1.97887 -4.87584 0
-2.8966 -5.00771 0
-3.37258 -2.1968 0
-4.01555 -4.27832 0
-2.96174 -4.66023 0
-4.21397 -6.06593 0
7.25899 -2.95983 1
7.06055 -1.58393 1
2.8141 -0.33796 1
6.82414 -2.06085 1
6.56453 -1.72867 1
6.9262 -2.12516 1
9.36755 -2.28239 1
7.22484 -3.78973 1
9.04241 -1.99153 1
6.90101 -2.27927 1
3.86507 -0.348469 1
10.1342 -2.83899 1
4.46622 -0.9816 1
9.2771 -2.10911 1
4.13373 -0.721245 1
7.74181 -1.90941 1
4.86193 -1.57274 1
7.86146 -2.10658 1
7.08185 -2.15718 1
10.2241 -2.65839 1
8.15704 -1.77191 1
7.79721 -1.91491 1
6.39953 -1.10082 1
8.04537 -4.25454 1
7.04299 -2.23969 1
6.72887 -1.17003 1
6.62679 -1.6172 1
9.00556 -2.67363 1
8.34342 -2.65819 1
9.06634 -2.68869 1
5.30217 -1.82012 1
-5.8748 1.56995 2
-6.72084 1.55255 2
-7.97482 2.03635 2
-5.62236 1.16684 2
-5.12695 2.25081 2
-4.60152 1.23793 2
-5.31121 1.15244 2
-6.44808 0.519093 2
-8.58058 2.44527 2
-6.30047 1.03537 2
-5.52771 0.564481 2
-6.08414 1.63781 2
-5.38929 0.727298 2
-6.61901 0.203956 2
-5.0818 1.67937 2
-8.0737 1.19188 2
-5.69505 0.594626 2
-5.6137 1.80392 2
-6.9221 -0.146341 2
-5.60296 2.291 2
-8.41739 1.09571 2
-7.81648 2.00092 2
-6.9163 0.762149 2
-7.16873 1.65647 2
-6.53285 0.909795 2
-7.35865 1.25798 2
-6.71288 0.785567 2
-6.37017 0.865668 2
-5.55597 2.4994 2
-6.51166 3.11324 2
-6.60091 1.14008 2
-5.85184 1.61124 2
-6.49372 0.484166 2
-6.2862 1.19713 2
-5.15234 0.728318 2
-7.24919 1.15356 2
-4.36166 2.01529 2
-6.60879 1.41763 2
-7.12935 0.962801 2
-5.59241 2.35147 2
-5.09434 2.38809 2
-4.77957 1.74619 2
-4.10425 2.22882 2
-6.62312 0.497822 2
-6.53173 1.96338 2
-4.64154 2.43741 2
-6.91449 0.445903 2
-5.57732 2.25502 2
-6.98081 1.39269 2
-5.86425 0.970058 2
-5.81922 1.5321 2
-6.60302 1.57422 2
-7.02859 1.26523 2
-5.86439 1.55435 2
-6.12752 0.805856 2
-4.44661 2.99515 2
-7.13919 -0.602 2
-6.14328 1.21371 2
-6.88909 1.32517 2
-4.58725 0.817378 2
-6.82793 1.16973 2
-4.75583 0.803122 2
-7.13288 0.488422 2
-4.74322 1.00559 2
-6.38805 -0.0198955 2
-3.61474 1.11244 2
-6.94079 2.02665 2
-6.65967 1.36623 2
-7.19521 0.9599 2
-5.42759 1.4917 2
-4.44249 1.96943 2
-6.34487 0.965355 2
-5.60079 2.60863 2
-5.57499 1.59837 2
-7.67681 1.36534 2
-4.88729 1.49063 2
-6.29816 1.09176 2
-4.19187 1.89787 2
-5.03731 1.7227 2
-4.72612 2.46838 2
-7.06724 1.9659 2
-4.83991 1.79223 2
-6.47761 1.59952 2
-6.35625 1.9654 2
-6.81498 1.01978 2
-7.71602 1.73943 2
-6.5128 1.16721 2
-6.01324 0.25762 2
-6.19854 0.448073 2
-7.51932 1.62012 2
-4.56361 2.0938 2
-7.38687 0.36011 2
-6.79232 1.59027 2
-5.5038 3.67777 2
-5.92938 1.50146 2
-5.42911 0.829092 2
-5.22115 2.42982 2
-5.20669 0.766245 2
-4.77044 1.24872 2
-7.09694 1.10206 2
-6.09307 1.90957 2
-7.71551 1.9596 2
-6.94498 0.421172 2
-4.3798 1.26989 2
-4.92406 0.402861 2
-6.35494 1.58011 2
-5.81087 0.721345 2
-7.87946 1.06608 2
-7.32189 2.58132 2
-4.71535 8.03918 3
-6.85503 8.77581 3
-6.4318 7.88144 3
-7.09807 7.86427 3
-6.33414 9.58313 3
-6.84811 8.22695 3
-6.48249 8.41432 3
-5.4981 9.7976 3
-6.87067 7.93948 3
-5.89412 9.2479 3
-4.81552 10.8467 3
-5.72139 8.60204 3
-6.80848 7.57391 3
-5.41936 8.17471 3
-6.78458 7.75126 3
-5.82365 7.97072 3
-7.37358 5.46679 3
-5.79377 8.83376 3
-6.28135 8.57507 3
-7.5689 5.7949 3
-6.55921 7.03096 3
-5.78156 8.34153 3
-6.6887 6.65841 3
-8.03068 8.5511 3
-3.7156 9.78769 3
-6.66533 7.94798 3
-6.5676 10.1195 3
-7.45043 9.83177 3
-6.11265 7.29089 3
-5.03299 10.8218 3
-6.73071 9.67183 3
-6.69601 6.63641 3
-5.84231 9.35013 3
-5.61148 7.47648 3
-4.88388 10.2374 3
-5.71917 7.79199 3
-5.16616 9.75064 3
-6.75008 8.13932 3
-6.45363 9.95968 3
-6.57103 8.03705 3
-7.9039 -7.96794 4
-8.51333 -7.50634 4
-8.26539 -6.97336 4
-8.28935 -7.64133 4
-9.9238 -6.12207 4
-7.95514 -5.73592 4
-9.57394 -8.25346 4
-8.74242 -7.67344 4
-8.49963 -9.55792 4
-9.32213 -6.39081 4
-8.79735 -6.51257 4
-8.92779 -6.79077 4
-7.47389 -7.57755 4
-8.53768 -9.14546 4
-8.68322 -8.19673 4
-9.04304 -6.84761 4
-8.00859 -7.17519 4
-8.80726 -6.6403 4
-8.13209 -7.62906 4
-9.20676 -8.05016 4
-9.18558 -6.38103 4
-8.35349 -6.40499 4
-9.5726 -6.97997 4
-10.0258 -7.84202 4
-8.06359 -8.54414 4
-7.4579 -8.46101 4
-7.71705 -8.67918 4
-9.4271 -9.45672 4
-9.00536 -7.39361 4
-7.8035 -7.73412 4
-8.68546 -5.62413 4
-7.76359 -8.0979 4
4.69507 8.24018 5
4.21928 7.49163 5
3.82179 7.06783 5
4.30497 6.15154 5
4.97952 6.99808 5
4.4381 6.12821 5
4.40256 7.76568 5
5.34986 9.50114 5
5.31912 7.48738 5
3.25761 8.3456 5
4.61825 6.89879 5
5.22685 8.75655 5
3.6036 6.41322 5
5.57309 8.53164 5
5.30157 9.24103 5
4.09762 5.64606 5
4.91225 5.97993 5
4.05457 8.22703 5
4.86962 8.04305 5
4.4007 9.30314 5
4.22503 9.65904 5
3.99527 5.97415 5
3.74351 6.57939 5
5.5629 7.56328 5
4.73342 8.8167 5
4.72795 9.38406 5
5.02012 8.85727 5
4.69109 7.343 5
3.90808 7.98822 5
4.73735 8.24465 5
4.13193 7.2373 5
3.25267 5.98468 5
4.34719 8.06938 5
5.52033 8.57148 5
3.61387 7.23925 5
4.85064 5.45364 5
5.17926 7.9837 5
3.45075 6.00734 5
4.13567 9.69624 5
4.99376 6.88925 5
4.0572 6.5079 5
3.52657 6.27502 5
5.21931 9.48831 5
5.01795 8.98212 5
4.96519 6.58072 5
2.75714 7.31776 5
6.0273 7.85519 5
3.49898 4.59475 5
4.79336 9.67778 5
4.37462 6.91232 5
5.14324 8.2163 5
5.07066 7.50633 5
4.19111 6.92504 5
3.95184 8.13668 5
3.94578 7.11326 5
4.76396 8.97541 5
5.26842 9.41318 5
5.64822 7.80715 5
3.79933 7.83253 5
4.40269 6.80976 5
4.71161 6.3164 5
4.55603 6.69416 5
4.37445 8.76925 5
6.94551 6.13158 5
3.8392 6.97621 5
3.96178 7.10472 5
4.13514 7.08151 5
5.12378 8.66301 5
5.01021 7.81377 5
4.78267 5.93375 5
5.05968 8.92346 5
2.79339 5.97651 5
5.41742 7.95356 5
3.47316 8.41942 5
6.5014 7.81255 5
5.29295 7.62288 5
6.27148 7.62083 5
3.64316 7.98825 5
3.98942 8.3525 5
3.17083 6.58079 5
4.90108 7.24873 5
4.8502 8.98165 5
3.68044 7.31858 5
4.31308 8.08506 5
2.19354 -5.17461 6
5.64414 -3.92872 6
4.20861 -5.78613 6
5.5358 -4.65666 6
4.06501 -4.46408 6
3.16825 -4.56128 6
3.14919 -5.43574 6
4.28471 -4.41328 6
3.34929 -4.23164 6
2.73789 -5.12279 6
5.04466 -5.66565 6
4.28957 -6.3062 6
4.86547 -4.64864 6
5.14548 -4.32978 6
6.15968 -5.19292 6
4.78716 -4.57549 6
4.21746 -5.3169 6
5.25486 -4.70372 6
5.48558 -5.22186 6
3.32832 -5.34867 6
3.78825 -5.57307 6
4.0689 -3.74673 6
4.24526 -5.04371 6
5.58545 -3.22851 6
3.7819 -6.62313 6
2.87062 -5.09611 6
3.63173 -4.85819 6
4.30913 -4.33305 6
3.45135 -3.94807 6
3.73025 -5.70605 6
4.35979 -4.52347 6
4.42978 -5.73523 6
5.82923 -3.46249 6
4.64669 -5.76872 6
3.15244 -4.19463 6
5.95798 -5.65111 6
3.97336 -4.39949 6
3.67172 -3.65485 6
5.01166 -5.19511 6
3.75906 -5.99551 6
6.30945 -5.90478 6
3.08707 -5.42505 6
5.5005 -4.89827 6
5.70565 -3.76506 6
3.14096 -4.68769 6
5.29172 -5.15935 6
4.5385 -5.31039 6
4.06355 -4.23429 6
6.40956 -5.84249 6
4.10486 -5.87962 6
4.16283 -5.24215 6
-2.27934 5.6506 7
-2.89049 5.14753 7
-2.36209 5.35057 7
-2.01245 4.83166 7
-2.68824 5.56366 7
-1.98716 5.27666 7
-2.16188 5.33354 7
-2.049 5.15522 7
-2.3272 5.19426 7
-4.17056 5.25379 7
-3.6578 5.46754 7
-2.72339 5.81518 7
-2.88778 5.39517 7
-2.84592 4.96812 7
-3.41558 4.80037 7
-3.48385 5.05549 7
-1.34851 4.86827 7
-2.85669 4.8893 7
-3.16624 5.46498 7
-1.3916 5.03486 7
-2.81981 4.99405 7
-2.29803 4.94214 7
-1.90281 5.21746 7
-3.78028 5.57487 7
-1.93178 5.56481 7
-3.00688 4.93855 7
-3.09115 5.30653 7
-2.12538 5.51392 7
-3.64156 5.71728 7
-2.94 5.17333 7
-1.72756 5.3719 7
-2.43751 4.78538 7
-1.39596 5.38909 7
-1.98812 4.75213 7
-3.65515 5.41325 7
-2.22666 5.86947 7
-2.72109 4.81857 7
-4.26904 5.59873 7
-2.35325 5.52639 7
-1.44884 5.54403 7
-3.15813 5.3027 7
-1.8746 4.9153 7
-2.50809 5.34513 7
-2.93308 4.13296 7
-1.52106 5.38304 7
-2.56881 5.1734 7
-2.28832 5.39238 7
-1.99477 5.33971 7
-1.54817 5.58281 7
-3.50402 5.11251 7
-1.52746 5.17344 7
-2.37993 5.44985 7
-3.16287 5.30966 7
-2.0575 5.0619 7
-2.2712 5.46093 7
-2.47207 5.39836 7
-2.44152 5.25633 7
-8.58575 -4.92356 8
-9.61882 -5.03182 8
-9.59042 -5.05752 8
-9.22064 -5.2207 8
-9.8097 -5.03532 8
-8.77667 -5.22733 8
-8.98585 -5.39222 8
-9.17724 -5.21261 8
-10.2101 -4.89727 8
-9.68369 -4.77585 8
-9.7026 -4.92886 8
-9.50164 -4.63201 8
-8.37742 -5.05814 8
-9.38989 -4.65646 8
-9.40678 -4.99323 8
-9.0191 -5.07768 8
-8.4695 -5.06227 8
-9.12036 -4.75695 8
-8.98434 -4.71859 8
-8.52595 -5.27791 8
-8.47782 -5.20458 8
-9.67557 -5.25282 8
-9.33546 -5.21466 8
-9.3036 -5.24736 8
-9.79597 -4.76919 8
9.11035 -7.95331 9
10.2171 -8.16638 9
8.72766 -10.174 9
12.407 -6.34119 9
10.7336 -7.09782 9
11.3969 -7.67655 9
9.2838 -8.27503 9
7.50604 -9.67958 9
10.0271 -9.22856 9
9.5824 -9.74709 9
10.4318 -7.73852 9
7.88422 -10.5944 9
11.2629 -7.36888 9
9.48673 -9.01337 9
9.44983 -10.4519 9
10.7452 -7.31148 9
9.67271 -8.37544 9
10.1032 -7.55027 9
10.4383 -6.52784 9
9.89768 -8.15881 9
9.66715 -9.73141 9
10.0011 -7.09526 9
9.28676 -8.99501 9
9.59608 -9.49387 9
10.2227 -9.24886 9
9.60083 -7.06659 9
9.88507 -9.66138 9
8.26726 -9.16377 9
10.6979 -7.94879 9
9.5122 -9.22547 9
9.72657 -9.00066 9
10.2259 -8.90289 9
9.32068 -7.49951 9
10.7322 -8.18549 9
9.8025 -8.09714 9
9.20931 -10.1109 9
10.8489 -7.61792 9
10.1364 -7.69388 9
9.52413 -8.59126 9
10.1499 -8.53774 9
9.27382 -9.35957 9
9.92801 -8.82914 9
8.99235 -9.77434 9
10.5047 -7.33175 9
9.58784 -8.38401 9
9.86468 -9.20315 9
8.70986 -10.5473 9
10.4515 -8.11982 9
8.94209 -8.2322 9
8.91447 -10.0708 9
9.13264 -8.56863 9
9.60977 -8.52185 9
10.8187 -7.05639 9
10.0715 -6.60252 9
9.91199 -9.04899 9
10.3421 -8.15659 9
9.98104 -7.47217 9
9.7799 -8.73657 9
9.64832 -8.93537 9
10.4776 -6.21811 9
8.59626 -9.73121 9
9.95999 -8.1243 9
9.76258 -8.29611 9
9.75145 -9.69821 9
10.213 -9.23871 9
10.8274 -8.33021 9
8.61858 -10.6256 9
9.35429 -9.32153 9
10.4681 -8.41251 9
10.6736 -8.83818 9
9.25226 -8.87904 9
9.72213 -9.67293 9
9.26441 -8.76286 9
9.97338 -8.22322 9
8.47406 -11.3559 9
8.56204 -10.1583 9
8.1057 -10.1195 9
8.37855 -9.88787 9
8.60021 -9.85965 9
9.96052 -8.41727 9
10.211 -8.36624 9
10.0951 -7.95254 9
10.0894 -7.82145 9
10.0532 -7.85198 9
9.46931 -10.0312 9
9.57611 -9.82766 9
10.7123 -9.10323 9
-9.47907 6.62846 10
-9.58874 6.60926 10
-9.45113 6.62883 10
-9.9953 5.77009 10
-9.38073 6.42083 10
-10.0267 6.09813 10
-9.9791 5.94336 10
-9.85327 5.52295 10
-9.1985 7.13462 10
-10.2108 7.65835 10
-9.81025 7.98278 10
-5.02034 -9.04307 11
-6.03581 -9.20188 11
-4.472 -7.04708 11
-5.75329 -9.28795 11
-6.32431 -10.1317 11
-5.67647 -9.11335 11
-6.87696 -10.151 11
-6.19548 -9.47031 11
-5.49326 -8.39896 11
-4.56419 -7.65077 11
-7.01483 -10.2828 11
-6.00165 -9.39862 11
-6.34973 -9.48232 11
-6.16616 -9.78023 11
-5.88089 -9.31752 11
-5.23215 -8.57457 11
-6.08434 -9.51899 11
-6.03546 -8.93952 11
-6.40434 -10.045 11
-5.11608 -8.5766 11
-5.55201 -8.39675 11
-5.12312 -8.26667 11
-5.19694 -8.84713 11
-6.29397 -9.96911 11
-5.1109 -8.95224 11
-4.43294 -7.21951 11
-6.28593 -9.02498 11
-5.27345 -8.98495 11
-5.51351 -8.58493 11
-5.3733 -8.9691 11
-5.73866 -8.8369 11
-4.61468 -7.85705 11
-5.20653 -8.22573 11
-5.98329 -8.79197 11
-5.6168 -8.63973 11
-7.2076 -9.76714 11
5.5348 2.03134 12
7.04303 2.0377 12
5.59884 1.32232 12
6.76063 1.1511 12
6.00725 1.9169 12
7.48418 2.38996 12
7.09594 1.76952 12
7.08912 2.25468 12
6.11959 2.76722 12
7.48516 2.06233 12
8.24643 3.6628 12
5.74372 0.851959 12
5.67691 2.02911 12
7.87541 2.68486 12
7.0717 2.18021 12
5.8019 1.29165 12
6.06861 0.166372 12
7.32905 2.92602 12
6.1984 2.77678 12
8.6342 3.09942 12
6.82736 3.60203 12
6.0463 2.29296 12
7.05137 2.10629 12
7.23902 1.96564 12
5.88825 0.848513 12
6.31658 2.33852 12
7.14049 3.48763 12
6.1517 1.78608 12
8.02529 1.56437 12
5.47924 0.984477 12
5.13833 0.941543 12
6.53443 1.33516 12
5.34029 2.19804 12
4.69434 0.939303 12
6.32837 2.22482 12
7.80354 2.83211 12
6.88037 2.44531 12
6.2441 2.65791 12
4.73607 0.847965 12
6.15998 2.04351 12
8.09765 2.25833 12
5.25037 1.66762 12
3.45697 0.861398 12
9.22297 2.59089 12
5.36085 1.43881 12
5.90872 1.87351 12
6.61483 1.942 12
5.21561 1.954 12
7.67437 2.49065 12
6.45211 1.40171 12
6.18622 1.49102 12
7.15668 1.91107 12
7.85862 2.43778 12
5.47822 2.17077 12
7.00182 1.84425 12
7.6644 2.3419 12
5.86738 1.6956 12
8.03938 1.96882 12
5.72904 1.0902 12
5.57084 1.12745 12
8.20703 1.86819 12
1.70897 9.02874 13
0.582155 9.99956 13
0.997173 9.82189 13
1.66855 9.05176 13
1.11614 10.1682 13
1.53069 9.05323 13
1.12404 9.80183 13
1.98635 9.78505 13
1.0894 9.48492 13
1.20092 9.51906 13
1.17736 9.53538 13
2.0212 9.17978 13
1.83134 9.13552 13
1.11562 9.73301 13
0.801882 9.89721 13
1.29886 9.64818 13
2.34162 9.0593 13
1.71448 9.75361 13
2.05189 9.06304 13
1.05808 9.98138 13
0.998175 9.83971 13
0.90817 9.89028 13
1.82617 9.16473 13
1.95489 9.3215 13
2.27535 9.63493 13
1.23393 10.0597 13
2.00052 9.27255 13
1.80423 9.32696 13
1.16234 9.97582 13
1.1486 9.68876 13
1.14977 9.31118 13
1.11176 10.01 13
1.0373 9.72019 13
1.69031 9.61093 13
1.78699 9.3721 13
1.53967 9.89733 13
1.40152 9.75928 13
1.83484 9.29179 13
1.15583 9.58189 13
1.52554 10.0133 13
1.67261 9.82843 13
0.997816 9.56622 13
1.13019 9.71435 13
1.18386 9.63852 13
1.14463 9.79695 13
1.3893 9.80375 13
1.84851 9.29888 13
1.03485 9.70088 13
2.01873 9.45027 13
0.803088 9.8823 13
1.34612 9.90875 13
0.913008 9.89061 13
1.43087 9.54834 13
2.15958 8.72516 13
1.36286 9.09652 13
2.06907 9.12469 13
1.65982 9.39558 13
0.934847 9.89465 13
3.50854 4.99014 14
2.75612 4.9481 14
2.6128 5.29947 14
3.83543 5.09476 14
2.51198 4.97506 14
2.41972 5.04012 14
3.15467 4.9426 14
3.54454 4.8512 14
3.90163 5.02419 14
2.42267 5.0661 14
2.09405 4.81592 14
2.9519 4.9592 14
3.5293 5.18603 14
3.51026 5.00653 14
2.58021 4.99374 14
3.03985 4.94876 14
3.05325 4.85849 14
3.65858 5.03023 14
3.58753 5.11792 14
3.82128 5.00317 14
3.90288 5.25568 14
3.23087 5.13189 14
3.28769 4.87422 14
3.44361 5.17912 14
3.04405 4.95228 14
3.3136 5.02205 14
3.47542 4.93915 14
2.3072 5.03905 14
3.60383 4.88664 14
3.02406 4.87904 14
2.55454 5.10397 14
3.2982 4.94535 14
2.86569 4.94716 14
3.1392 4.92568 14
3.57777 5.06606 14
3.75737 4.96629 14
2.96543 5.08071 14
2.42381 4.98025 14
2.77363 4.98128 14
3.39683 5.03771 14
3.08128 5.12492 14
3.27424 5.11983 14
2.81989 5.06111 14
2.59004 5.0834 14
3.29093 5.08126 14
3.22707 5.04321 14
3.73492 4.99568 14
3.36937 5.26315 14
3.63049 4.9268 14
3.38054 4.87142 14
4.01615 4.93018 14
2.47948 4.95398 14
2.98354 4.97543 14
2.17904 4.96442 14
3.48357 4.86395 14
2.20182 5.03511 14
3.92819 5.13124 14
2.87371 4.88831 14
2.17459 5.07482 14
4.88063 5.06717 14
3.14306 5.04348 14
4.31488 5.11045 14
2.84233 5.037 14
3.0533 5.01559 14
2.86083 5.03599 14
3.1721 4.76382 14
4.45652 4.98973 14
3.07196 5.16009 14
3.90537 4.97535 14
2.71521 4.95371 14
3.60316 4.92799 14
3.51307 4.97617 14
3.40235 5.02069 14
2.66457 4.97768 14
3.77497 4.97705 14
3.69263 5.19978 14
4.21498 4.93288 14
2.76514 5.1092 14
3.21449 4.92194 14
3.67302 4.94339 14
3.86277 4.94109 14
3.87346 4.89946 14
3.2913 5.11906 14
3.67331 4.95228 14
3.72935 5.13033 14
2.73123 4.83618 14
3.44944 4.93036 14
3.5861 4.8987 14
3.14522 5.14682 14
2.9775 5.00558 14
4.77366 5.07091 14
7.26679 6.56725 15
8.83613 5.19302 15
8.74508 5.0818 15
8.2949 5.75903 15
8.31334 5.29242 15
7.93106 7.62012 15
8.85905 5.80711 15
8.25462 6.39023 15
8.6573 5.95629 15
8.04075 7.29228 15
8.34817 5.45802 15
8.16243 5.02437 15
8.27464 4.78899 15
8.33682 6.36767 15
8.37124 6.238 15
8.50557 5.68049 15
7.79434 6.74474 15
8.85804 5.07978 15
8.53614 5.33093 15
8.2466 5.17963 15
8.53548 6.43726 15
8.95278 6.65522 15
8.36502 4.32697 15
9.15094 5.28881 15
7.75424 5.96537 15
8.53202 4.66931 15
8.34094 7.69642 15
8.28063 4.5384 15
7.98495 5.49846 15
8.5833 5.69986 15
7.92426 5.70728 15
9.15344 5.44615 15
7.22363 6.29831 15
7.66009 6.9288 15
8.06432 5.75103 15
9.07164 4.22009 15
8.08625 6.12764 15
7.5952 6.64448 15
8.22938 5.71987 15
7.81196 6.59271 15
8.14091 4.90251 15
7.7557 5.23696 15
9.13199 5.25938 15
8.15411 5.78664 15
8.99075 4.63335 15
8.38228 6.71712 15
9.12599 4.75972 15
8.5432 5.80201 15
7.94613 5.68523 15
7.52485 6.45339 15
9.46659 4.30194 15
9.21229 5.11538 15
8.86912 4.56202 15
7.9939 5.18452 15
7.79005 6.18964 15
8.67646 4.87499 15
8.27665 4.20997 15
8.52206 5.70343 15
8.22919 6.75614 15
7.34885 8.00622 15
7.22686 7.17104 15
9.06916 4.08798 15
8.60686 5.72808 15
7.80336 6.66173 15
8.46192 5.9824 15
8.4684 6.36632 15
8.7008 4.97203 15
7.74765 6.18122 15
8.98813 4.02378 15
8.565 5.25083 15
9.6054 3.99749 15
8.12515 6.16855 15
8.56474 5.99791 15
7.93003 5.30696 15
8.27909 6.10252 15
8.30561 4.9385 15
9.06845 4.39041 15
7.36723 6.3081 15
9.8833 4.31734 15
8.53487 5.95645 15
8.68461 4.90677 15
9.01423 5.49678 15
8.66916 4.42709 15
8.82324 5.37064 15
7.81026 6.12804 15
8.28125 4.86767 15
8.88462 4.38601 15
8.60578 6.08344 15
9.14964 4.97651 15
8.8082 5.10422 15
8.16224 5.6028 15
7.83661 5.26417 15
8.59055 4.58717 15
8.30832 5.75875 15
8.6512 5.96158 15
3.17107 -9.19223 16
1.66766 -8.26582 16
2.41666 -7.59571 16
2.69212 -8.74609 16
1.08551 -6.95552 16
0.772804 -6.69811 16
1.21067 -8.01199 16
0.750627 -7.80958 16
1.65863 -8.58065 16
0.328333 -7.17016 16
-0.289261 -7.38366 16
0.309552 -6.31522 16
3.84638 -9.58794 16
0.883829 -8.07157 16
1.97549 -8.92598 16
1.3048 -7.36437 16
2.26091 -7.84321 16
0.173913 -6.80308 16
0.55434 -7.67314 16
2.13233 -7.97329 16
3.2929 -8.94302 16
1.01872 -7.9801 16
0.593413 -7.4362 16
2.57171 -8.69799 16
1.68637 -8.77681 16
0.562756 -7.21644 16
1.31793 -7.10365 16
1.94791 -7.84462 16
2.13479 -9.58748 16
1.31791 -8.59603 16
1.1459 -7.74544 16
1.87877 -7.78954 16
0.420354 -6.72729 16
1.43625 -8.04498 16
3.57453 -9.80175 16
0.877419 -7.49267 16
1.34404 -7.37561 16
2.73634 -8.55339 16
2.79295 -8.72367 16
2.23536 -7.93133 16
2.10968 -7.86596 16
0.937681 -8.46867 16
2.90238 -9.9543 16
0.414192 -7.1159 16
1.9153 -8.0423 16
2.737 -9.27787 16
3.07262 -8.84574 16
4.08098 -10.0939 16
1.20229 -7.843 16
2.81555 -10.042 16
1.98274 -9.99104 16
3.21787 -9.15313 16
1.94103 -9.10087 16
3.34814 -8.72284 16
2.37498 -7.63929 16
2.69261 -8.97909 16
-0.571331 -8.53648 17
-0.946594 -8.50544 17
-0.349242 -8.16285 17
-0.970347 -9.13454 17
-0.843709 -8.75549 17
-0.771978 -8.52409 17
-0.639128 -9.01601 17
-1.0291 -9.53619 17
-0.676766 -9.26264 17
-0.0698525 -9.59143 17
-0.57928 -8.13687 17
-0.912063 -9.59955 17
-0.435649 -8.33268 17
-0.644066 -8.66104 17
-1.19225 -9.20433 17
-0.715367 -8.8705 17
-0.844833 -8.86729 17
-0.578665 -8.58771 17
-0.316366 -8.66356 17
-0.584929 -9.56486 17
-0.745998 -8.74891 17
-0.88928 -8.5666 17
-0.729697 -8.4008 17
-1.07074 -9.33016 17
-0.656746 -9.13271 17
-0.176938 -8.83502 17
-0.896227 -8.924 17
-0.476796 -9.41368 17
-0.566315 -9.00455 17
-0.844774 -8.99441 17
-0.789204 -8.89385 17
-0.691657 -8.13363 17
-0.915261 -8.66199 17
-1.01003 -10.2985 17
-0.614962 -8.32526 17
-1.03888 -9.67146 17
-0.262379 -8.73323 17
-0.0236694 -8.38818 17
-0.873314 -9.22353 17
-0.65456 -8.35162 17
-0.6297 -9.93701 17
-0.705131 -9.6394 17
-0.95111 -9.17587 17
-0.896613 -8.42127 17
-0.754999 -8.15274 17
-1.00399 -9.59788 17
-0.544645 -8.58702 17
-0.437659 -9.13321 17
-1.0931 -9.36335 17
-0.0939465 -7.81432 17
-0.516231 -8.41046 17
-1.10439 -9.17168 17
-0.748893 -9.52618 17
-0.436442 -9.31967 17
0.0051489 -8.00164 17
-0.470769 -8.70978 17
-0.869187 -8.69959 17
1.21496 2.89486 18
2.27082 1.69541 18
0.941229 3.21555 18
1.60949 1.39162 18
1.03459 3.45903 18
1.16429 4.25097 18
2.09412 1.17295 18
1.11807 1.8629 18
1.90098 2.7704 18
2.96581 1.44263 18
2.43551 1.44863 18
1.73304 1.87913 18
1.43149 2.34606 18
1.85682 2.74708 18
2.0999 1.39451 18
0.87559 2.55835 18
1.52242 3.64877 18
1.33315 2.30852 18
1.30443 2.83948 18
1.64207 2.2636 18
1.58172 3.29393 18
1.29442 3.29821 18
1.21866 4.13436 18
1.17225 1.56811 18
0.3584 1.70985 18
1.44891 3.63945 18
1.07846 2.2389 18
1.46976 2.47042 18
1.46505 2.19131 18
0.33268 2.82718 18
1.83294 2.67927 18
0.695364 3.78132 18
1.35191 4.00541 18
0.697043 2.6518 18
1.0633 3.14865 18
2.12827 3.56159 18
2.32713 2.7588 18
0.649684 2.52751 18
1.50229 1.97156 18
0.743618 2.3205 18
8.88804 -7.11102 19
7.91028 -7.01625 19
8.5407 -7.28724 19
8.30559 -6.96061 19
9.09391 -7.15398 19
8.41257 -6.95165 19
9.0867 -7.24143 19
8.93966 -7.24408 19
8.71625 -7.1071 19
8.44039 -7.03987 19
9.14565 -7.02681 19
8.85413 -7.20673 19
8.2702 -7.0061 19
8.98516 -7.12198 19
8.97317 -7.09079 19
8.80682 -7.07136 19
8.87698 -7.23642 19
8.67274 -6.88367 19
8.10696 -6.82184 19
8.34389 -6.85891 19
9.05864 -7.04159 19
8.70422 -7.04996 19
8.29027 -7.06038 19
8.46005 -6.95296 19
9.01712 -7.0489 19
8.89798 -7.15927 19
9.00055 -7.09916 19
8.37938 -7.03296 19
8.41218 -7.08606 19
8.48452 -7.13339 19
9.12718 -7.10639 19
9.08087 -6.98135 19
7.71332 -6.75988 19
-5.50938 2.95614 20
-5.16045 3.42434 20
-5.87408 2.83229 20
-5.78544 2.96612 20
-4.92535 3.47659 20
-5.54661 2.84541 20
-5.14009 3.26878 20
-4.82899 3.32371 20
-5.63469 3.00234 20
-5.49175 2.92492 20
-5.58002 2.83038 20
-5.1339 3.46471 20
-1.7576 6.79824 21
-0.881843 6.78201 21
-0.778708 6.88523 21
-1.13622 6.77741 21
-0.664123 6.86196 21
-1.79019 6.64327 21
-0.725351 6.87984 21
-0.875802 6.66746 21
-1.04104 6.92243 21
-1.18527 6.88599 21
-1.04442 6.74421 21
-1.27077 6.57661 21
-1.24624 6.7333 21
-0.849558 6.83413 21
-1.40429 6.86243 21
-1.0462 6.7706 21
-0.625532 6.6948 21
-1.4677 7.03415 21
-1.48646 6.6839 21
-0.853589 6.90079 21
-1.0203 6.955 21
-1.30981 6.97503 21
-1.21496 6.69818 21
-1.13873 6.8519 21
-1.10545 6.81188 21
-1.40536 6.87986 21
-0.651274 6.70036 21
-0.845384 6.72763 21
-0.58215 6.81945 21
-1.31381 6.86413 21
-1.03058 6.78061 21
-0.950048 6.72961 21
-1.03849 6.70205 21
-1.20462 6.55794 21
-0.773085 6.62759 21
-1.25652 6.70812 21
-1.18069 6.60035 21
-0.589367 6.50236 21
-1.2678 6.92647 21
-0.0294721 6.60802 21
-1.56067 6.90132 21
-1.01061 6.69547 21
-0.99838 6.89498 21
-0.956488 6.66963 21
-0.995161 6.7075 21
-0.779807 6.84897 21
-0.818012 7.04091 21
-0.355369 6.83086 21
-0.382254 6.76807 21
-1.34762 6.91499 21
-1.69973 6.89916 21
-0.956301 7.00823 21
-1.58655 6.70198 21
-0.407189 6.90055 21
-0.683913 6.8204 21
-0.844822 6.74155 21
-0.626799 6.86152 21
-1.07461 6.8022 21
-0.962683 6.93367 21
-0.852509 7.0478 21
-1.15345 6.74005 21
-1.17161 6.80396 21
-0.611184 6.83579 21
-1.01794 6.74152 21
-1.51164 6.67111 21
-0.846823 6.78176 21
-1.11183 6.87794 21
-0.892012 6.83672 21
-1.11483 6.76345 21
-1.17465 6.86108 21
-0.841994 6.91371 21
-10.4878 -0.668694 22
-10.1209 -0.849026 22
-10.478 -1.1659 22
-9.27023 -1.00653 22
-9.06562 -1.91414 22
-10.9641 -1.58378 22
-9.13892 -2.7187 22
-9.32599 -0.888628 22
-9.89881 -1.73631 22
-10.4098 0.0224862 22
-10.4486 -1.58546 22
-9.6841 -1.44312 22
-10.1023 1.36183 22
-9.41032 -3.93465 22
-9.15971 -1.21883 22
-10.0053 -2.92021 22
-9.61426 -2.61897 22
-10.7265 -1.28561 22
-10.0518 -1.77976 22
-9.50356 -0.776332 22
-8.93856 -1.58329 22
-10.5855 -0.937383 22
-10.6177 -0.819397 22
-10.2894 -0.690506 22
-10.5029 -1.74584 22
-9.13172 -1.28205 22
-9.76918 -0.0430735 22
-10.289 -1.48189 22
-9.9026 -1.37025 22
-9.83985 -1.49317 22
-10.7342 -0.531134 22
-9.81242 -2.08621 22
-10.6947 -2.17362 22
-8.75349 -0.664761 22
-10.127 -2.47809 22
-8.78085 -1.17212 22
-10.3183 -3.2502 22
-9.69923 -0.902888 22
-10.1657 -3.4346 22
-10.0322 -0.671237 22
-9.83663 -1.30599 22
-9.53539 -2.46244 22
-9.39196 -0.399855 22
-9.07262 -0.451005 22
-10.0458 -1.61172 22
-9.33301 -0.792302 22
-9.50136 -0.674187 22
-9.63916 0.240315 22
-9.40482 -2.40726 22
-9.83172 -1.59296 22
-9.25053 -1.71588 22
-9.60653 -1.77725 22
-10.3038 -1.48919 22
-10.1181 -0.385338 22
-9.1143 -1.79677 22
-9.8695 -1.62271 22
-8.89257 -1.35575 22
-9.79661 -1.93095 22
-9.62402 -1.29151 22
-9.65575 -2.93045 22
-9.36577 0.25452 22
-9.79694 -2.001 22
-9.84681 -0.492909 22
-9.55531 -3.63329 22
-9.0216 -2.59869 22
-9.86731 -1.08505 22
-9.63311 -2.22455 22
0.0999565 0.97245 23
-0.435604 1.38699 23
-0.477412 1.14428 23
-0.382519 0.760394 23
0.318501 0.865388 23
-0.79575 1.25926 23
-0.782664 2.10696 23
-0.571299 0.933511 23
-0.352238 0.210609 23
-0.29072 2.35757 23
-0.667448 1.13577 23
-0.800384 2.36802 23
-0.312944 1.35709 23
0.00552358 1.52326 23
-0.245204 1.5697 23
0.0293086 1.84869 23
-0.480766 1.39937 23
-0.962215 2.39126 23
-0.628008 2.26827 23
-0.434483 1.64791 23
-0.335586 2.20805 23
-0.449826 1.58645 23
-0.89107 0.790645 23
-0.437954 1.89123 23
-0.540994 1.71302 23
0.0116184 0.412918 23
-0.580062 1.47382 23
9.6318 -0.507371 24
9.2938 -0.275154 24
9.46514 0.262265 24
9.21791 -0.662451 24
9.33612 -0.293994 24
9.4378 -0.826847 24
9.44571 -0.782373 24
9.41567 -1.05035 24
9.58521 0.831502 24
9.52313 -0.230581 24
9.10519 -0.300311 24
9.75367 0.156558 24
9.7332 -1.13813 24
9.89753 1.02468 24
9.20522 -1.485 24
9.39419 0.486455 24
9.86598 -1.22784 24
9.54542 0.659854 24
9.78925 -0.313898 24
9.4608 -1.05383 24
9.5924 -0.637466 24
9.52793 -1.13403 24
9.3945 -1.24215 24
9.5849 -1.04105 24
9.6549 -0.927017 24
9.54828 -0.0810407 24
9.50347 0.67495 24
9.49279 0.31108 24
9.78167 -0.0733002 24
9.47932 0.89336 24
9.69384 -0.468462 24
9.64295 0.0816723 24
-0.859454 10.678 25
-0.757262 9.87429 25
-0.642377 8.55096 25
-1.0359 8.04378 25
-0.929184 10.4924 25
-0.843761 9.70937 25
-0.830178 9.2031 25
-1.03353 11.02 25
-0.628462 9.23874 25
-0.478529 9.02563 25
-0.270405 9.57054 25
-1.0641 8.39277 25
-0.886675 9.7979 25
-0.429188 10.6994 25
-0.811511 9.58195 25
6.17743 9.07772 26
6.43033 9.42612 26
6.60117 9.87986 26
6.01574 10.3461 26
6.33108 9.90787 26
6.43999 9.95039 26
6.41179 9.10587 26
6.99166 9.25722 26
6.42635 10.8105 26
6.76165 10.0356 26
6.69119 9.34003 26
6.4701 10.3324 26
6.13128 10.4439 26
6.26953 9.7563 26
5.99816 9.42102 26
6.44775 10.7038 26
6.21996 10.5671 26
6.5547 10.0293 26
6.5443 8.44928 26
6.59299 9.6578 26
6.2283 10.0804 26
6.65278 9.38104 26
6.83477 10.1485 26
6.45207 9.92244 26
6.42554 9.70739 26
6.75225 10.2597 26
6.7818 11.3769 26
6.66694 9.80191 26
6.55829 9.33823 26
6.64769 9.56256 26
6.90423 11.4345 26
6.81304 9.99334 26
6.47892 9.78969 26
6.345 10.0815 26
6.67142 10.1151 26
6.76971 10.0032 26
6.77662 9.80318 26
5.85471 10.2692 26
6.51006 9.9751 26
6.72638 10.6036 26
6.58615 9.16544 26
6.65032 8.87899 26
6.71259 11.753 26
6.95963 9.97541 26
6.94983 10.4795 26
6.53314 9.88239 26
6.27715 10.0543 26
6.84821 9.90944 26
6.0294 9.99382 26
6.77147 9.36385 26
6.65855 9.18068 26
6.60337 9.93113 26
7.03757 10.4363 26
7.07191 11.8888 26
7.19133 9.5497 26
2.62923 -2.78287 27
2.98244 -2.86788 27
2.99276 -2.47122 27
3.67656 -2.31541 27
2.99136 -2.22679 27
3.74074 -2.08931 27
2.77914 -2.96297 27
3.74168 -2.29546 27
3.67356 -2.61525 27
3.90118 -2.3555 27
3.10425 -3.33258 27
2.45793 -1.97627 27
2.8349 -3.26114 27
2.92864 -2.75424 27
2.91388 -2.30713 27
3.13905 -2.89024 27
3.7151 -2.42114 27
3.14641 -2.97674 27
3.65841 -2.63121 27
2.67727 -2.26416 27
3.23295 -2.84531 27
3.55106 -2.05645 27
3.35576 -3.38071 27
3.24332 -2.08531 27
3.57957 -2.39306 27
3.24433 -2.08775 27
3.88997 -2.97312 27
2.92976 -2.4427 27
3.64397 -2.73756 27
3.8466 -2.14216 27
2.57217 -1.95076 27
3.1769 -2.08133 27
3.69016 -3.01426 27
3.47098 -3.02464 27
3.69833 -2.7803 27
2.64877 -2.43673 27
3.14909 -2.93505 27
3.50563 -1.91088 27
3.38723 -2.47476 27
3.40707 -2.65346 27
3.27064 -2.62705 27
2.96338 -2.48948 27
2.21381 -2.12888 27
4.34671 -2.31822 27
3.20075 -2.34055 27
3.60337 -2.26906 27
3.44324 -2.66604 27
2.70449 -2.66158 27
3.13779 -1.88722 27
3.25897 -1.85396 27
3.02965 -2.42067 27
3.60244 -2.65445 27
3.72031 -2.14543 27
2.27487 -1.93259 27
3.29735 -2.84596 27
3.20815 -2.79321 27
3.80575 -3.29139 27
2.99668 -2.69872 27
4.46154 -2.71261 27
2.86474 -1.9352 27
3.39056 -2.74804 27
3.13812 -1.99265 27
2.89261 -2.0404 27
3.2467 -2.66942 27
3.32595 -1.8469 27
2.72913 -2.49011 27
3.08731 -2.33841 27
2.99102 -2.61601 27
4.05899 -2.81892 27
3.05668 -1.77392 27
2.99016 -2.44965 27
3.4488 -2.90148 27
3.27953 -2.78785 27
3.54696 -2.09715 27
3.24715 -2.18386 27
3.16492 -2.70895 27
2.91977 -2.73889 27
4.04491 -2.46283 27
3.52147 -2.82141 27
3.26202 -3.16355 27
3.15375 -1.85705 27
3.12234 -2.04073 27
3.55657 -2.15546 27
3.59564 -1.68709 27
3.01382 -1.79082 27
3.5524 -2.88961 27
3.00658 -2.50067 27
3.74044 -2.45342 27
3.80147 -3.27379 27
3.70908 -2.77945 27
3.63551 -2.89296 27
-4.00718 -9.20688 28
-3.07144 -10.5755 28
-1.8166 -10.3732 28
-4.39194 -9.60102 28
-3.16173 -9.44093 28
-2.81271 -9.41984 28
-3.2071 -10.1551 28
-3.2003 -8.98641 28
-2.15797 -9.89126 28
-2.66698 -9.76783 28
-2.63615 -10.9556 28
-2.6927 -10.11 28
-2.6601 -9.32052 28
-2.51183 -9.97699 28
-3.17494 -9.38902 28
-3.13509 -10.3656 28
-3.95069 -8.6138 28
-2.81172 -10.5462 28
-2.36027 -9.54159 28
-3.59209 -9.94213 28
-3.4506 -8.05824 28
-4.15101 -8.93942 28
-2.914 -9.97097 28
-1.87906 -9.9703 28
-2.76619 -9.9343 28
-2.47255 -10.3476 28
-2.09285 -10.1891 28
-2.67675 -9.48048 28
-2.25795 -9.2487 28
-3.15124 -10.2611 28
-3.01977 -10.8037 28
-3.50911 -9.16324 28
-3.57466 -9.76735 28
-1.83155 -9.81346 28
-2.76351 -9.58262 28
-3.38459 -10.2118 28
-2.3372 -10.3117 28
-3.97896 -9.52702 28
-2.13382 -9.43687 28
-2.81041 -9.22471 28
-3.43018 -10.3101 28
-2.56006 -9.56465 28
-2.62699 -9.77035 28
-3.32658 -10.7675 28
-2.71323 -10.8226 28
-3.1031 -8.67509 28
-2.78005 -9.44113 28
-2.84756 -10.0346 28
-3.26047 -10.1223 28
-3.23803 -9.18274 28
-3.70793 -9.33933 28
-2.79322 -9.16683 28
-3.12464 -9.38339 28
-3.56441 -9.87961 28
-2.85151 -9.6638 28
-3.3976 -10.2897 28
-3.53762 -9.50497 28
-2.18226 -10.4493 28
-2.6705 -9.96288 28
-1.92075 -10.5364 28
-1.13264 -10.8758 28
-2.65403 -9.70775 28
-2.8413 -10.9574 28
-2.85975 -8.87807 28
-1.61892 -10.7459 28
-3.40938 -8.99467 28
-4.10379 -9.26881 28
-3.32049 -10.7752 28
-3.89462 -9.36532 28
-1.93781 -10.5895 28
-2.62176 -9.79509 28
-3.31853 -10.7917 28
-3.31527 -10.7277 28
-2.64608 1.4426 29
-2.70549 1.20772 29
-2.40247 0.717377 29
-2.51319 0.32564 29
-1.88365 1.78688 29
-2.33429 2.64096 29
-2.26441 0.84184 29
-2.78143 2.10184 29
-2.40553 1.79578 29
-2.08777 2.64093 29
-2.53702 1.45436 29
-2.1504 1.83714 29
-2.18369 2.40787 29
-2.68311 2.35703 29
-2.20677 1.62142 29
-2.6401 1.72438 29
-2.5571 2.40564 29
-2.06371 1.7439 29
-2.06436 0.0319448 29
-2.51276 1.77268 29
-2.47811 1.69811 29
-2.1269 1.26376 29
-2.56925 0.537982 29
-2.57063 0.928413 29
-2.6632 1.73716 29
-2.72071 -0.152131 29
-2.26399 2.23461 29
-2.8358 0.916905 29
-2.95462 1.44457 29
-2.47635 0.990843 29
-2.69797 1.46717 29
-2.53564 2.31918 29
-2.58871 1.5617 29
-2.68148 0.852359 29
-2.38535 1.00207 29
-1.99758 2.31993 29
-2.68005 1.43503 29
-2.63889 2.18994 29
-6.22947 -7.3272 30
-6.58726 -7.37764 30
-6.0605 -8.25651 30
-6.2983 -7.04747 30
-6.25591 -7.14359 30
-6.17507 -7.79699 30
-6.34151 -7.3658 30
-6.03616 -7.47594 30
-5.97022 -7.31343 30
-6.12535 -7.55866 30
-6.59554 -7.88648 30
-6.40564 -7.89969 30
-5.83466 -7.33151 30
-6.12001 -7.91427 30
-6.25453 -7.65145 30
-6.25112 -7.77829 30
-5.92293 -7.34413 30
-5.72399 -7.64679 30
-6.03867 -6.547 30
-6.20446 -7.52983 30
-6.34047 -7.22343 30
-6.25835 -7.40118 30
-6.10227 -8.32425 30
-5.94369 -7.23687 30
-6.43705 -7.95178 30
-6.17187 -7.01199 30
-6.20262 -7.87203 30
-6.32757 -6.86177 30
-6.11745 -7.7874 30
-6.33077 -7.54242 30
-6.56555 -7.18936 30
-5.81313 -7.53553 30
-6.18053 -7.79359 30
-6.34034 -7.06797 30
-6.094 -7.73116 30
-6.39151 -6.75578 30
-6.50235 -7.1995 30
-5.98458 -7.0365 30
-6.27377 -6.78084 30
-6.51914 -7.16385 30
-6.19943 -7.01133 30
-6.0625 -7.55618 30
-5.92026 -6.98349 30
-5.85069 -6.59063 30
-6.03096 -7.27233 30
-6.07854 -7.80172 30
-6.27762 -7.8899 30
-6.00998 -7.48 30
-6.20429 -7.32543 30
-6.19127 -7.56211 30
-5.72611 -7.39088 30
-6.59984 -7.22405 30
-5.86229 -6.44548 30
-5.29237 -7.46223 30
-5.91851 -8.27049 30
-6.60047 -7.33855 30
-5.96766 -7.41893 30
-6.14627 -7.37401 30
-6.46504 -7.97698 30
-6.25759 -7.64231 30
-6.38992 -7.23649 30
-5.78961 -7.07033 30
-6.13292 -7.4388 30
-6.08731 -7.50666 30
-6.20888 -6.86097 30
-6.17235 -7.10165 30
-5.46641 -7.19628 30
-6.00759 -7.33518 30
-6.5627 -7.19777 30
-6.35712 -7.67891 30
-6.24761 -7.37156 30
-6.2181 -7.56757 30
-6.52311 -7.20574 30
-5.97074 -7.35279 30
-6.09094 -7.72226 30
-6.41819 -8.27721 30
-5.76416 -7.408 30
-6.82302 -7.17126 30
-6.21682 -7.55719 30
-6.17243 -7.58446 30
-5.75739 -7.78698 30
-8.09094 4.96761 31
-7.45983 4.31809 31
-7.86066 4.97993 31
-8.28681 4.94204 31
-7.87361 4.73387 31
-7.39913 4.02677 31
-7.52786 4.05443 31
-7.73481 5.06363 31
-8.5811 5.2393 31
-8.0101 4.5777 31
-7.77872 4.20853 31
-7.46507 4.51074 31
-7.52194 4.56362 31
-8.0713 4.47951 31
-7.88907 4.69819 31
-7.47148 4.44046 31
-7.25412 3.95801 31
-7.40157 4.06183 31
-7.87112 4.70681 31
-7.72096 4.65499 31
-7.80523 4.43158 31
-8.22781 5.70966 31
-8.1246 4.64359 31
-7.73026 4.33583 31
-7.08464 4.09301 31
-7.30492 4.69613 31
-7.87706 4.82156 31
-8.30611 4.94375 31
-7.92646 4.75012 31
-7.56792 3.99829 31
-7.99963 4.56025 31
-7.30495 3.80357 31
-7.87676 4.65735 31
-8.71622 5.2815 31
-7.90604 4.81499 31
-7.78517 4.48242 31
-8.08543 4.67657 31
-7.87733 4.80145 31
-7.40761 4.78252 31
-7.2771 4.24713 31
7.58355 -7.5802 32
7.03199 -10.2193 32
6.20541 -9.35915 32
6.16402 -9.80362 32
7.74447 -8.20329 32
6.97985 -12.2445 32
7.10804 -6.60343 32
6.5595 -9.31943 32
7.28199 -10.8688 32
6.70728 -8.7244 32
7.53616 -8.41552 32
6.13235 -10.3183 32
6.65236 -8.18933 32
6.18625 -9.78937 32
5.40963 -11.6617 32
6.56415 -9.68353 32
7.06095 -9.43926 32
6.8264 -8.58256 32
6.76929 -9.44235 32
7.41552 -7.89806 32
6.11756 -10.4806 32
6.50815 -10.8268 32
6.73172 -8.93871 32
7.1041 -8.82782 32
7.21064 -8.62979 32
7.16609 -8.53537 32
6.27087 -7.98837 32
6.31943 -10.1627 32
6.37517 -9.04153 32
6.25357 -11.3822 32
6.88676 -9.84341 32
6.56412 -11.0147 32
6.73155 -9.05417 32
7.05641 -9.64047 32
7.07086 -8.27472 32
7.21163 -9.70903 32
7.10648 -7.07727 32
6.62402 -9.64767 32
7.2834 -9.89078 32
7.19626 -9.39049 32
7.22316 -9.37006 32
6.85291 -11.709 32
7.19865 -9.93521 32
6.99975 -7.21585 32
6.8373 -9.78016 32
6.5257 -10.2527 32
7.04875 -9.68197 32
6.9538 -9.71171 32
6.48482 -11.2292 32
6.3652 -9.09661 32
7.36291 -10.6266 32
7.32625 -10.4274 32
7.32151 -9.41919 32
7.12039 -8.87924 32
7.23337 -7.66406 32
6.62349 -10.5288 32
6.91865 -7.5974 32
6.54743 -9.00137 32
5.94742 -9.55174 32
6.61136 -11.0347 32
6.66837 -12.0344 32
6.62436 -8.76946 32
7.05848 -10.2527 32
6.60556 -10.7508 32
7.16778 -10.2969 32
6.22003 -10.9956 32
7.35246 -8.41405 32
6.75749 -9.21357 32
7.29629 -10.2471 32
6.32027 -9.00176 32
6.69012 -10.1467 32
6.09838 -7.99038 32
6.66335 -7.71276 32
6.91598 -11.671 32
7.1883 -8.49097 32
6.73823 -10.7229 32
6.9698 -9.06159 32
7.29555 -7.26124 32
6.66752 -9.8365 32
6.72378 -10.6786 32
6.52754 -11.9904 32
1.36044 8.33443 33
2.23921 8.28346 33
-1.2206 8.32099 33
0.896428 8.32004 33
0.426799 8.40445 33
0.72821 8.31299 33
-2.95561 8.28925 33
-1.27972 8.23052 33
0.326799 8.28455 33
0.553439 8.33992 33
-0.00947732 8.34153 33
-0.714984 8.34018 33
-0.450885 8.29778 33
0.00797545 8.34284 33
-0.583457 8.2781 33
1.14757 8.30022 33
0.0436668 8.30588 33
0.615909 8.24406 33
-0.43852 8.20443 33
0.651774 8.26971 33
-0.779389 8.2134 33
-0.853042 8.33227 33
0.426733 8.23883 33
0.174456 8.30198 33
0.0769137 8.27601 33
1.6487 8.28521 33
0.194628 8.30751 33
-2.14945 8.33311 33
-0.557649 8.32454 33
-2.76104 8.28131 33
0.116285 8.31092 33
-0.76692 8.3775 33
-0.18478 8.29696 33
0.657348 8.29927 33
-1.58805 8.29756 33
-2.63982 8.25778 33
-2.25221 8.30943 33
-1.85901 8.3038 33
-0.872769 8.32151 33
-0.580434 8.3843 33
-1.62093 8.29988 33
1.20842 8.23795 33
1.28618 8.27961 33
-0.210936 8.31651 33
-0.712904 8.34389 33
0.791768 8.35963 33
-2.87932 8.36602 33
0.203998 8.36996 33
-1.33685 8.31969 33
-1.66914 8.3474 33
-1.30935 8.27602 33
0.865193 8.33037 33
1.38051 8.34429 33
1.86162 8.32276 33
0.399848 8.32792 33
1.72875 8.36064 33
-0.315001 8.25068 33
0.462497 8.31993 33
0.715246 8.2918 33
1.50605 8.15696 33
0.199763 8.28116 33
0.82078 8.18191 33
0.136127 8.32851 33
-0.428312 8.33797 33
0.91902 8.3687 33
0.18385 8.27092 33
1.07532 8.27227 33
1.72852 8.20385 33
1.61315 8.30696 33
0.666115 8.30995 33
1.66139 8.40631 33
1.77359 8.28756 33
2.10048 8.21137 33
-1.1433 8.31489 33
-1.3884 8.36664 33
-0.273697 8.27224 33
-0.494231 8.40405 33
1.61749 8.3135 33
-1.40508 8.2951 33
-0.0458931 8.34123 33
-1.47122 8.23671 33
1.43386 8.30852 33
-0.146971 8.22274 33
0.201936 8.29022 33
-0.977637 8.38048 33
-1.18307 8.33869 33
-0.597507 8.28441 33
-0.993832 8.36065 33
-0.152329 8.29312 33
0.104859 8.3221 33
-0.93567 8.43972 33
1.09063 8.36749 33
-1.21561 8.25302 33
2.65553 8.34251 33
-2.02339 8.26103 33
-2.74115 8.35527 33
-1.72969 8.35147 33
1.97424 8.1881 33
-1.29456 8.26904 33
1.55016 8.27511 33
1.64161 8.34229 33
1.12733 8.33384 33
-0.842289 8.28678 33
1.74812 8.3064 33
0.354404 8.25727 33
-1.37029 8.29263 33
-1.37 8.29895 33
2.421 8.34642 33
1.74529 8.30568 33
-2.52812 8.6154 34
-2.28339 9.19897 34
-2.41764 8.02387 34
-2.59792 8.6079 34
-2.44316 9.20928 34
-2.57321 10.2419 34
-2.31176 7.83188 34
-2.55797 8.52704 34
-2.0668 8.99547 34
-2.34259 7.88032 34
-2.76463 8.85791 34
-9.69651 9.60703 35
-10.3919 9.61925 35
-9.87469 10.4344 35
-10.6885 9.85171 35
-9.60267 9.9242 35
-10.6406 10.3621 35
-10.2448 9.7425 35
-10.7686 10.0977 35
-9.30295 9.88696 35
-9.69245 9.82717 35
-9.46498 10.228 35
-9.3127 9.6024 35
-11.0349 9.01688 35
-9.77722 10.6517 35
-10.229 9.87528 35
-9.2277 9.76855 35
-8.75158 10.0691 35
-9.59596 10.3569 35
-11.3597 9.11954 35
-10.393 9.76653 35
-9.41816 9.97686 35
-9.36854 9.46967 35
-9.70058 10.3198 35
-9.76337 9.93586 35
-9.72826 10.1357 35
-9.71593 9.75009 35
-10.34 10.8385 35
-10.4172 9.90589 35
-9.46581 9.75284 35
-9.80121 10.4856 35
-9.75408 9.94423 35
-9.37491 9.59387 35
-10.6798 9.96478 35
-9.93533 9.89 35
-9.43304 9.55541 35
-10.3801 9.98673 35
-9.27072 10.043 35
-8.96564 9.82375 35
-9.47718 10.0457 35
-9.41734 10.0165 35
-9.25139 10.2417 35
-10.568 9.61103 35
-9.25579 9.83272 35
-9.60555 9.63247 35
-9.25043 9.49734 35
-9.37231 9.80588 35
-9.32177 10.3573 35
-10.4529 9.7866 35
-9.72088 9.82271 35
-9.69839 10.3575 35
-10.4565 9.88708 35
-10.5502 9.6795 35
-10.3989 9.83199 35
-9.68785 9.60251 35
-9.88945 9.99523 35
-10.6567 9.58499 35
-9.49412 10.1323 35
-10.0807 9.81516 35
-10.4149 9.62973 35
-9.95067 9.92471 35
-10.8683 9.99652 35
-8.9598 10.0742 35
-8.88727 10.6294 35
-10.9501 9.08088 35
-9.95729 9.95582 35
-10.027 10.0105 35
-9.97746 9.22091 35
-9.36206 10.2531 35
-10.5166 9.98823 35
-10.1115 9.56416 35
-9.45778 10.2213 35
-9.39113 10.0699 35
-10.5306 10.2881 35
-10.0055 9.87346 35
-10.1179 9.85748 35
-10.1734 10.3577 35
-9.79581 10.0507 35
-9.80356 10.0503 35
-8.98591 10.334 35
-9.66982 10.0586 35
-8.54527 10.62 35
-9.77088 9.77125 35
-9.04454 9.84422 35
-10.222 9.66612 35
-8.70096 10.1014 35
-10.2019 9.55866 35
-9.29882 10.3494 35
-8.90955 9.95047 35
-9.68541 10.0484 35
-10.3626 9.75621 35
-9.17964 10.3439 35
0.301833 -1.82897 36
0.824179 -1.8706 36
0.89115 -1.94574 36
1.23696 -1.84217 36
0.847515 -2.02493 36
1.39177 -1.72763 36
0.974975 -1.76685 36
0.614245 -2.16653 36
0.636266 -2.11061 36
0.260243 -2.31761 36
0.4075 -2.27102 36
0.957888 -2.21889 36
0.627503 -2.12737 36
0.91372 -2.04671 36
0.528128 -1.98475 36
1.06762 -1.90529 36
0.40342 -2.16117 36
0.835857 -1.7839 36
0.845146 -2.21361 36
0.964528 -2.30684 36
0.890244 -2.07596 36
0.701191 -2.06994 36
0.852513 -2.14629 36
0.110402 -2.00356 36
0.808061 -1.87114 36
0.62814 -2.22752 36
0.931671 -1.99048 36
1.59869 -1.8177 36
0.610377 -1.92933 36
1.49019 -1.84598 36
1.33722 -2.07008 36
0.994802 -1.68837 36
0.895216 -2.00965 36
1.56039 -1.68762 36
1.06843 -1.92323 36
1.32649 -1.66136 36
1.10039 -1.75511 36
0.887937 -1.80857 36
1.09152 -1.81048 36
0.922064 -1.98101 36
0.786696 -1.97022 36
0.914399 -2.25882 36
0.970525 -1.84617 36
0.534229 -1.90771 36
0.700569 -1.92347 36
0.65485 -2.00888 36
1.52554 -2.08872 36
1.24196 -1.98883 36
0.533595 -2.07794 36
1.48504 -1.8281 36
1.05682 -2.2338 36
0.495287 -2.03519 36
1.34565 -1.88733 36
-5.27915 -1.76576 37
-4.42375 -2.1671 37
-4.92768 -1.80522 37
-5.13535 -1.96844 37
-4.90809 -1.94651 37
-5.14484 -1.79254 37
-4.60638 -2.11443 37
-5.24483 -1.73922 37
-5.3556 -1.96087 37
-5.24921 -1.78011 37
-4.92976 -1.58521 37
-5.12597 -1.84238 37
-6.04264 3.67635 38
-6.56854 4.18733 38
-6.24189 3.97418 38
-6.48878 3.94468 38
-6.54324 4.04982 38
-6.41545 3.89947 38
-6.66723 4.05907 38
-6.37593 3.96265 38
-6.16944 3.77943 38
-6.8252 4.12934 38
-6.36749 3.35848 38
-6.38534 3.4929 38
-6.79901 4.099 38
-6.22031 3.87237 38
-6.52602 4.21338 38
-6.51781 4.02896 38
-6.41835 3.89005 38
-6.31383 4.15868 38
-6.53734 3.83114 38
-6.75629 3.87521 38
-6.92348 4.11819 38
-6.24966 3.88502 38
-6.73563 4.12699 38
-6.24662 4.05172 38
-6.9558 4.34993 38
-5.98237 3.74558 38
-6.89845 4.26754 38
-6.21983 3.74221 38
-6.24426 3.57671 38
-6.40425 4.05496 38
-6.69526 3.93656 38
-6.52878 3.92101 38
8.22928 -6.21697 39
9.04509 -5.71446 39
8.99547 -5.14232 39
9.65693 -5.24016 39
8.76118 -5.52588 39
8.55272 -5.22492 39
9.18238 -5.47326 39
9.64692 -4.85954 39
8.70688 -5.65711 39
9.02119 -5.55307 39
9.4074 -5.43592 39
10.0191 -5.17977 39
10.2038 -4.87282 39
8.71535 -5.71771 39
8.95804 -4.96087 39
8.99181 -5.08215 39
9.65876 -4.86894 39
9.42809 -5.71203 39
8.85023 -5.35971 39
9.55389 -5.07209 39
8.77384 -5.77803 39
9.51551 -5.19235 39
8.74663 -6.15146 39
8.67563 -5.62523 39
9.07815 -5.8113 39
8.59304 -5.76108 39
8.54659 -6.01792 39
9.30323 -5.37042 39
8.58562 -6.41947 39
8.79833 -5.35432 39
9.17514 -5.49575 39
9.06044 -5.76768 39
8.81788 -5.41177 39
9.10867 -5.30135 39
9.64076 -4.92228 39
9.79458 -4.99578 39
