10.4103 -4.76341 0
9.62822 -3.81813 0
8.68503 6.41935 0
10.0748 -1.44576 0
9.36831 3.6798 0
7.87792 7.21594 0
8.23184 2.13967 0
10.263 4.91603 0
8.97826 -4.32144 0
9.35132 -1.11616 0
8.96805 2.50824 0
7.94536 5.34459 0
7.62668 2.22898 0
7.37585 -4.51768 0
9.26703 1.22242 0
8.07473 -7.12415 0
8.31744 -1.49888 0
8.34616 -2.58406 0
9.09669 3.1211 0
7.7232 5.57732 0
8.74897 -1.12936 0
7.11901 7.57845 0
6.89809 5.37489 0
8.56341 6.92456 0
8.60307 3.19541 0
10.5511 1.27405 0
9.64404 -2.35385 0
9.47948 -1.76531 0
7.47509 0.952512 0
8.11731 -3.22116 0
8.6224 4.14343 0
8.88686 9.18776 0
8.14893 -4.07783 0
10.1322 -2.62358 0
7.98987 -1.25443 0
8.40381 8.57794 0
8.61934 -5.25398 0
7.73555 -2.22022 0
10.4678 -1.88884 0
7.49605 0.8522 0
8.7197 -0.920912 0
9.29131 3.23762 0
10.6532 1.41563 0
9.02786 5.06545 0
10.7244 4.89774 0
8.16412 -2.56972 0
8.95604 2.15769 0
9.59311 2.37471 0
9.23186 3.01944 0
9.34744 0.720923 0
6.84316 6.21142 0
8.06159 4.26831 0
8.42954 5.27907 0
9.10011 1.34166 0
9.64905 -0.574861 0
9.7606 1.18246 0
8.79515 2.31058 0
7.70129 5.63007 0
10.8254 -1.19982 0
9.63971 5.80604 0
9.32184 2.66892 0
8.35728 1.2437 0
7.66152 -1.27344 0
9.71398 1.86291 0
10.9804 -2.6752 0
9.87595 0.152622 0
10.1371 4.75439 0
8.16433 -3.85554 0
7.72469 -0.399266 0
8.15553 5.57418 0
9.16522 -1.50441 0
9.24433 2.86118 0
8.84565 5.05035 0
10.6318 0.201459 0
9.94193 1.90363 0
10.1908 -0.84982 0
10.5231 2.30793 0
7.6668 -2.13612 0
8.05621 0.504723 0
11.4506 5.70559 0
9.65739 -0.546346 0
9.09405 1.18797 0
10.276 2.96495 0
8.07709 7.10306 0
8.78656 -0.479446 0
8.70281 -1.03757 0
9.04305 2.61004 0
9.2336 7.00229 0
11.2774 -5.34643 0
7.92736 7.44821 0
8.52001 -3.83802 0
8.48351 4.71401 0
7.45137 0.558347 0
8.65937 -3.99542 0
9.04832 4.89073 0
8.85215 3.13575 0
8.63795 1.40609 0
9.13953 0.835666 0
10.1317 4.82606 0
9.35558 -4.62403 0
8.66321 5.17696 0
9.23653 2.33391 0
8.47924 4.86745 0
8.85227 8.98506 0
10.6649 -2.71022 0
8.624 -3.58283 0
9.6396 3.93305 0
7.36298 6.08486 0
9.54633 7.39458 0
8.52094 2.83414 0
8.60977 7.13934 0
9.24391 3.11504 0
8.42022 3.99806 0
7.61483 -3.52458 0
9.6596 1.93946 0
10.5109 4.16787 0
10.6009 -1.7494 0
10.0403 -0.0162673 0
8.65683 -2.57157 0
10.2004 8.40043 0
8.06355 3.55837 0
9.37407 0.732814 0
9.36046 0.83406 0
10.0398 4.69774 0
10.27 1.64592 0
11.477 4.87891 0
8.44168 7.93266 0
8.59921 4.06528 0
11.0101 2.56464 0
9.35193 -1.01818 0
9.16308 4.76233 0
7.11001 2.7816 0
9.91487 -0.763154 0
9.11812 0.572085 0
10.7054 4.2581 0
10.0894 2.56859 0
10.1981 0.0386563 0
9.8644 4.25361 0
8.74753 4.44942 0
8.65744 0.794264 0
9.45867 6.28807 0
9.83249 -0.0159146 0
10.0596 3.00552 0
8.99976 2.84396 0
10.1403 4.03103 0
7.14397 -0.279645 0
9.95443 6.4191 0
9.12789 0.451728 0
10.101 0.861113 0
8.40991 2.43043 0
9.0644 4.53111 0
9.59803 6.48501 0
7.94624 0.729359 0
9.78547 3.27783 0
10.2288 1.69473 0
10.4277 6.47079 0
11.1133 6.27978 0
9.15838 3.3015 0
5.55522 7.18685 0
8.49312 6.27779 0
9.77682 -1.54758 0
8.338 2.07174 0
9.85117 1.39933 0
8.98774 2.83323 0
7.3815 -2.77148 0
8.32344 5.45866 0
9.36205 -4.41892 0
9.9185 -1.86553 0
10.15 2.35947 0
7.5255 5.64036 0
11.9831 6.60178 0
8.56415 2.548 0
9.54848 2.07736 0
9.63633 -4.39251 0
8.54558 2.1596 0
8.34799 0.367835 0
8.79948 0.792154 0
8.73921 3.22424 0
9.97717 -0.598079 0
10.8394 3.6869 0
8.22277 6.78867 0
8.26267 -1.71468 0
10.5022 -2.82544 0
9.85592 6.02073 0
9.63386 1.14632 0
7.02965 5.57546 0
10.0992 6.07512 0
8.64716 4.56344 0
9.34749 -2.63544 0
10.2342 7.79941 0
10.9513 2.2643 0
9.93007 4.94568 0
8.86742 -0.0326054 0
9.03622 2.06368 0
9.28122 2.20062 0
10.2628 3.2361 0
8.15257 3.48669 0
7.18868 6.01338 0
7.02241 0.278492 0
10.8092 -2.37142 0
8.02459 2.22965 0
8.51117 2.97059 0
7.3886 8.94974 0
8.07352 0.402844 0
8.28882 -0.373083 0
10.3665 2.03571 0
8.91652 5.08444 0
10.3605 -0.311371 0
9.70951 1.87323 0
8.64288 1.5774 0
6.62514 3.56791 0
9.7788 6.68247 0
8.69204 5.77275 0
9.96653 -0.280113 0
8.71521 6.22851 0
7.96402 0.596493 0
7.54831 -1.91154 0
7.73291 3.54691 0
9.83308 -3.23734 0
9.49327 4.58149 0
9.75287 7.8435 0
-11.7824 -3.98953 1
-10.7369 -3.14212 1
-9.24459 -5.96523 1
-8.24885 3.75258 1
-12.664 -3.37533 1
-11.3967 1.94343 1
-9.18218 -3.24469 1
-10.4991 -1.06237 1
-6.70081 2.39288 1
-8.7956 -2.70509 1
-8.36321 -2.3906 1
-8.36659 3.9023 1
-8.30753 1.38123 1
-10.3631 -2.78229 1
-11.0867 -2.27773 1
-9.7111 -1.87984 1
-6.96249 -0.649297 1
-9.19138 0.483897 1
-10.0188 0.224198 1
-10.732 -1.84427 1
-7.14096 2.74478 1
-10.8801 -2.26751 1
-10.9783 0.323303 1
-9.20295 2.94518 1
-11.89 2.35637 1
-6.60341 -3.04597 1
-9.52782 -1.27572 1
-12.7091 -3.11548 1
-9.59721 1.81338 1
-11.5675 4.02726 1
-8.68112 -3.63817 1
-12.88 -0.843277 1
-10.1532 -0.0369087 1
-8.61904 -1.8053 1
-10.7919 -1.98025 1
-11.3624 -1.70523 1
-10.8149 -2.75596 1
-9.67345 1.75837 1
-9.46442 0.730679 1
-9.24526 1.35787 1
-7.47049 -0.718473 1
-9.30303 1.32661 1
-8.20299 1.05847 1
-10.4152 -0.166916 1
-9.04857 0.409455 1
-7.59151 8.7679 1
-11.6881 -2.11772 1
-8.80213 -2.92943 1
-9.87706 0.399467 1
-6.40354 -0.119799 1
-8.9666 1.557 1
-10.3736 3.64948 1
-10.8545 -2.61554 1
-9.00877 -2.0023 1
-9.81965 -0.472449 1
-9.22014 -0.513295 1
-9.35729 -4.4872 1
-7.011 2.99309 1
-10.6059 1.02967 1
-12.9506 -2.61472 1
-7.10855 6.34741 1
-9.10391 0.932557 1
-7.60286 1.48287 1
-10.2561 0.344802 1
-8.7746 -3.84885 1
-8.93016 -3.19617 1
-10.1987 1.45016 1
-7.48305 -0.766665 1
-7.60749 -1.44333 1
-10.0582 -2.94138 1
-10.0354 -2.45058 1
-9.45118 -3.7338 1
-10.2682 -2.22523 1
-9.29294 -0.249464 1
-10.5116 0.732902 1
-9.34997 1.41 1
-9.36086 -4.35679 1
-10.1703 -4.43044 1
-10.1307 2.31022 1
-8.23013 -5.03969 1
-9.14958 -0.704253 1
-9.93826 1.89798 1
-9.72281 -0.397426 1
-9.89065 -2.26766 1
-10.4444 -2.54467 1
-7.13072 0.988727 1
-9.34536 -2.16962 1
-9.34491 4.27344 1
-8.68727 -1.34308 1
-9.36934 -5.90258 1
-8.29747 -0.710645 1
-8.11968 2.15498 1
-11.4359 -1.39679 1
-10.699 -3.91199 1
-11.2481 -2.32941 1
-10.6283 -1.14668 1
-9.80112 -0.600313 1
-10.5732 2.64946 1
-8.60289 -2.49447 1
-9.94725 -3.87484 1
-11.1741 -0.0735079 1
-9.65431 0.815191 1
-11.0362 -3.22139 1
-12.1093 0.00675686 1
-9.51586 -1.46542 1
-9.29664 -2.20776 1
-7.90703 3.58252 1
-7.48131 5.37062 1
-10.1661 1.07892 1
-7.79713 1.52499 1
-8.37697 -1.22832 1
-10.08 2.89017 1
-8.26102 -1.35156 1
-8.3977 -2.91649 1
-10.6086 0.753788 1
-8.35133 -2.17084 1
-10.2267 -2.38694 1
-11.1261 -4.8382 1
-11.2011 3.01478 1
-12.502 -3.32959 1
-9.73596 -3.41438 1
-10.4096 0.324927 1
-7.41276 0.0553988 1
-8.20702 -2.36263 1
-9.16879 -1.25022 1
-6.87906 7.76975 1
-10.1154 3.07734 1
-11.343 -0.477816 1
-8.94096 -0.666378 1
-9.52701 -0.262173 1
-10.8025 0.613456 1
-10.9803 -1.60054 1
-13.6765 -0.291649 1
-12.0847 -1.84056 1
-8.7631 1.60544 1
-7.02009 -1.89365 1
-11.0169 -3.14602 1
-10.1504 -0.0302397 1
-11.5325 0.148427 1
-8.68698 -0.107251 1
-10.6682 -0.462475 1
-8.33536 0.263923 1
-8.72513 -1.53471 1
-13.2834 -3.43656 1
-9.79538 1.17457 1
-10.7011 1.82976 1
-9.30454 -5.44721 1
-10.9456 -0.181193 1
-9.212 -1.23192 1
-10.4405 -0.5619 1
-12.1926 0.760813 1
-8.44819 2.59249 1
-10.9836 -0.225949 1
-11.2609 -1.95034 1
-11.7322 -2.19998 1
-10.3406 -0.704053 1
-7.80678 -1.7479 1
-11.025 -0.523453 1
-7.83079 0.699193 1
-9.91095 -0.0864334 1
-8.5361 -1.87307 1
-7.10513 -0.385958 1
-9.27105 1.36752 1
-9.48385 -1.77266 1
-7.95117 1.63732 1
-10.5357 -5.91167 1
-11.1716 -2.47615 1
-8.43964 -1.0615 1
-10.9063 -0.321067 1
-10.2297 -5.61037 1
-7.70408 -0.777811 1
-11.6942 2.07679 1
-8.22169 1.10148 1
-8.24046 -2.36133 1
-9.31825 -3.76505 1
-9.33746 -3.92052 1
-9.99546 -2.45213 1
-9.0738 -3.34001 1
-9.6831 0.168394 1
-8.8865 -2.80165 1
-9.01983 2.77902 1
-9.92998 2.61038 1
-9.99971 1.80852 1
-11.3125 -3.13981 1
-7.44165 2.76181 1
-9.81273 -1.28101 1
-8.22163 -2.08188 1
-10.3279 -5.70101 1
-10.9791 2.3797 1
-11.6438 1.64487 1
-6.99762 5.67536 1
-9.13268 -0.304696 1
-9.79116 -3.99765 1
-8.29449 2.36874 1
-10.9362 1.03774 1
-10.5943 -1.01197 1
-13.7049 -1.62044 1
-8.85233 -3.84057 1
-8.20626 -3.01639 1
-9.47314 -4.72539 1
-9.27733 0.376995 1
-6.36666 -0.692754 1
-10.8378 -2.01066 1
-7.77846 -0.248425 1
-7.9262 1.08838 1
-9.3129 -1.9439 1
-11.9205 -0.547382 1
-8.99672 1.3996 1
-9.52091 -1.67345 1
-9.57183 3.03214 1
-9.34034 -1.45731 1
-11.8708 -3.04318 1
-9.72036 -2.65919 1
-9.5723 0.334358 1
-9.54034 1.14481 1
-7.72086 -2.29037 1
-10.5343 -2.73491 1
-7.56975 -3.24419 1
-8.56943 0.836343 1
-11.8282 -0.210049 1
-7.72712 2.26811 1
-8.3727 -4.53715 1
-7.46288 1.25743 1
-8.11045 -1.87061 1
-8.97602 -2.78457 1
-8.30568 -1.03078 1
-10.0169 -2.95417 1
-10.546 0.387217 1
-9.57977 1.69863 1
-12.0073 2.96136 1
-8.89068 2.76923 1
-10.6283 -2.95428 1
-9.73426 0.573493 1
-9.58967 -2.47356 1
-10.4628 -3.69464 1
-9.43169 -0.823335 1
-9.55966 -3.79983 1
-10.5564 -4.82874 1
-8.44565 -0.308201 1
-8.06272 -1.40816 1
-10.948 2.48687 1
-12.6932 -0.108323 1
-7.78663 5.29442 1
-10.6775 -2.37793 1
-8.34875 2.4835 1
-7.22729 1.60641 1
-9.54389 -0.893413 1
-8.26092 0.0764274 1
-10.314 3.11178 1
-9.53593 -2.91742 1
-9.88309 1.95415 1
-10.5328 -0.124954 1
-8.64041 -1.25729 1
-10.4731 0.670607 1
-8.2138 -2.96052 1
-9.59728 0.500369 1
-7.71434 -2.39401 1
-9.19097 1.8899 1
-10.8156 -0.365488 1
-10.8965 0.409723 1
-8.78741 -2.50511 1
-8.26195 -0.911823 1
-11.837 -0.35076 1
-9.51553 -0.663397 1
-7.90436 3.45952 1
-8.92773 1.23886 1
-10.0027 -0.563838 1
-9.26673 -4.2918 1
-8.03484 0.237042 1
-8.71848 3.64081 1
-12.7979 -0.0322721 1
-12.0554 -1.29436 1
-9.56569 -3.37662 1
-10.8106 -0.802955 1
-9.7668 1.95761 1
-9.36806 2.4526 1
-9.53365 3.2862 1
-10.8074 -1.83816 1
-8.76765 -6.63805 1
-9.54589 3.58938 1
-10.3456 0.066376 1
-7.99489 -2.22003 1
-9.32331 3.38448 1
-7.41617 -0.685494 1
-9.64616 -1.33422 1
-8.82699 -3.77764 1
-9.89733 1.23084 1
-12.1813 -0.852627 1
-7.14831 -1.79568 1
-8.60468 1.47978 1
-9.09563 -2.81637 1
-12.2412 -1.58118 1
-10.2429 -0.739762 1
-9.0245 -2.97515 1
-11.214 1.40271 1
-8.9502 2.21813 1
-9.27785 -0.409158 1
-9.01395 -1.28309 1
-9.35443 0.722122 1
-9.40949 2.87821 1
-9.97766 -3.48543 1
-8.99443 2.8246 1
-9.13119 -1.94865 1
-8.80281 0.492169 1
-9.60125 2.93125 1
-7.56747 -0.815694 1
-9.44598 -4.01619 1
-8.60268 0.678246 1
-10.6721 1.65962 1
-7.45584 -6.35874 1
-8.36339 -1.08097 1
-9.04811 -2.56007 1
-9.30652 1.79355 1
-9.60333 -3.26236 1
-12.3185 -2.80881 1
-9.9232 -6.14403 1
-9.90087 -0.114559 1
-6.87545 -0.622681 1
-10.2224 -1.54529 1
-9.53318 -4.1529 1
-8.98201 -2.96068 1
-10.5887 0.420486 1
-9.15463 1.51705 1
-7.95343 0.0558233 1
-10.6593 -4.84858 1
-8.29739 1.97383 1
-9.6882 -2.43814 1
-9.61469 0.560217 1
-10.7244 -1.66833 1
-9.36902 5.83307 1
-9.04932 -4.45157 1
-10.9228 -3.56779 1
-12.0132 -2.2475 1
-12.386 -2.3989 1
-9.76798 -1.44012 1
-9.26681 -0.221714 1
-12.5465 0.182378 1
-8.66159 0.540247 1
-10.6508 1.94519 1
-9.64083 -1.19599 1
-7.41131 3.17789 1
-9.9874 -0.745757 1
-10.0885 0.092711 1
-11.3569 -0.719676 1
-6.5461 3.21966 1
-8.1265 1.80126 1
-9.95238 -0.742208 1
-7.9306 -1.13963 1
-10.4259 -3.31602 1
-8.56023 1.00337 1
-10.3699 2.317 1
-9.51395 3.47835 1
-12.0564 -6.10135 1
-10.646 -2.78347 1
-6.45636 1.3662 1
-10.1169 -1.27887 1
-9.18685 -4.94327 1
-9.33247 -1.45175 1
-6.07355 -1.12788 1
-9.6974 1.28019 1
-9.99815 1.17465 1
-9.72071 -1.89312 1
-9.60543 -0.924298 1
-8.23783 -1.86259 1
-9.56268 1.4973 1
-8.60556 -1.05914 1
-10.9812 0.612702 1
-7.3773 0.191468 1
-8.39114 1.8268 1
-9.44862 -0.350716 1
-11.8134 -2.12931 1
-6.74476 0.796773 1
-9.64837 -4.62481 1
-7.26162 -2.12704 1
-9.6118 -3.2903 1
-10.3672 -3.92289 1
-11.5352 -2.9652 1
-9.96275 1.40548 1
-11.5357 0.329144 1
-10.2678 -2.52144 1
-8.49185 3.46656 1
-8.27024 3.6912 1
-10.0874 -2.05839 1
-9.17006 -2.86541 1
-9.91675 0.127341 1
-7.63704 -0.0553134 1
-9.7794 2.51146 1
-11.5051 3.23192 1
-11.3987 -1.49541 1
-7.66203 0.441316 1
-11.3464 -2.48717 1
-8.4172 -0.695082 1
-8.58416 0.00571309 1
-13.1373 -3.30512 1
-8.34493 -1.13071 1
-10.4498 2.46592 1
-8.90227 -1.04835 1
-9.06284 -3.7149 1
-2.68369 8.14596 2
-2.13133 10.5172 2
-1.93196 9.66994 2
-2.71523 9.00705 2
-1.26046 9.35429 2
-2.4297 7.83918 2
-2.23114 7.23409 2
-2.39003 5.87537 2
-3.07889 9.84861 2
-1.33481 10.7711 2
-2.70205 8.09798 2
-2.0606 9.16733 2
-1.7233 11.0669 2
-2.6958 9.43511 2
-3.16017 8.9272 2
-2.12027 9.14462 2
-2.43628 8.25219 2
-1.96523 9.33919 2
-3.55335 7.79224 2
-2.33294 7.65667 2
-1.86987 11.1148 2
-0.967729 8.99131 2
-2.57059 8.27066 2
-2.67758 9.73248 2
-1.40408 8.59828 2
-1.4829 9.57096 2
-0.520039 12.0739 2
-2.19228 10.4038 2
-2.08939 7.41475 2
-2.25325 8.8129 2
-2.30912 10.3188 2
-2.05548 8.67809 2
-2.75597 6.49618 2
-3.34033 9.52353 2
-2.1493 8.28053 2
-1.64185 6.32073 2
-1.39204 10.32 2
-2.93809 8.91434 2
-2.47256 9.19279 2
-1.13195 9.9624 2
-2.02306 8.15635 2
-1.57886 13.4284 2
-2.5099 9.43082 2
-1.24157 10.4998 2
-2.31699 10.4129 2
-1.48321 8.49411 2
-3.67799 7.22245 2
-2.57793 11.0214 2
-2.25254 8.38554 2
-1.3058 9.60998 2
-2.04857 8.18774 2
-1.02434 9.05442 2
-2.39522 9.57396 2
-0.135182 10.8001 2
-3.37071 12.0485 2
-1.43836 10.0009 2
-3.41874 6.13669 2
-2.0764 8.85492 2
-1.99772 8.78709 2
-1.73647 7.5916 2
-2.53542 9.98951 2
-1.48749 8.5683 2
-2.16633 8.55961 2
-3.62855 6.39247 2
-2.91349 7.71145 2
-2.45857 7.14772 2
-3.16684 10.8726 2
-2.57875 8.5047 2
-3.59784 9.18219 2
-1.81243 8.86682 2
-1.45334 9.76817 2
-1.26516 11.2217 2
-1.79479 10.1795 2
-1.12377 7.27636 2
-1.00962 10.409 2
-2.37215 10.7255 2
-2.16604 9.24233 2
-1.83014 10.2006 2
-1.90334 6.89935 2
-1.25317 13.4907 2
-2.348 7.33413 2
-3.48646 8.56577 2
-2.05887 7.58263 2
-2.32968 8.47985 2
-2.2113 10.0537 2
-1.17491 9.44714 2
-2.73119 8.00983 2
-1.07886 6.78985 2
-3.18889 9.11602 2
-2.36213 6.87533 2
-2.34401 10.8423 2
-1.26066 10.2966 2
-1.95587 7.64093 2
-1.028 8.52836 2
-1.56008 8.67568 2
-2.55543 10.7303 2
-2.54009 10.9134 2
-2.75807 8.20559 2
-1.65482 11.4446 2
-2.14396 9.21679 2
-2.7918 9.24272 2
-3.36526 6.5564 2
-2.73449 8.22551 2
-2.89074 11.4535 2
-2.4527 8.51462 2
-2.19796 9.16075 2
-3.54752 5.32846 2
-1.33773 9.51295 2
-2.78408 8.27084 2
-2.50715 8.65762 2
-2.62181 8.64589 2
-1.61922 9.26288 2
-2.46603 10.3418 2
-1.07023 8.63794 2
-0.681336 11.4334 2
-3.03871 8.83642 2
-1.78839 8.17393 2
-3.31877 6.12342 2
-2.02116 8.7039 2
-1.43057 8.62281 2
-2.11414 12.1235 2
-0.919336 11.4949 2
-2.11257 8.18143 2
-2.27959 6.70565 2
-0.590815 13.396 2
-2.32015 9.37318 2
-2.04669 7.45711 2
-2.66767 6.04302 2
-2.48145 9.95859 2
-3.24795 6.79151 2
-1.62622 9.56811 2
-1.1558 11.0055 2
-2.57591 7.73186 2
-3.17294 10.1538 2
-2.11676 8.11323 2
-3.19872 9.01462 2
-1.7464 10.4785 2
-2.02983 8.43069 2
-3.03374 7.08505 2
-1.8308 9.89542 2
-2.04519 7.86975 2
-1.40185 9.14855 2
-2.4198 9.41675 2
-2.47507 8.69752 2
-2.36666 10.048 2
-2.74975 7.29015 2
-2.97888 10.1313 2
-2.28192 10.2996 2
-0.880445 11.1 2
-2.4142 7.87543 2
-2.15419 8.17794 2
-2.72301 8.27666 2
-2.09759 7.81309 2
-2.67976 10.0885 2
-2.17045 11.1952 2
-2.21319 7.5257 2
-2.65762 9.85338 2
-1.85958 9.1038 2
-1.52865 9.7839 2
-2.09547 8.40801 2
-1.88939 10.5591 2
-2.31095 7.81509 2
-2.49725 9.49513 2
-3.01867 7.05708 2
-1.2285 8.06872 2
-2.79092 8.98643 2
-1.53654 11.171 2
-1.78103 11.7438 2
-2.38048 6.99719 2
-2.14757 9.82928 2
-1.89166 8.12006 2
-2.53354 8.24864 2
-2.78271 9.07499 2
-3.14382 7.63105 2
-3.19143 7.67421 2
-2.35481 8.36308 2
-2.68663 7.02961 2
-1.33806 11.8601 2
-1.69298 6.31542 2
-1.57206 9.66746 2
-1.59194 9.60751 2
-1.39714 10.4132 2
-1.94454 9.65302 2
-2.66542 9.80714 2
-2.47139 8.43699 2
-2.71562 9.81727 2
-2.86137 6.52568 2
-2.18949 9.6572 2
-2.28941 8.00972 2
-3.11223 9.6523 2
-0.57512 11.0662 2
-3.1218 6.73237 2
-3.32272 7.05687 2
-1.96153 10.6601 2
-1.86109 9.93545 2
-3.54141 9.2984 2
-1.8263 8.00647 2
-3.26695 9.76559 2
-2.24545 9.91254 2
-2.60432 6.65547 2
-1.27272 7.28177 2
-1.95569 9.38477 2
-2.08601 6.24675 2
-2.873 9.08821 2
-2.3127 8.32751 2
-2.72182 7.70034 2
-3.01875 7.41325 2
-2.73951 6.65099 2
-2.86825 9.06026 2
-2.90122 8.26825 2
-1.88643 11.3762 2
-1.90543 10.2143 2
-1.87124 9.90754 2
-2.72041 9.36369 2
-1.92949 7.24609 2
-1.70785 8.69945 2
-2.31515 9.55621 2
-2.79292 8.69643 2
-2.0675 7.36789 2
-1.84363 11.3972 2
-2.77684 7.25199 2
-3.31662 7.81933 2
-1.16808 10.5358 2
-1.72802 8.69568 2
-2.42303 9.26222 2
-2.75183 10.8595 2
-1.20408 10.461 2
-3.85796 7.35426 2
-2.89556 8.57942 2
-1.81845 9.15709 2
-2.61494 9.29984 2
-2.2895 8.93437 2
-1.29115 9.87643 2
-2.95379 9.83539 2
-2.41447 7.40389 2
-2.3904 9.20588 2
-1.86158 12.3882 2
-2.78728 6.11816 2
-2.17673 7.36966 2
-2.51753 11.2241 2
-2.70532 9.81202 2
-2.34994 9.60604 2
-3.15366 5.74619 2
-2.59516 9.10975 2
-1.72862 10.37 2
-1.41353 9.9593 2
-3.1997 8.34351 2
-3.56126 5.88126 2
-1.99445 9.73084 2
-2.59043 9.57087 2
-1.51899 8.48592 2
-3.60449 8.71959 2
-3.06351 9.49688 2
-2.48349 6.67125 2
-2.65729 9.40059 2
-2.0633 7.52549 2
-2.70757 8.17288 2
-2.25807 8.79006 2
-1.27395 10.0435 2
-1.58448 10.4112 2
-2.60593 10.3319 2
-1.95585 10.6911 2
-2.74241 8.26215 2
-3.37681 9.24392 2
-2.14997 8.0443 2
-1.75398 9.35092 2
-1.8586 11.0799 2
-2.25763 5.55559 2
-1.85348 9.14811 2
-1.65361 9.7705 2
-2.2023 9.94796 2
-1.11646 10.2475 2
-2.50047 7.62802 2
-2.49364 8.05612 2
-2.36219 9.16821 2
-1.82906 10.9341 2
-1.86708 7.59265 2
-2.0208 9.11469 2
-2.90014 6.50174 2
-1.07337 9.92021 2
-1.20653 11.4434 2
-1.71317 11.1836 2
-2.07926 10.183 2
-1.96133 8.5033 2
-2.61748 7.38184 2
-0.95583 9.96039 2
-3.05103 9.60769 2
-2.21449 9.58126 2
-2.30988 9.5054 2
-1.96322 11.8824 2
-3.56079 7.93997 2
-1.95926 9.51153 2
-2.30348 7.74417 2
-3.25909 9.32847 2
-1.19127 10.4226 2
-1.79061 9.79351 2
-2.19222 9.37691 2
-2.30354 10.5391 2
-2.55473 10.4818 2
-2.29494 11.5592 2
-2.92101 5.75404 2
-4.02023 8.04394 2
-1.39228 8.1408 2
-2.28857 9.00241 2
-1.5556 11.0441 2
-1.23532 10.2549 2
-3.58588 6.05135 2
-2.7299 8.04498 2
-2.55448 6.51177 2
-2.16825 11.2151 2
-2.84989 8.0102 2
-2.3991 8.5874 2
-2.10653 8.30166 2
-2.86993 7.80296 2
-1.8231 8.96711 2
-2.56404 8.82429 2
-3.04022 8.44873 2
-1.40762 10.4081 2
-2.0646 10.6759 2
-2.5449 9.92338 2
-2.02522 9.13567 2
-1.92663 6.72045 2
-1.54519 10.4458 2
-1.23564 9.74157 2
-3.4468 5.18679 2
-2.73179 10.009 2
-2.38398 9.42301 2
-2.66527 8.85267 2
-2.53186 8.21271 2
-2.71747 9.55706 2
-1.60955 7.7308 2
-1.33776 10.4994 2
-2.23808 8.14692 2
-2.15737 10.8583 2
-1.75115 9.72029 2
-2.22672 8.91444 2
-2.06095 9.99604 2
-3.01761 9.43 2
-2.25398 9.39484 2
-4.09809 8.67891 2
-2.20837 9.75391 2
-2.11684 9.27339 2
-2.36039 9.78771 2
-2.03843 8.94437 2
-2.40826 8.0712 2
-2.69939 7.69376 2
-1.14223 9.10252 2
-2.52056 9.19095 2
-2.51122 8.97956 2
-1.80636 9.54844 2
-2.4665 8.73863 2
-2.33907 7.83523 2
-2.3266 8.40693 2
-1.92599 10.6317 2
-2.62523 7.82282 2
-1.56558 9.17402 2
-1.74476 9.2479 2
-1.67568 8.52014 2
-2.9605 8.99346 2
-1.14492 9.0336 2
-2.13686 8.80754 2
-2.81675 12.3019 2
-2.80905 8.29168 2
-3.48072 6.5245 2
-2.1421 9.15202 2
-2.15113 9.13709 2
-3.5977 8.83768 2
-2.93685 9.46532 2
-2.39047 9.57589 2
-1.55998 9.55402 2
-2.03321 8.93288 2
-3.09755 8.07823 2
-0.85091 9.13355 2
-0.990434 9.85002 2
-0.329547 10.077 2
-2.88987 7.81408 2
-3.56002 8.5946 2
-2.13123 8.46432 2
-1.44569 9.43641 2
-1.82716 7.06417 2
-2.3412 8.43568 2
-1.60695 10.6045 2
-2.51517 11.843 2
-1.78947 10.5486 2
-2.37256 9.57823 2
-2.48987 7.07248 2
-3.41674 8.34512 2
-2.15821 10.4783 2
-2.52966 8.80958 2
-2.96138 7.26261 2
-2.00128 8.71616 2
-4.48671 5.3042 2
-2.26144 12.3896 2
-1.76302 9.92862 2
-2.84219 8.37295 2
-3.23456 9.14718 2
-1.62979 9.57056 2
-2.68065 9.8054 2
-3.15536 7.50661 2
-3.21827 6.40194 2
-2.43597 8.19517 2
-1.74532 8.15006 2
-2.53515 9.69319 2
-3.50907 9.49048 2
-3.29643 9.33447 2
-1.80645 10.3502 2
-2.05764 8.41177 2
-2.46476 8.21039 2
-1.73584 10.011 2
-1.46273 10.2774 2
-1.86854 9.00197 2
-2.96293 10.4588 2
-1.71468 8.7376 2
-2.69423 9.27583 2
-2.01568 7.96438 2
-1.36622 9.19643 2
-1.83401 9.30937 2
-2.28419 8.7265 2
-1.45402 8.47871 2
-2.90617 9.15128 2
-2.16652 8.35127 2
-0.999628 8.26035 2
-2.92411 7.9927 2
-3.61175 8.48303 2
-1.4311 8.92688 2
-2.34301 8.78604 2
-1.66234 12.2014 2
-1.79141 7.66607 2
-2.6243 10.7759 2
-2.66919 6.86686 2
-2.69213 9.75736 2
-1.77006 10.4922 2
-2.25698 9.79044 2
-2.10537 8.07654 2
-2.16648 8.55992 2
-2.06388 10.4239 2
-2.02383 7.76425 2
-2.40093 8.52306 2
-2.77631 8.49839 2
-1.68739 9.9843 2
-2.32694 7.93245 2
-2.68111 8.08905 2
-2.88155 11.9372 2
-4.10593 8.6524 2
-1.76208 11.0342 2
-2.19706 9.14465 2
-2.74223 10.2743 2
-1.80701 8.56699 2
-2.40359 10.242 2
-2.92656 6.69431 2
-2.23077 9.84403 2
-2.09792 9.59937 2
-2.22775 9.78626 2
-1.45635 9.22069 2
-2.29479 7.67507 2
-1.02155 10.3986 2
-2.56052 6.1053 2
-2.46664 8.38872 2
-2.73671 6.07636 2
-3.04022 7.84906 2
-1.94938 10.535 2
-2.26542 7.43761 2
-1.63769 11.4224 2
-1.30449 10.4006 2
-2.05024 8.13848 2
-1.94554 8.70037 2
-2.58741 8.31702 2
-2.34491 7.4177 2
-2.95064 8.58773 2
-2.47173 8.58188 2
-0.688215 11.292 2
-2.45104 8.17318 2
-1.20513 11.0605 2
-1.9099 11.8741 2
-2.00164 10.7129 2
-2.6738 7.66797 2
-2.48739 8.28216 2
-2.97361 5.70708 2
-1.48281 6.93785 2
-2.61057 10.6354 2
-2.47862 9.67084 2
-2.15966 8.86778 2
-2.83885 6.32874 2
-3.61518 6.57653 2
-2.59108 8.79572 2
-1.2747 9.99978 2
-2.50973 9.2471 2
-2.48602 9.11899 2
-1.49654 9.94897 2
-2.56346 7.38135 2
-2.40539 7.20327 2
-3.05717 6.76124 2
-2.71731 6.95326 2
-1.55946 7.49816 2
-1.85618 8.31263 2
-3.41694 7.46017 2
-2.14871 11.2792 2
-2.81228 10.7867 2
-2.25655 9.09912 2
-3.62323 9.29608 2
-1.48881 11.4329 2
-3.66216 6.93862 2
-2.31617 8.56626 2
-2.08491 9.48069 2
-2.30882 7.1065 2
-1.72709 10.0901 2
-2.80568 9.60526 2
-2.06963 11.6588 2
-1.98954 11.3702 2
-1.64897 11.5138 2
-2.26018 10.6509 2
-2.59011 8.43148 2
-2.96664 7.54657 2
-2.05364 11.0201 2
-1.67092 9.82461 2
-1.99103 9.00523 2
-1.87692 9.0314 2
-1.34578 9.13673 2
-1.89291 11.5894 2
-1.20351 8.66923 2
-2.7539 6.82051 2
-2.3632 8.96029 2
-2.54928 5.43082 2
-2.51776 7.07076 2
-0.843608 10.0269 2
-2.39631 7.14338 2
-2.4335 8.73588 2
-2.80739 9.39561 2
-2.62319 8.83484 2
-2.96696 10.6158 2
-3.04621 8.04848 2
-2.37918 6.65021 2
-3.13962 8.06539 2
-1.61442 10.356 2
-2.30239 7.62877 2
-2.52136 10.6239 2
-1.94605 10.4245 2
-2.80299 10.4702 2
-1.25213 10.0139 2
-2.02335 8.90485 2
-2.4401 8.71595 2
-2.90759 3.73432 3
-3.28276 -0.3547 3
-3.18702 -4.44805 3
-2.89445 -2.87519 3
-2.98918 -5.7345 3
-3.15456 -8.76528 3
-2.83815 0.291356 3
-3.30507 -1.69411 3
-3.10012 -4.79364 3
-3.11651 -3.55567 3
-3.15133 -6.32939 3
-3.0982 -0.880505 3
-3.50596 -9.68408 3
-3.38919 -1.0491 3
-3.17931 -5.68117 3
-3.15268 -5.41728 3
-2.80108 1.93157 3
-3.04393 -6.84793 3
-2.79138 4.0034 3
-3.29849 -0.455289 3
-3.10384 -4.82036 3
-2.90107 -7.61371 3
-3.35965 -4.56683 3
-3.06443 -7.70514 3
-3.18184 -2.54848 3
-3.16571 2.66237 3
-2.73966 -0.258207 3
-3.34434 -1.06983 3
-3.0905 -2.52531 3
-3.30361 -3.14596 3
-3.0293 -4.57365 3
-3.12011 -0.47497 3
-3.00726 2.19177 3
-3.00219 -1.53625 3
-3.01906 -0.744546 3
-3.11699 -5.0481 3
-3.09024 -4.96092 3
-3.23792 -5.53005 3
-2.79797 -1.96614 3
-2.87481 0.698361 3
-3.15716 -1.20543 3
-3.16334 -3.15591 3
-2.96708 -0.430406 3
-3.14212 2.81091 3
-3.21504 -2.19499 3
-3.27179 -8.5604 3
-3.19884 -3.8438 3
-2.90627 -3.00057 3
-2.95502 -4.53855 3
-3.0367 -3.00284 3
-3.28759 -6.41361 3
-3.03679 -3.75323 3
-3.47194 -4.38244 3
-3.16624 -2.30971 3
-3.16877 1.52214 3
-3.24142 0.47532 3
-2.96321 -3.63783 3
-3.144 0.608179 3
-3.10459 -3.62814 3
-3.0782 -2.47091 3
-3.386 -1.35375 3
-3.24148 -3.27524 3
-3.17315 -1.59535 3
-3.36423 -4.21228 3
-3.33112 -1.33072 3
-2.9765 0.0548613 3
-3.03569 -3.32925 3
-2.91837 -5.18057 3
-3.14802 -6.91005 3
-2.96521 -1.70411 3
-3.14179 -6.13464 3
-2.88606 -1.05983 3
-3.17203 -5.72493 3
-2.95835 0.403399 3
-3.21354 -2.16805 3
-3.22908 -6.14826 3
-3.11217 -1.22131 3
-3.18199 -1.72798 3
-3.41045 -3.82897 3
-3.00566 -7.2819 3
-2.99495 -2.26773 3
-3.33246 -3.66909 3
-3.12183 -0.920583 3
-2.95383 0.481034 3
-3.05658 -2.97126 3
-2.97767 -2.29201 3
-3.39999 -2.12175 3
-3.06083 -4.43292 3
-3.18248 -6.89127 3
-3.11171 -1.81012 3
-3.24209 1.06396 3
-2.85083 -4.01936 3
-3.07995 -4.1975 3
-3.11188 -0.349016 3
-3.00549 -1.12704 3
-3.10852 2.59951 3
-3.38982 0.291224 3
-3.13316 -2.48097 3
-3.01919 -3.03113 3
-3.27993 -6.76836 3
-3.18462 1.67907 3
-2.98487 0.822597 3
-3.35598 -4.56086 3
-3.12666 -6.55453 3
-3.20577 -5.17675 3
-3.54765 -2.32195 3
-3.22391 1.60323 3
-3.00135 -0.383799 3
-3.10918 -8.73985 3
-3.13317 -5.22548 3
-2.91013 0.0818416 3
-3.00706 -5.43392 3
-2.96455 -2.16508 3
-3.17032 -7.85582 3
-3.20738 -6.63607 3
-3.0213 -5.20121 3
-3.18675 -7.96091 3
-3.31263 -5.96044 3
-3.13553 -0.803165 3
-3.32492 0.471572 3
-3.09517 2.04041 3
-2.78086 -5.88953 3
-3.1296 -0.449764 3
-3.24586 -7.68563 3
-2.74563 -0.988688 3
-2.94259 -1.84818 3
-3.20049 -7.29551 3
-3.2345 -1.4053 3
-3.21133 -1.48252 3
-3.24822 -7.38593 3
-3.1283 -3.11701 3
-3.12082 -5.97943 3
-3.25506 -5.04244 3
-3.03756 -3.89089 3
-3.01252 -1.7085 3
-2.9913 -5.12913 3
-2.88368 -1.81157 3
-3.41468 3.41335 3
-3.10415 2.26828 3
-3.26497 -8.88724 3
-3.2314 3.66295 3
-3.11438 -5.37203 3
-2.87996 0.431436 3
-3.29281 -6.80837 3
-3.15627 1.18975 3
-3.09409 -0.663464 3
-3.0514 -4.60746 3
-3.16105 2.73169 3
-3.05117 -0.489209 3
-2.99462 -1.68722 3
-2.95537 -1.02542 3
-3.28651 -3.81326 3
-3.05455 -7.9314 3
-3.14866 -3.08687 3
-3.02221 3.71763 3
-3.23679 -1.89907 3
-3.12572 -2.44576 3
-3.17577 -2.98775 3
-3.19135 -3.67396 3
-3.09773 4.23194 3
-3.2992 -2.29363 3
-3.43513 -0.738323 3
-3.36499 -7.75677 3
-3.32156 -1.76499 3
-3.02749 -3.27604 3
-2.95518 1.19846 3
-2.97779 2.02489 3
-3.15274 -2.55247 3
-3.07782 -3.84828 3
-3.14918 -4.8902 3
-3.29312 -10.1599 3
-2.96623 -4.0703 3
-3.13734 -7.69096 3
-2.82783 -4.60967 3
-3.03712 -1.81239 3
-3.28094 0.417209 3
-2.95791 -1.72144 3
-3.25004 -5.01567 3
-2.93261 -4.96056 3
-3.26387 -5.91759 3
-2.98682 -4.47922 3
-2.89435 -2.79317 3
-3.04827 -5.12235 3
-3.12453 2.64647 3
-3.10047 -10.0178 3
-2.86397 2.84581 3
-3.03051 -2.23809 3
-3.25569 -7.64523 3
-2.83076 -4.223 3
-3.3366 -7.42968 3
-2.91079 -8.35044 3
-3.08983 -0.73517 3
-3.4193 -3.45392 3
-3.47896 -11.663 3
-3.33571 -5.89627 3
-3.06163 -2.996 3
-3.34957 -3.32173 3
-3.47133 -6.72981 3
-2.96325 -2.56302 3
-2.91203 -2.28049 3
-2.96134 -2.42217 3
-2.9549 -6.45938 3
-3.46637 2.76567 3
-2.89757 -4.95112 3
-3.09924 -3.90895 3
-3.17311 -5.46154 3
-3.25883 1.82691 3
-2.87359 -5.02842 3
-3.23718 -2.57012 3
-3.19714 -1.53732 3
-3.01576 -0.270026 3
-3.10689 -0.338165 3
-3.07613 -2.03815 3
-3.35409 -1.55296 3
-3.23001 -2.08601 3
-2.9619 -4.35759 3
-3.0583 -6.38236 3
-3.01012 -1.03809 3
-3.2416 -4.28835 3
-3.03751 1.17167 3
-3.34728 -0.614024 3
-3.08319 -3.26068 3
-3.12131 -5.39231 3
-3.29042 0.121355 3
-3.03028 -3.85879 3
-3.09515 -6.66512 3
-3.41112 -2.31871 3
-3.21899 0.672579 3
-3.32379 4.62783 3
-3.28088 -2.63958 3
-3.42969 -1.37207 3
-3.13508 -4.07601 3
-3.2344 3.18548 3
-3.31368 1.00282 3
-3.31842 -2.69347 3
-3.26809 -1.57318 3
-3.04862 -1.66511 3
-2.99497 4.97122 3
-3.20916 -2.82655 3
-2.74273 -3.64235 3
-2.94024 -0.472455 3
-3.27849 -8.61576 3
-3.26381 -5.43528 3
-3.10636 -4.0674 3
-3.16545 0.122199 3
-3.1588 -5.77672 3
-2.9754 -5.52499 3
-3.14893 -6.36951 3
-3.09556 -3.04424 3
-3.4101 -1.08364 3
-2.97529 -8.09982 3
-3.52993 2.77721 3
-3.12181 2.85389 3
-2.85435 -1.21138 3
-3.43604 -3.10042 3
-3.42874 -1.60184 3
-3.10696 -8.36144 3
-3.05664 -4.33384 3
-3.03883 -15.4265 3
-2.96565 -6.59211 3
-2.90974 -2.10071 3
-3.46109 -3.20786 3
-3.53438 -3.42089 3
-3.18838 1.58393 3
-3.02992 -7.46251 3
-2.80914 -2.81553 3
-3.04586 -7.55174 3
-3.09284 -5.69835 3
-3.24928 -3.15769 3
-3.371 -0.308097 3
-3.13583 -6.19155 3
-2.93523 -2.96505 3
-3.12747 2.49805 3
-2.77588 -5.21194 3
-3.09248 0.0685875 3
-3.20297 -3.67986 3
-2.96646 -1.47916 3
-2.77549 -2.16152 3
-3.17938 -1.47767 3
-3.07537 -4.14747 3
-2.93733 -2.9749 3
-3.14845 -0.730836 3
-3.33422 -4.24647 3
-3.18514 -2.29713 3
-3.28322 -7.44889 3
-3.08479 -0.667362 3
-3.17138 -6.04762 3
-3.2663 -1.63332 3
-3.11357 -1.80508 3
-3.13686 -5.60721 3
-3.49598 -2.06289 3
-3.24735 -2.34656 3
-3.20932 -4.23829 3
-2.94727 -0.844015 3
-3.06759 -7.1383 3
-2.87882 -8.77762 3
-2.99989 -2.48501 3
-3.20982 -0.14439 3
-2.9464 -2.36683 3
-3.22784 -2.50878 3
-3.21332 -3.61429 3
-3.24877 -5.34402 3
-3.22138 -4.88598 3
-3.00107 -2.57223 3
-3.30704 1.39988 3
-3.1585 -4.86705 3
-3.25615 -5.04977 3
-3.18007 -5.68548 3
-3.25345 -2.18725 3
-3.19135 -6.65594 3
-3.03061 -0.978578 3
-3.18182 -1.1528 3
-3.2325 -4.01705 3
-3.10645 -1.65847 3
-2.87982 -4.75766 3
-3.23229 -3.10695 3
-3.12213 0.303691 3
-3.39549 -1.41001 3
-3.08818 -2.20646 3
-3.03863 0.883996 3
-3.03784 -6.46177 3
-3.28139 -6.80035 3
-3.1945 -2.00225 3
-2.84609 0.452723 3
-2.81308 -1.98769 3
-2.94581 -6.32835 3
-3.05143 -2.53078 3
-3.16843 1.91926 3
-3.0584 -5.46802 3
-3.16108 -3.68249 3
-2.88193 0.66998 3
-2.95379 -1.5113 3
-3.10132 -2.63609 3
-2.96946 -6.53533 3
-3.20461 0.568723 3
-3.28353 -0.635805 3
-3.25558 0.0251688 3
-3.0897 -1.7909 3
-3.47857 4.69326 3
-3.11145 2.3181 3
-3.23768 1.75825 3
-3.14388 -2.17569 3
-3.17255 -1.25653 3
-3.03217 -4.53996 3
-3.1359 -2.65139 3
-3.01624 0.189415 3
-3.17956 -3.40288 3
-3.12654 -5.02561 3
-3.2813 -5.18392 3
-3.06031 -5.80143 3
-3.38017 -3.46626 3
-3.16185 -3.36664 3
-2.93002 0.199328 3
-3.28313 -2.76741 3
-2.97607 -3.66246 3
-3.16169 -0.634049 3
-3.06366 2.89641 3
-3.10087 -1.56908 3
-3.14409 -2.70011 3
-2.74098 -1.61768 3
-2.86197 -6.50502 3
-3.2499 -1.95271 3
-3.15726 -3.09575 3
-2.89044 -4.00569 3
-2.91478 -6.14737 3
-3.29771 -6.02736 3
-3.41082 -2.03372 3
-2.72608 -1.14737 3
-3.18091 -4.13387 3
-3.06603 0.864682 3
-3.12946 -5.85697 3
-3.18666 0.991543 3
-3.31616 -4.48541 3
-2.87715 -5.38915 3
-3.2909 3.45331 3
-3.19349 -0.81555 3
-2.95039 -6.80727 3
-3.1481 -0.884642 3
-2.97218 2.88841 3
-3.42753 1.36876 3
-3.12276 -2.5334 3
-3.08165 -2.23407 3
-3.2463 -2.03273 3
-3.40489 -4.31955 3
-3.13201 0.754472 3
-3.16249 -1.1138 3
-3.11541 -1.64127 3
-3.02613 3.81841 3
-3.12921 -5.67707 3
-3.1427 -0.032424 3
-3.28629 -1.14938 3
-3.37502 -3.97828 3
-2.9495 -3.76636 3
-3.10213 -1.65379 3
-3.2931 3.46206 3
-3.15242 0.183299 3
-2.72435 -1.20934 3
-3.02931 -2.64345 3
-3.11484 -8.62417 3
-3.07105 -5.392 3
-3.28454 -6.18187 3
-3.0488 -1.29421 3
-3.39284 -5.9982 3
-2.91539 -5.41951 3
-3.05101 -3.48561 3
-3.04731 -7.65053 3
-3.22464 -3.06208 3
-2.97768 -2.86134 3
-3.09534 -1.58772 3
-3.28964 -2.87898 3
-3.09749 -1.78447 3
-3.04982 -0.733987 3
-3.15812 -3.02638 3
-3.17593 0.0941552 3
-3.12304 -7.6898 3
-3.40581 -1.88975 3
-3.33387 -7.89331 3
-3.35675 0.63518 3
-2.86199 -1.56297 3
-3.29601 -1.36494 3
-3.28483 -5.79531 3
-3.0629 -3.7925 3
-2.74009 -0.479859 3
-2.93797 -4.09853 3
-3.16618 -4.07481 3
-3.2547 -2.85177 3
-3.32155 0.253133 3
-3.08498 -0.0957704 3
-3.14024 -0.354373 3
-2.94139 -4.13811 3
-3.37911 -5.70273 3
-2.99029 -6.46757 3
-3.11646 -5.38307 3
-3.14013 -3.57174 3
-2.8972 4.89384 3
-3.09583 -7.88534 3
-3.20261 -1.27076 3
-2.78107 0.257876 3
-3.08487 -3.28931 3
-2.98012 1.34766 3
-3.20997 -4.99764 3
-3.2425 -4.40181 3
-3.15824 1.69509 3
-3.04751 -8.8991 3
-3.44434 -2.15896 3
-3.00816 -7.4533 3
-3.03726 -1.98863 3
-3.23162 1.62781 3
-3.08377 -5.76359 3
-3.01364 -3.96643 3
-3.06634 1.22284 3
-3.28587 -2.05963 3
-3.2218 1.05206 3
-2.88659 -6.13673 3
-3.23975 0.447309 3
-2.91732 2.77832 3
-3.20098 -2.47927 3
-3.17563 -0.036582 3
-3.22698 -1.52562 3
-3.30145 -1.78732 3
-2.73213 -0.925508 3
-3.33293 -1.01219 3
-3.07653 0.507176 3
-3.0594 -4.15591 3
-2.964 -0.0164273 3
-2.75282 -4.38909 3
-3.03069 -3.06687 3
-3.44763 0.755757 3
-3.3589 -8.11984 3
-2.8999 -4.65071 3
-3.18808 -5.79182 3
-3.14462 -5.0058 3
-3.39149 -5.45892 3
-3.30128 1.57522 3
-3.07135 -2.86653 3
-3.18914 2.49096 3
-3.32722 2.5022 3
-3.2194 -3.79511 3
-3.42698 -0.864397 3
-3.00192 -2.05006 3
-2.93915 -0.879187 3
-2.9502 -2.54278 3
-3.10542 -0.0420766 3
-3.08234 2.05668 3
-3.27365 -2.644 3
-2.81846 -6.00699 3
-3.12898 4.03348 3
-3.03695 -1.81466 3
-3.24744 -4.44362 3
-2.7308 -2.98833 3
-3.16343 -9.29437 3
-2.9163 -0.708142 3
-3.37121 0.336037 3
-3.34698 -2.08069 3
-3.13486 2.94269 3
-2.92888 2.31205 3
-3.11026 -0.744479 3
-2.98749 0.265543 3
-3.09507 -5.59166 3
-3.28435 3.28676 3
-2.96119 0.532894 3
-2.84283 3.17366 3
-2.88362 -8.97295 3
-2.90319 0.369997 3
-2.96812 -2.61774 3
-3.26921 -2.29802 3
-3.05466 -3.81518 3
-2.97249 -3.06658 3
-3.09503 -5.65745 3
-3.03166 -2.55536 3
