8.21419 6.29906 0
5.54673 1.28978 0
8.87498 7.00006 0
9.09436 3.46528 0
7.91259 3.81833 0
3.90606 3.98893 0
7.9598 2.92581 0
5.71608 4.9578 0
14.3307 2.8338 0
5.22051 2.89892 0
5.90514 5.33716 0
8.0353 3.85135 0
12.2261 3.42377 0
8.81505 6.63231 0
10.7839 1.52057 0
7.27282 2.20373 0
7.83933 1.69236 0
10.7174 4.47226 0
1.57829 3.06649 0
2.99232 6.37578 0
4.66072 2.11041 0
6.90774 -0.340701 0
8.57814 4.81484 0
11.0594 5.7197 0
8.56593 3.05384 0
4.87789 3.99042 0
4.85917 1.97782 0
9.4458 2.82083 0
3.1616 4.3397 0
4.96812 5.35286 0
13.085 2.10955 0
11.1986 0.316358 0
-0.978083 3.75967 0
5.65825 3.51935 0
5.87575 4.05948 0
5.15938 5.51806 0
1.03004 2.33239 0
6.19287 5.44243 0
5.58116 4.39937 0
1.78139 3.24533 0
7.74064 2.51197 0
11.6763 8.81745 0
4.4456 2.06832 0
9.72532 7.47306 0
14.1604 8.23262 0
7.34299 3.06872 0
9.4356 3.61803 0
12.6814 4.29228 0
7.84737 3.33254 0
10.5907 3.59984 0
8.70909 3.53915 0
8.986 1.57906 0
8.15132 5.41235 0
4.20246 6.569 0
10.4883 6.32488 0
3.95251 4.07115 0
5.28511 5.2678 0
6.03993 6.01366 0
7.4379 3.64479 0
3.3343 2.59604 0
7.04183 2.74329 0
13.4283 -0.262365 0
8.06767 7.06224 0
4.56582 2.01663 0
9.57909 5.87017 0
7.38594 5.10454 0
1.61747 4.39598 0
6.63564 4.44692 0
5.27328 4.81539 0
8.07415 5.22375 0
10.8343 4.19468 0
8.00823 1.25989 0
6.31332 5.02637 0
4.80557 6.16247 0
6.48485 6.39986 0
2.89606 3.54978 0
7.25251 3.21771 0
12.3015 3.11337 0
4.73246 4.72545 0
9.1461 1.57899 0
8.20411 3.4916 0
5.2739 4.29732 0
5.85866 4.5545 0
6.88514 7.38395 0
4.53217 5.84518 0
3.53492 -0.5622 0
7.69219 6.39267 0
3.2313 2.0718 0
11.4024 3.76261 0
13.9143 4.51309 0
4.97358 3.44219 0
7.27551 6.39399 0
7.53711 -0.133389 0
6.74335 1.2862 0
4.15493 3.84995 0
4.72841 6.77471 0
6.21859 7.47999 0
3.59853 2.27576 0
8.43213 5.13317 0
9.55793 2.61421 0
2.66075 3.47595 0
13.1748 7.04403 0
8.73113 5.7745 0
2.54197 4.28781 0
6.28285 1.86758 0
9.57075 1.85122 0
14.2176 6.00878 0
9.20952 4.43024 0
5.017 5.56551 0
9.98525 5.98163 0
2.59469 3.5353 0
2.94987 2.88486 0
10.43 3.78312 0
3.45208 5.03391 0
-0.305485 10.1428 0
4.84586 7.24731 0
7.39734 8.37184 0
14.3608 3.95508 0
5.19134 2.20428 0
3.91815 2.59518 0
8.4373 5.9095 0
7.13489 4.10435 0
6.88365 9.27141 0
6.92601 0.646033 0
5.5748 2.13962 0
10.6287 4.34765 0
6.20253 5.80688 0
3.68075 1.11196 0
10.3611 5.90194 0
11.26 2.69141 0
7.82024 4.82052 0
5.90427 2.01457 0
4.22105 5.77121 0
3.81792 0.175506 0
4.40843 4.23391 0
9.98285 3.43645 0
3.6952 3.33827 0
10.4597 7.33513 0
6.21921 3.87616 0
9.49717 2.46834 0
9.28352 2.77276 0
4.86729 5.60351 0
7.53055 3.9737 0
9.31659 5.94428 0
12.8294 3.0265 0
7.70417 5.96573 0
7.00182 5.60597 0
8.97534 5.27027 0
2.12835 2.00674 0
0.339639 4.5114 0
16.0326 3.93469 0
9.02963 5.69392 0
5.42699 1.21692 0
5.77539 4.39984 0
6.28711 1.09404 0
4.37795 6.51753 0
4.16525 3.70241 0
5.33289 5.07919 0
8.35289 3.32511 0
6.05392 4.93495 0
7.82826 6.68128 0
9.94449 5.06798 0
7.1454 5.09739 0
8.86168 3.81322 0
12.1096 4.04696 0
3.63976 2.70093 0
7.47238 3.79655 0
6.93355 5.31549 0
5.74464 4.28394 0
4.27432 5.55814 0
3.93133 2.02618 0
10.8399 3.27744 0
6.72762 4.09335 0
5.8555 5.71774 0
8.97362 8.56983 0
12.0579 5.43937 0
5.34309 3.84839 0
7.71451 3.00722 0
9.21131 4.3091 0
11.8034 1.71572 0
0.893032 0.956466 0
7.73258 5.72307 0
3.81548 3.17445 0
5.64455 2.32175 0
3.05281 3.46456 0
8.20335 2.94531 0
6.13212 5.8002 0
12.9174 5.78998 0
10.9013 2.97783 0
11.1466 6.58384 0
6.29078 7.03437 0
3.69054 3.44221 0
9.43344 4.56686 0
3.38966 5.60461 0
4.9376 3.40948 0
6.73521 2.76664 0
7.51517 0.932984 0
5.60685 3.32981 0
2.7022 1.77161 0
6.21766 2.08118 0
10.3975 5.43257 0
10.8866 4.16848 0
6.03456 5.02662 0
3.97234 1.32453 0
5.71951 6.50115 0
6.10795 -0.189479 0
5.85068 2.97275 0
9.06481 6.75612 0
3.6341 3.04677 0
9.18572 1.67002 0
3.20391 6.77726 0
4.14434 3.39153 0
10.8134 7.33189 0
3.58403 5.92693 0
8.79436 3.10798 0
8.32748 0.347244 0
5.70288 6.04983 0
5.00147 4.80963 0
4.68185 3.58064 0
4.49096 3.18908 0
8.51476 7.22292 0
2.83782 3.18341 0
8.16105 7.8468 0
4.50546 2.98476 0
9.26728 3.50438 0
4.05209 4.45915 0
7.37106 5.9167 0
2.92517 4.8418 0
8.42639 4.44635 0
5.47434 4.50279 0
11.036 4.47039 0
12.333 6.92352 0
8.35485 5.12819 0
6.61086 3.72571 0
7.02547 4.12816 0
8.24668 5.99908 0
5.93718 1.84831 0
11.3914 -0.400199 0
5.45713 6.56305 0
11.7536 3.5406 0
5.34169 3.57409 0
8.3839 4.03187 0
9.10947 4.20152 0
8.70443 0.683085 0
11.1636 3.7956 0
1.55864 6.35031 0
7.48833 7.93504 0
7.79931 0.99369 0
6.09255 1.68664 0
8.07658 4.4444 0
14.61 6.28621 0
5.7575 6.87051 0
3.59046 5.51797 0
8.91421 5.72875 0
9.66339 6.1774 0
12.1712 5.94098 0
9.4645 2.96275 0
1.94226 -1.49256 0
4.64023 1.11072 0
0.883888 4.78088 0
2.92941 3.93056 0
7.01345 5.21759 0
11.5557 5.73152 0
10.9235 8.16206 0
4.551 2.99472 0
9.2382 6.59557 0
14.9736 2.03953 0
11.9517 4.8687 0
5.35484 1.71205 0
3.65576 6.44593 0
2.13543 3.48277 0
6.14135 2.20357 0
1.42602 2.72673 0
4.58148 4.79997 0
9.80548 4.20002 0
2.03853 6.73548 0
8.19044 3.68993 0
5.32861 5.83482 0
10.3508 4.40749 0
3.80433 4.05222 0
6.28079 6.56434 0
6.09574 3.5518 0
6.50337 7.13156 0
0.398477 1.86211 0
7.42552 4.28267 0
6.98989 2.5187 0
9.37973 3.69503 0
2.66414 10.9259 0
2.78221 4.13225 0
4.19497 4.85928 0
2.32577 2.98317 0
1.29705 2.70647 0
12.3196 3.3956 0
5.70663 2.56533 0
7.72103 2.91636 0
13.8415 6.42054 0
4.46042 4.57769 0
-2.9523 0.28103 1
-5.24451 -3.31201 1
-9.22455 -4.35069 1
-2.4187 0.456924 1
-7.75521 -0.0852493 1
-12.6291 -4.87591 1
-4.21485 -0.847542 1
-6.91742 -13.5377 1
-8.84167 -8.44394 1
-9.95171 -5.96574 1
-5.37923 -4.19048 1
-7.41192 -7.00418 1
-5.73911 -3.23103 1
-9.48921 -7.45243 1
-11.1534 1.1196 1
-12.4764 -0.718313 1
-15.907 -3.74838 1
-9.89756 -4.59502 1
-7.43204 4.1039 1
-5.01596 -7.83052 1
-9.71477 2.28074 1
-8.30974 -4.47346 1
-7.75833 -10.2571 1
-0.954143 -7.38857 1
-7.86633 -2.60732 1
-3.03698 -4.96769 1
-11.8175 -8.08223 1
-9.87717 -2.75958 1
-5.93076 0.365469 1
-7.59765 0.0693054 1
-15.9205 -3.10618 1
-13.0544 -7.35565 1
-5.13199 -5.73117 1
-11.9643 -8.39415 1
-8.0705 -3.78577 1
-7.14145 -5.16131 1
-18.2916 -5.85221 1
-11.1024 -13.7989 1
-13.7835 -1.81639 1
-4.79368 -5.93597 1
-12.5635 -0.967885 1
-4.87595 -9.4656 1
-6.55272 -10.245 1
-9.10043 -5.79182 1
-12.2463 -4.3677 1
-4.20367 -0.613896 1
-7.52815 -9.14371 1
-14.1871 -3.79752 1
-6.03384 -5.15476 1
-6.17061 -3.96249 1
-8.06769 -3.94779 1
-7.26753 -10.2262 1
-9.59667 2.94227 1
-16.0487 2.8219 1
-13.3468 2.42551 1
9.9506 -9.95411 2
2.72516 -9.32444 2
7.71778 -9.70979 2
8.21021 -9.71957 2
1.02606 -10.4417 2
17.2462 -10.0543 2
15.7504 -10.1659 2
9.61751 -10.4211 2
5.6386 -9.57619 2
12.1367 -10.1659 2
8.59965 -9.81024 2
13.6065 -10.3215 2
6.60719 -10.4399 2
9.51639 -9.925 2
12.4783 -11.054 2
2.92981 -9.68695 2
10.3038 -9.50262 2
5.25396 -9.54008 2
7.83828 -9.55741 2
-0.10544 -9.52146 2
5.99371 -9.95938 2
10.3587 -9.89006 2
7.01199 -9.2863 2
9.45223 -9.9733 2
-0.222895 -10.0438 2
10.0067 -9.08148 2
6.87578 -10.323 2
13.7194 -10.9613 2
7.89043 -10.0436 2
4.5126 -9.53948 2
4.14555 -9.19339 2
14.6449 -10.6397 2
8.92936 -9.78863 2
7.13184 -9.31877 2
13.0444 -9.03335 2
11.4343 -10.3952 2
4.38863 -9.93441 2
-2.05841 -9.22288 2
9.50618 -8.98296 2
11.3316 -10.0209 2
6.65337 -9.45263 2
11.5038 -10.184 2
-0.00933495 -10.4172 2
4.47506 -9.746 2
2.17146 -9.67331 2
7.79905 -10.0591 2
8.21443 -10.2265 2
8.26215 -10.0056 2
2.52967 -9.50531 2
12.6208 -9.3374 2
4.73926 -9.70353 2
15.6617 -9.13133 2
6.67191 -9.2708 2
6.78623 -9.92594 2
6.37631 -10.0582 2
10.9912 -9.69192 2
12.0375 -10.5639 2
12.6865 -9.64553 2
9.83708 -8.77551 2
6.60349 -10.3812 2
-0.22541 -9.85721 2
11.4712 -10.3877 2
14.8938 -9.20528 2
14.406 -10.0566 2
4.43009 -9.29717 2
4.31422 -9.3913 2
7.66741 -9.98811 2
2.54483 -9.90661 2
6.36182 -8.6125 2
14.0045 -9.06323 2
8.85709 -8.82221 2
10.8177 -10.869 2
6.77168 -9.46771 2
8.56003 -9.45788 2
11.1846 -10.0952 2
9.0183 -10.7164 2
7.06982 -10.6899 2
7.72971 -10.9717 2
7.87702 -9.71785 2
8.63295 -10.0531 2
8.4753 -9.33292 2
4.90358 -9.79286 2
8.66936 -9.38386 2
9.25139 -9.11936 2
0.844929 -9.77013 2
4.09643 -9.82827 2
13.0596 -10.1309 2
13.5282 -8.91931 2
3.06215 -9.92946 2
1.46984 -9.59064 2
6.32869 -8.67055 2
10.9819 -10.4372 2
6.21827 -9.35259 2
8.02325 -9.74662 2
11.7074 -10.3146 2
9.52095 -9.34557 2
9.14876 -10.4317 2
11.8327 -10.8911 2
8.8917 -9.98725 2
4.47819 -9.76868 2
11.9521 -9.61693 2
7.83412 -9.53977 2
5.43713 -9.00875 2
14.0062 -9.59671 2
13.6547 -9.89196 2
16.3726 -10.227 2
6.75614 -9.80767 2
8.82144 -9.3628 2
12.8393 -9.98496 2
5.88452 -9.16003 2
6.26789 -10.1654 2
11.4624 -9.39264 2
8.52437 -9.73181 2
4.93444 -9.80552 2
15.2213 -9.59672 2
9.93294 -9.63021 2
2.21752 -9.12927 2
9.95299 -10.2933 2
13.1274 -8.95757 2
-0.709787 -9.78442 2
10.5913 -8.94901 2
5.68361 -9.76874 2
7.35733 -9.69566 2
8.61375 -9.29754 2
8.01071 -9.26511 2
9.33426 -10.509 2
7.56209 -9.82671 2
6.70147 -10.2464 2
10.7345 -9.82178 2
11.6499 -10.1361 2
-2.80267 -8.75301 2
9.91771 -9.33363 2
6.58526 -10.1193 2
6.69502 -9.90569 2
5.2537 -9.38029 2
12.9529 -9.92997 2
16.4054 -9.93258 2
6.75824 -9.65228 2
4.36654 -9.32273 2
5.62019 -8.98415 2
10.4332 -9.55493 2
8.54677 -9.4583 2
3.62392 -9.59665 2
4.85555 -8.8005 2
9.23834 -9.04077 2
2.39954 -8.96937 2
-0.840666 -9.3405 2
8.4913 -9.90882 2
5.25453 -9.65631 2
9.48417 -9.34396 2
6.67873 -9.80158 2
9.0827 -9.38141 2
2.117 -9.74838 2
4.26943 -9.54458 2
10.1029 -9.23947 2
11.1611 -9.44838 2
6.19976 -10.3022 2
3.68869 -9.43265 2
7.50271 -9.93651 2
5.24352 -7.94973 2
4.97989 -10.1005 2
3.75005 -10.2226 2
4.74926 -9.54143 2
10.6572 -10.0996 2
6.16957 -9.3629 2
9.24348 -9.80413 2
5.92428 -9.92732 2
9.4688 -10.0003 2
10.0504 -10.6313 2
6.4746 -9.68597 2
1.88447 -9.54492 2
6.46935 -10.1254 2
10.8629 -9.46429 2
9.54421 -10.9059 2
6.70535 -9.9474 2
11.2025 -9.83277 2
5.10116 -10.3908 2
14.8038 -9.40492 2
11.2903 -8.8802 2
5.86757 -10.2566 2
11.0292 -9.21442 2
13.2966 -8.67732 2
6.77932 -9.77327 2
5.27638 -9.61709 2
8.07803 -9.95687 2
14.8683 -10.6422 2
7.7995 -9.77996 2
0.193518 -10.1175 2
6.53191 -9.33323 2
9.98358 -9.81283 2
6.6233 -9.38482 2
10.4794 -10.1735 2
10.9208 -10.147 2
8.86369 -9.97306 2
6.88392 -9.44637 2
9.15676 -9.30672 2
6.99306 -8.81172 2
9.37222 -10.3859 2
3.91407 -9.73364 2
2.53484 -9.21777 2
10.5906 -10.2016 2
4.70382 -8.82864 2
3.33374 -9.69111 2
2.22347 -9.91814 2
20.188 -10.3481 2
6.54674 -9.5011 2
3.51877 -9.37432 2
12.385 -9.49201 2
3.36417 -9.34392 2
10.0681 -8.60233 2
3.59371 -9.91993 2
1.73469 -8.74139 2
9.03738 -10.1981 2
6.53261 -9.80985 2
12.5761 -9.71726 2
10.0998 -10.0812 2
10.2324 -9.02112 2
4.756 -9.99479 2
9.66412 -10.2233 2
12.7055 -10.0881 2
8.08023 -9.32314 2
8.70702 -9.86523 2
8.60637 -10.7131 2
8.95546 -9.36708 2
2.71598 -10.2088 2
7.55458 -9.5268 2
14.8695 -9.92194 2
6.95146 -9.35444 2
4.61066 -9.53271 2
5.96161 -9.99057 2
6.13586 -9.44274 2
5.2267 -9.25868 2
11.4114 -9.3462 2
9.78962 -9.58146 2
8.63814 -9.27063 2
2.35768 -9.49131 2
7.38806 -10.6139 2
10.6677 -10.3729 2
-0.225236 -10.9449 2
0.787076 -9.12756 2
3.01607 -9.38052 2
3.24834 -9.22206 2
0.870338 -10.0331 2
7.53594 -8.30093 2
2.89985 -10.6053 2
7.12876 -10.712 2
7.56731 -9.4183 2
9.62718 -8.90337 2
7.1709 -9.44762 2
12.2411 -10.6286 2
7.12082 -9.90276 2
12.8418 -9.28828 2
9.88707 -10.1557 2
4.55177 -9.42079 2
6.60887 -8.89382 2
8.99454 -9.59165 2
12.444 -10.1013 2
5.42104 -9.69041 2
6.50503 -9.99523 2
9.04164 -10.2176 2
9.33772 -10.0711 2
7.68475 -10.0352 2
3.85237 -8.88375 2
9.03082 -9.96455 2
13.4817 -9.30334 2
5.80525 -9.83904 2
8.20753 -9.2158 2
1.5981 -9.28416 2
4.78023 -9.80199 2
6.16478 -9.1296 2
6.84763 -9.47203 2
4.96172 -9.30437 2
8.79123 -10.5799 2
4.52615 -10.4315 2
6.17194 -8.57242 2
10.0989 -9.92264 2
14.9892 -8.94845 2
9.17975 -9.43232 2
12.265 -9.45435 2
7.83649 -9.78177 2
5.51202 -10.661 2
9.41951 -10.4583 2
4.29271 -9.02617 2
1.46021 -8.85821 2
7.43962 -10.1266 2
6.80221 -10.0467 2
8.88084 -9.26274 2
10.1917 -10.5643 2
6.2867 -9.95478 2
11.4472 -9.28366 2
9.76566 -9.29221 2
6.67803 -9.84092 2
6.47338 -10.3141 2
8.21381 -10.0875 2
8.10853 -9.24608 2
10.0334 -9.64735 2
4.0658 -8.49417 2
11.0646 -9.61583 2
13.3543 -10.4245 2
11.8673 -10.491 2
11.9852 -10.1491 2
14.7139 -10.1314 2
7.80158 -9.49785 2
14.1664 -10.1627 2
6.10794 -9.65394 2
5.97621 -9.54481 2
13.1679 -10.4558 2
4.4063 -10.9438 2
0.946386 -10.64 2
10.6263 -9.106 2
9.06432 -9.5279 2
6.69014 -9.03444 2
14.0321 -9.90606 2
8.16265 -9.74276 2
13.4251 -9.4271 2
6.99354 -9.21935 2
7.685 -9.52181 2
6.18707 -10.5041 2
1.09773 -9.90068 2
4.48068 -9.09791 2
7.22054 -10.4845 2
5.62634 -10.8679 2
4.02439 -9.42901 2
9.78114 -9.64588 2
12.9618 -10.2794 2
6.20577 -9.82343 2
12.5972 -10.4951 2
11.1088 -10.0357 2
8.13036 -9.86333 2
7.45556 -9.77014 2
9.63139 -9.18307 2
3.47698 -9.77131 2
2.36603 -10.5816 2
7.44042 -9.54744 2
4.17224 -9.62467 2
6.03305 -9.14771 2
0.361755 -9.00242 2
5.17266 -9.51691 2
5.85435 -9.60213 2
10.5999 -11.1477 2
7.1291 -9.61881 2
-10.9002 6.67067 3
-12.8114 7.36768 3
-10.2909 6.79961 3
-9.15977 7.05145 3
-7.30417 6.72888 3
-9.84438 6.81687 3
-8.45405 6.96163 3
-10.339 6.21885 3
-8.74343 7.03509 3
-11.0429 7.12776 3
-9.68795 7.89177 3
-7.97805 7.66241 3
-9.52012 6.50931 3
-12.6682 7.51443 3
-8.86552 6.75373 3
-5.16132 7.40384 3
-11.7014 7.11173 3
-5.27232 7.18672 3
-7.31957 7.22183 3
-10.4945 7.15367 3
-11.4152 6.74671 3
-8.85722 7.26622 3
-14.732 6.97709 3
-7.55513 7.81997 3
-11.1712 6.96932 3
-10.2065 7.39356 3
-8.91509 7.66547 3
-9.21503 7.08161 3
-9.21266 7.0256 3
-10.2176 6.6733 3
-8.72607 6.97067 3
-6.75066 7.04376 3
-8.91865 6.52259 3
-10.7843 6.45289 3
-9.39959 7.56308 3
-11.0961 7.62529 3
-9.64801 5.46563 3
-10.1697 7.04688 3
-10.1303 7.54531 3
-9.85817 6.77711 3
-11.6754 6.8261 3
-7.13861 7.50147 3
-11.6046 6.6326 3
-7.75572 7.19885 3
-7.68023 6.82498 3
-11.6492 6.74369 3
-7.19936 6.5815 3
-13.299 7.34831 3
-9.80816 6.36681 3
-12.1319 6.50497 3
-10.7621 7.26984 3
-9.83998 7.19312 3
-12.5955 7.50903 3
-8.16538 7.35953 3
-7.72504 6.82753 3
-10.0095 7.26244 3
-8.27212 6.89495 3
-9.22469 7.3152 3
-9.42885 7.04207 3
-10.9966 6.49745 3
-9.08072 6.64493 3
-10.4169 7.66345 3
-7.05645 7.44397 3
-7.27007 6.82036 3
-10.42 7.58536 3
-9.9895 7.03807 3
-6.76439 6.66651 3
-12.4394 6.93778 3
-7.4538 7.47625 3
-10.1914 6.9577 3
-8.15003 7.45329 3
-9.47722 7.36028 3
-7.45703 6.09367 3
-9.86565 7.25965 3
-10.2216 6.98604 3
-11.3724 7.35024 3
-10.2437 7.12261 3
-8.35188 7.34899 3
-7.42242 6.69497 3
-10.4614 7.14263 3
-11.2706 7.10411 3
-7.39261 7.20535 3
-9.79234 7.06012 3
-9.54933 7.67697 3
-10.4804 6.85562 3
-13.2396 8.21428 3
-9.8287 7.03777 3
-6.32903 6.97901 3
-5.46396 6.61662 3
-13.0446 7.40236 3
-9.86427 6.85296 3
-8.3046 7.02133 3
-7.71237 7.07275 3
-8.02095 6.19145 3
-10.138 6.89994 3
-7.02093 7.67686 3
-7.42284 7.37371 3
-10.5398 7.42286 3
-7.94978 7.09663 3
-9.96815 7.12534 3
-11.6661 6.65845 3
-7.46746 7.51148 3
-8.82061 7.27721 3
-7.09791 7.91633 3
-9.24312 7.78503 3
-7.40459 7.40485 3
-8.68282 6.48852 3
-7.3615 7.00977 3
-6.79458 6.76347 3
-6.69302 8.22133 3
-9.3699 7.15226 3
-3.61586 7.14509 3
-8.22282 7.02598 3
-11.9403 7.08434 3
-6.80183 7.0442 3
-10.5115 6.97161 3
-10.2628 6.81982 3
-7.71559 6.60648 3
-6.34498 8.25161 3
-8.25774 7.11448 3
-9.23382 7.15844 3
-8.04998 6.33 3
-9.11369 6.87418 3
-9.18082 7.2438 3
-6.65399 7.56492 3
-12.3498 6.48573 3
-7.7083 7.17419 3
-8.93796 7.02952 3
-8.22414 7.04851 3
-5.74344 7.95069 3
-10.3709 7.02562 3
-10.6483 7.17172 3
-10.3716 6.94327 3
-11.5991 6.78895 3
-9.78259 6.71921 3
-10.7866 7.0037 3
-10.8378 7.03263 3
-10.3004 7.26422 3
-8.2758 7.51569 3
-10.473 6.99566 3
-8.69246 6.08088 3
-6.60322 6.2993 3
-10.3937 6.34055 3
-11.2419 7.6031 3
-7.06206 6.94748 3
-7.86504 7.00374 3
-9.80842 7.16332 3
-10.6683 7.16274 3
-5.85116 6.76065 3
-8.92826 6.76268 3
-9.99833 7.83296 3
-7.53308 6.8997 3
-7.87123 6.42247 3
-7.15501 6.81293 3
-8.82013 6.67823 3
-6.16771 6.87072 3
-5.28101 7.27657 3
-9.34614 7.02322 3
-8.48829 7.16307 3
-10.7611 7.43987 3
-8.73938 7.21648 3
-12.648 6.39386 3
-10.3029 7.25763 3
-6.69635 7.00814 3
-10.5493 7.55778 3
-8.78458 6.25321 3
-8.9868 6.97278 3
-10.674 6.45838 3
-8.94944 7.60139 3
-11.2857 6.9219 3
-11.7063 7.13524 3
-11.4557 6.90756 3
-10.7264 7.58673 3
-10.1024 7.2495 3
-5.37886 7.45666 3
-9.55631 7.23421 3
-10.9015 6.437 3
-10.9873 7.43265 3
-9.1116 7.54956 3
-5.14218 7.19285 3
-7.99304 7.10622 3
-9.6727 6.60697 3
-12.8163 7.37178 3
-11.5643 6.43607 3
-5.23059 7.02063 3
-10.3509 7.03136 3
-10.9727 6.89562 3
-9.29717 7.02817 3
-10.5996 7.18388 3
-10.0211 7.16508 3
-8.27411 7.48984 3
-12.2784 7.49824 3
-7.58233 6.67013 3
-9.62992 7.78365 3
-4.66623 6.90176 3
-10.0737 6.48649 3
-10.1849 7.54159 3
-10.2652 6.42695 3
-3.73807 7.19418 3
-16.2278 7.12743 3
-10.2743 6.7559 3
-5.05994 7.16496 3
-9.56195 7.19164 3
-8.22284 7.66116 3
-10.9763 6.7256 3
-7.80164 7.16433 3
-6.3508 6.57072 3
-12.2295 7.09336 3
-10.2917 7.32054 3
-7.34125 7.22267 3
-6.07281 7.40369 3
-11.2025 6.32481 3
-10.5334 7.19063 3
-9.6014 7.13474 3
-8.29492 7.09031 3
-5.55817 6.89758 3
-5.94826 7.42088 3
-8.08776 6.89974 3
-6.24203 7.03856 3
-8.66126 7.6125 3
-10.2263 7.23367 3
-8.57841 7.01286 3
-9.30506 7.07616 3
-8.72204 5.86202 3
-10.7466 6.96177 3
-9.86634 7.21729 3
-7.94384 7.011 3
-3.84984 6.1562 3
-12.1879 7.54292 3
-9.76707 6.47956 3
-10.2403 6.89375 3
-9.93277 6.94764 3
-9.09516 7.50076 3
-6.77824 7.55267 3
-9.68753 6.70542 3
-8.64923 6.95062 3
-12.9144 6.44718 3
-12.5954 7.48725 3
-10.6385 6.93544 3
-9.84274 7.01917 3
-12.6238 6.81237 3
-9.9918 7.01376 3
-11.2329 7.08895 3
-12.1569 6.97909 3
-10.702 7.2401 3
-12.102 6.67195 3
-9.58898 6.80126 3
-8.52562 7.60326 3
-6.29194 6.84179 3
-10.0956 7.08471 3
-12.2405 7.74396 3
-5.07625 7.46959 3
-5.8393 7.18873 3
-7.90342 6.35073 3
-8.33387 6.37771 3
-13.5329 7.0366 3
-12.5304 6.61858 3
-11.8735 6.89178 3
-4.88267 7.54805 3
-8.97707 7.08249 3
-11.786 7.07582 3
-10.6921 8.00638 3
-6.94874 6.98541 3
-9.4279 7.24545 3
-11.6632 6.77841 3
-11.5873 7.14861 3
-8.33783 7.3328 3
-13.7096 7.56098 3
-7.21876 7.24991 3
-7.97396 7.4426 3
-7.8322 7.15797 3
-5.4017 7.68664 3
-9.21092 7.76304 3
-8.31297 7.55287 3
-9.56715 7.4726 3
-8.9532 7.22091 3
-10.1159 6.77235 3
-10.8111 6.70133 3
-5.05312 8.01683 3
-17.4456 7.52392 3
-9.81506 6.72654 3
-10.058 6.93403 3
-8.63006 7.26676 3
-14.9152 6.39163 3
-11.3289 7.68434 3
-8.62569 6.62951 3
-9.80046 7.04396 3
-7.17388 6.64332 3
-8.77981 7.37275 3
-9.87267 7.01096 3
-7.90843 7.34741 3
-6.97471 7.39026 3
-8.76739 7.18025 3
-10.6109 6.55745 3
-9.3681 6.81666 3
-7.71391 6.45731 3
-4.12494 7.26328 3
-7.431 6.79317 3
-7.84987 7.40405 3
-9.13557 6.81083 3
-8.80865 6.67587 3
-12.8058 7.14317 3
-11.7186 6.58739 3
-8.29702 7.66987 3
-9.80367 6.53949 3
-8.09699 7.24481 3
-9.81116 7.8435 3
-6.70803 7.25491 3
-9.47045 7.79094 3
-10.5988 6.4488 3
-9.2583 7.12231 3
-9.45387 6.73756 3
-8.84319 7.35411 3
-12.7723 7.1865 3
-12.7376 6.70504 3
-9.22497 7.65133 3
-8.81114 7.23674 3
-9.19788 6.19646 3
-10.848 7.07083 3
-8.21562 7.21263 3
-13.3034 6.95851 3
-8.62013 6.17418 3
-8.64016 6.83264 3
-9.26764 6.96874 3
-7.78852 6.40113 3
-9.95812 7.4762 3
-9.59717 7.6794 3
-8.27006 7.03454 3
-10.0368 6.78035 3
-10.7142 7.17369 3
-6.77808 6.82648 3
-10.0389 7.24179 3
-8.75934 7.22007 3
-5.11178 7.39184 3
-10.1483 7.84508 3
-14.6226 7.1715 3
-12.4893 6.88908 3
-9.53505 6.84753 3
-7.84152 6.42069 3
-8.36398 7.14268 3
-5.13913 7.49946 3
-8.08762 7.00408 3
-9.96807 6.97311 3
-13.5587 7.4503 3
-10.9746 7.0787 3
-10.0478 7.91274 3
-10.6758 6.55996 3
-8.43331 7.3521 3
-6.07419 6.82058 3
-10.9406 6.64378 3
-7.57204 7.53119 3
-10.1945 6.63822 3
-5.7672 6.62264 3
-13.7782 6.52866 3
-10.6395 6.49632 3
-6.79197 7.52051 3
-8.30292 6.27938 3
-7.83138 7.29882 3
-9.54829 6.44019 3
-7.82301 6.90647 3
-9.4757 6.59133 3
-10.1425 6.379 3
-9.14946 6.87217 3
-11.2532 7.81536 3
-7.82034 7.04931 3
-9.49419 6.9187 3
-9.88129 6.35546 3
-8.48961 7.03842 3
-11.7573 6.84241 3
-8.9856 7.07006 3
-8.55726 6.64484 3
-12.9221 6.96772 3
-11.8489 6.94708 3
-8.2606 7.61851 3
-7.50839 6.94551 3
-5.9946 6.27468 3
-13.7458 7.00911 3
-8.5342 7.20505 3
-7.58093 7.57013 3
-7.53701 7.68368 3
-8.89063 6.9361 3
-10.0788 6.37824 3
-9.89066 6.72745 3
-8.97202 7.18828 3
-10.129 6.76019 3
