-6.59611 8.20669 0
-5.43404 9.27829 0
-6.71113 8.26354 0
-6.28969 8.45675 0
-6.74925 7.83009 0
-7.21075 7.23667 0
-6.53729 8.34603 0
-7.53257 7.3903 0
-5.99926 9.07538 0
-7.45485 7.02449 0
-6.82011 7.90495 0
-7.00526 7.70563 0
-6.39432 8.57342 0
-5.99066 8.64281 0
-6.96851 7.51058 0
-7.92159 6.6278 0
-7.02795 8.01038 0
-5.48182 9.0588 0
-7.19777 7.31618 0
-5.97962 8.8032 0
-7.38918 7.65626 0
-8.8464 6.57709 0
-7.38744 6.90574 0
-6.9841 7.83586 0
-6.51399 8.07387 0
-7.64949 7.50016 0
-7.3421 7.86041 0
-6.49215 8.08256 0
-6.66267 7.81605 0
4.5702 -6.94396 1
5.02674 -7.67994 1
3.28801 -6.49852 1
4.96729 -7.67651 1
4.42062 -7.36034 1
3.62509 -6.49823 1
5.58123 -8.20683 1
3.69726 -6.77276 1
4.39825 -7.32445 1
4.95259 -6.97592 1
3.43846 -6.61454 1
5.24201 -7.2204 1
6.0442 -7.44729 1
5.15292 -7.85888 1
4.7827 -7.14167 1
5.07483 -7.56183 1
5.02603 -7.78996 1
4.23536 -6.84209 1
3.98836 -6.22674 1
5.34634 -7.79516 1
4.41203 -7.19688 1
3.97364 -6.90488 1
4.68845 -7.17227 1
4.68218 -6.85923 1
4.43756 -6.92621 1
5.30216 -7.91756 1
3.25722 -6.81267 1
4.79907 -7.15346 1
3.56953 -6.57717 1
4.28366 -6.51058 1
4.02878 -7.14939 1
4.6841 -7.59559 1
4.71115 -7.34051 1
4.07577 -6.59257 1
3.19371 -7.12159 1
3.60843 -6.27871 1
5.08485 -7.14965 1
3.3105 -6.89943 1
5.44676 -7.56645 1
4.83833 -6.8034 1
2.717 -6.09416 1
3.82511 -7.29254 1
4.16136 -6.8686 1
4.04204 -6.75995 1
4.69313 -7.39787 1
4.37978 -7.16493 1
5.23951 -7.61726 1
3.93795 -6.43232 1
4.499 -6.56682 1
4.86139 -6.82248 1
5.58394 -7.916 1
4.08989 -6.69979 1
4.86678 -6.50764 1
6.59732 -7.94627 1
4.51546 -7.3949 1
5.23884 -7.07034 1
3.7137 -5.97125 1
5.53837 -7.45509 1
3.70421 -5.97507 1
4.31683 -6.70595 1
4.5317 -7.7301 1
3.81799 -6.96182 1
4.6567 -7.40483 1
4.4616 -6.45537 1
3.34311 -6.99539 1
4.8952 -6.84822 1
3.56384 -6.32155 1
5.26651 -8.19436 1
4.49914 -7.16756 1
5.44902 -7.5337 1
-3.37161 0.137697 2
-4.11671 0.380832 2
-4.72934 2.11796 2
-2.69445 -0.112319 2
-3.18539 0.214605 2
-5.74101 2.27136 2
-4.32842 0.953014 2
-3.98475 1.01304 2
-4.32954 1.73478 2
-4.33757 1.14979 2
-5.32632 1.93181 2
-4.36806 1.40221 2
-3.80629 0.00183387 2
-4.97891 1.1627 2
-5.4382 2.18416 2
-5.42286 2.32057 2
-4.64194 1.10782 2
-3.21158 1.20352 2
6.83337 10.3063 3
4.57494 8.1641 3
4.64351 8.07039 3
6.43138 9.64908 3
7.24187 9.31254 3
6.42029 9.56467 3
4.75721 9.32527 3
4.53741 8.95409 3
5.74546 10.5006 3
5.74963 9.7966 3
5.16098 9.75484 3
5.69526 10.1074 3
5.19791 9.65137 3
5.54561 10.5013 3
4.97075 9.08278 3
6.1459 10.6332 3
4.87078 9.58718 3
6.13751 9.42263 3
4.82161 9.1698 3
5.57045 10.1804 3
4.17864 8.91441 3
4.85306 9.69055 3
5.72475 8.99598 3
5.60186 9.98986 3
5.64294 9.74294 3
4.34401 8.78973 3
6.1973 10.1271 3
4.78899 9.95432 3
6.08796 10.4128 3
6.09096 9.61394 3
5.97465 10.3709 3
6.24018 10.3096 3
5.63758 9.25819 3
6.0678 9.69317 3
-2.59192 11.2714 4
-2.33028 10.0039 4
-2.94896 11.1322 4
-2.17483 12.5323 4
-2.93534 9.51458 4
-3.30375 10.5342 4
-2.38984 9.17929 4
-3.13581 7.93678 4
-2.05236 10.0511 4
-2.31998 9.39044 4
-2.17246 9.78359 4
-2.8065 10.5205 4
-2.58819 9.61052 4
-3.17786 8.29379 4
-3.27016 8.28668 4
-1.51645 11.5331 4
-2.06337 10.3684 4
-2.96498 9.69974 4
-2.63262 11.3034 4
-3.09764 10.9399 4
-1.70425 11.354 4
-2.11353 11.9219 4
-3.72012 10.4903 4
-2.59492 10.2933 4
-2.68424 10.4563 4
-2.06658 10.9726 4
-2.19544 11.1955 4
-2.89194 10.216 4
-2.01791 9.973 4
-2.43334 8.8611 4
-1.8113 10.1162 4
-2.28336 10.7509 4
-1.06838 10.5367 4
-1.56387 9.75916 4
-2.83296 11.3276 4
-3.01878 12.3164 4
-2.07783 10.5911 4
-2.00525 11.1581 4
-2.51754 11.1632 4
-3.22447 10.9908 4
-2.7585 9.54811 4
-3.39085 8.39315 4
-2.06641 10.6821 4
-2.20929 9.59438 4
-2.40166 11.1852 4
-2.91651 9.29796 4
-3.10052 8.95273 4
-3.46892 10.3118 4
-2.04383 12.7484 4
-1.93814 10.9808 4
-2.11933 10.4225 4
-2.05091 12.8411 4
-2.62955 8.83275 4
-2.94936 12.208 4
-3.31321 9.32738 4
-3.7589 7.70262 4
-1.77022 8.85855 4
-1.56166 10.2648 4
-2.40554 9.26255 4
-1.97502 10.3764 4
-2.88023 8.14265 4
-3.27303 9.18291 4
-3.7288 9.85579 4
-1.75022 10.574 4
-2.03475 11.8984 4
-2.58609 10.5808 4
-3.49508 8.92485 4
-2.76663 9.06444 4
-3.07214 9.64778 4
-2.77276 10.0556 4
-2.67398 11.1376 4
-3.44175 10.9935 4
-2.16736 11.7221 4
-2.38594 10.8154 4
-2.4365 10.7085 4
-2.27328 10.5364 4
-2.84333 9.97974 4
-3.04448 9.18576 4
-2.8567 9.27646 4
-2.33558 10.3956 4
-3.02599 10.9085 4
-3.04881 9.11546 4
-4.0423 8.60795 4
-3.28233 7.69984 4
-3.06995 8.15992 4
-3.01113 8.53621 4
-1.94262 10.9777 4
-2.00726 10.5957 4
-3.17936 8.40486 4
-2.7417 9.30067 4
-3.08393 8.38144 4
-2.52929 9.93823 4
-2.09521 9.27283 4
-2.9524 11.0849 4
-2.70961 8.90137 4
-3.79526 8.05144 4
-2.88299 8.71406 4
-3.86106 8.49991 4
-4.90061 -9.14791 5
-3.42504 -10.1352 5
-4.24277 -10.8164 5
-4.15132 -8.0771 5
-5.26 -8.00385 5
-6.13781 -8.85983 5
-6.23601 -10.4734 5
-6.64257 -9.39846 5
-6.36377 -9.37685 5
-6.21808 -8.59908 5
-4.017 -10.8973 5
-5.3118 -7.34636 5
-5.95445 -8.60064 5
-5.07045 -9.82607 5
-5.17213 -9.6454 5
-3.54133 -9.54987 5
-4.96012 -11.2802 5
-6.39486 -8.73401 5
-3.33762 -7.80976 5
-4.77561 -10.2429 5
-4.04945 -12.2245 5
-5.33137 -8.66229 5
-5.28028 -7.43971 5
-5.18351 -9.46657 5
-4.4308 -7.44723 5
-6.36006 -8.62507 5
-4.94723 -9.52755 5
-4.42803 -7.88918 5
-2.4687 -9.63465 5
-4.2179 -9.47892 5
-5.16318 -10.7423 5
-4.40716 -9.09455 5
-5.81429 -7.29154 5
-3.24893 -9.03893 5
-4.66535 -9.22881 5
-5.27167 -8.21888 5
-5.67308 -10.1825 5
-6.31333 -9.29031 5
-2.57872 -9.00266 5
-3.82064 -9.00176 5
-6.42756 -7.57279 5
-5.42508 -8.76412 5
-6.43094 -9.07198 5
-5.68679 -7.8627 5
-5.03759 -9.05591 5
-6.64504 -10.9545 5
-4.12136 -9.05922 5
-3.02448 -9.82238 5
-4.11624 -9.75209 5
-5.4857 -9.1304 5
-5.20182 -8.70221 5
-5.12655 -10.1411 5
-3.28601 -9.5466 5
-5.37427 -8.74223 5
-3.53488 -9.58953 5
-5.89269 -10.9866 5
-3.21241 -7.96258 5
-5.38191 -7.95265 5
-5.03179 -7.94873 5
-6.57741 -6.56733 5
-5.41898 -9.72886 5
-4.88755 -9.2067 5
-2.93907 -8.6809 5
-3.76743 -9.16162 5
-4.45076 -8.16342 5
-2.83564 -11.2218 5
-5.27055 -9.4147 5
-4.9524 -9.4485 5
-3.80359 -7.98739 5
-4.65924 -9.63232 5
-6.52183 -8.49206 5
-7.28376 -7.58765 5
-6.50927 -8.00203 5
-3.83347 -8.49227 5
-4.87624 -8.65508 5
-4.52511 -9.46612 5
-4.88973 -9.08964 5
-3.22755 -9.02039 5
-6.27368 -10.8372 5
-1.95313 -10.8178 5
-3.62639 -8.99252 5
-5.92 -7.25113 5
-4.32858 -8.64757 5
-5.53346 -9.46826 5
-5.2923 -9.7285 5
-6.71766 -7.40817 5
-4.12728 -8.72249 5
-4.01716 -9.33365 5
-2.89635 -8.45687 5
-4.86598 -8.37682 5
-5.1136 -9.95688 5
-4.7568 -6.75191 5
-4.25844 -8.27365 5
-4.66262 -9.09548 5
-2.68413 -13.1 5
-5.47772 -8.94479 5
-5.87163 -8.24513 5
-2.24997 -7.97744 5
-4.68989 -7.16345 5
-4.59722 -9.38932 5
-4.27364 -9.44751 5
-4.56244 -9.80891 5
-2.79028 -8.06553 5
-3.35216 -9.0694 5
-3.39523 -8.48362 5
-3.46566 -11.5545 5
-3.54507 -9.82196 5
-4.70718 -8.0578 5
-4.10146 -11.0915 5
-3.02677 -9.20191 5
-2.87538 6.71621 6
-2.94479 6.68185 6
-2.79074 6.92594 6
-2.82816 6.75384 6
-2.80296 6.49051 6
-2.69609 6.8264 6
-2.47699 6.6016 6
-2.74267 6.84916 6
-3.01574 6.81018 6
-2.84924 6.78441 6
-2.66324 6.63847 6
-2.61165 6.32457 6
-3.19365 6.92429 6
-2.58256 6.40605 6
-3.12461 6.90547 6
-2.76508 6.66954 6
-2.70686 6.92729 6
-2.70292 6.65228 6
-2.67754 6.75164 6
-2.82415 6.84376 6
-2.98301 7.03801 6
-2.72349 6.67556 6
-2.60647 6.52194 6
-2.68287 6.46235 6
-2.60199 6.45429 6
-2.59967 6.71744 6
-2.6966 6.82559 6
-2.35342 6.51634 6
-2.72934 6.56382 6
-2.41864 6.37026 6
-2.48602 6.45351 6
-2.67364 6.68756 6
-3.05998 6.90853 6
-2.68664 6.60784 6
-2.67574 6.58874 6
-2.63767 6.16838 6
-2.7198 6.79354 6
-2.71789 6.35378 6
-2.40149 6.54074 6
-2.64181 6.68677 6
-2.79361 6.62185 6
-2.72833 6.67368 6
-2.5805 6.47582 6
-2.77037 6.62853 6
-3.13946 7.02612 6
-2.54927 6.49503 6
-2.52709 6.62783 6
-2.3291 6.42881 6
-2.85482 7.11794 6
-2.38207 6.49594 6
-2.61906 6.87012 6
-2.91551 6.88581 6
-2.55692 6.33196 6
-2.55669 6.58632 6
-2.41999 6.39324 6
-2.4094 6.44049 6
-2.52043 6.60855 6
-2.76775 6.84623 6
-2.58486 6.48143 6
-2.40705 6.37121 6
-2.89488 6.93697 6
-2.97122 6.72277 6
-2.6864 6.83378 6
-2.86176 6.69009 6
-2.77166 7.05006 6
-2.52992 6.84121 6
-2.49586 6.82561 6
-2.78117 7.05877 6
-2.49754 6.72635 6
-2.82684 6.75918 6
-2.81508 6.87639 6
-2.61636 6.61228 6
-2.7577 6.74717 6
-2.88539 6.66201 6
-2.88671 6.74335 6
-2.5712 6.41909 6
-2.61446 6.5609 6
-2.67832 6.62535 6
-2.74907 6.269 6
-2.73957 6.90169 6
-2.59488 6.49267 6
-2.61681 6.91367 6
-2.67805 6.35922 6
-2.77548 6.79767 6
-2.85221 6.73136 6
-2.62493 7.00604 6
-2.45984 6.41884 6
-2.33435 6.43368 6
-2.72241 6.81838 6
-2.71474 6.95685 6
-2.56775 6.40137 6
-2.4455 6.61776 6
-3.0688 6.99605 6
-2.62949 6.60244 6
-2.94505 6.70896 6
-2.78268 6.68384 6
-2.72651 6.35213 6
-2.8641 7.21903 6
-2.6513 6.57726 6
-2.6422 6.46387 6
-2.49221 6.70644 6
-2.91304 6.77113 6
-3.50583 4.37833 7
-3.38456 3.6579 7
-2.81037 3.00623 7
-3.05087 4.12355 7
-2.93941 2.63101 7
-2.7241 2.75663 7
-3.73605 4.82648 7
-3.4997 3.99963 7
-2.84946 3.79751 7
-4.19636 4.79526 7
-3.79369 4.54955 7
-3.03098 3.35754 7
-2.95075 3.58175 7
-3.57609 4.28399 7
-3.37429 3.90484 7
-3.49715 4.76631 7
-2.62849 3.04519 7
-3.57856 4.21037 7
-3.68337 4.52582 7
-3.24706 4.04255 7
-3.15971 3.81003 7
-3.59563 4.21361 7
-2.41742 2.48255 7
-3.42521 3.29002 7
-3.3089 4.35873 7
-3.56247 3.45378 7
-3.04947 3.33763 7
-3.11257 4.05442 7
-3.07548 3.4955 7
-3.00898 3.90254 7
-3.07791 2.77488 7
-3.73284 4.55236 7
-3.31934 3.69474 7
-3.29438 3.53626 7
-3.45958 4.37018 7
2.17854 8.36377 8
0.0583344 9.02102 8
1.12833 9.27152 8
2.7085 9.26383 8
3.29713 7.9881 8
2.68775 8.65282 8
2.50699 8.94844 8
1.02981 8.57236 8
2.39899 8.20418 8
0.325487 8.22765 8
-0.00961665 9.20921 8
0.710221 8.77177 8
2.38512 8.6271 8
6.28072 -1.9324 9
5.87248 -2.42435 9
6.14636 -1.93084 9
6.82767 -1.22564 9
6.66148 -1.44574 9
7.08498 -1.21898 9
5.94661 -2.35562 9
6.43356 -1.86003 9
6.77986 -1.49534 9
6.34396 -1.84955 9
5.81793 -2.52111 9
5.86627 -2.27366 9
6.82181 -1.66053 9
6.82554 -1.55406 9
6.66605 -1.58845 9
5.75191 -2.64365 9
5.94451 -2.53553 9
6.47985 -1.60725 9
6.39604 -1.69486 9
6.07066 -2.16978 9
6.54111 -1.70249 9
6.38432 -1.90857 9
6.776 -1.59011 9
6.14887 -2.06 9
6.17132 -2.10643 9
6.51923 -1.83744 9
5.87408 -2.35881 9
6.40398 -1.80634 9
6.2676 -2.061 9
6.76059 -1.60867 9
6.41313 -1.73792 9
6.61286 -1.73678 9
6.59474 -1.62866 9
6.34569 -1.92657 9
6.3453 -1.58107 9
6.37624 -1.97376 9
6.11364 -2.08045 9
6.9519 -1.19439 9
7.0702 -1.14308 9
6.95002 -1.35715 9
6.08028 -2.16854 9
6.25667 -1.97193 9
6.27301 -1.89518 9
6.78139 -1.35731 9
6.35633 -1.93911 9
6.59535 -1.51819 9
6.67211 -1.38569 9
6.93301 -1.25958 9
6.5768 -1.51551 9
6.33274 -1.96526 9
6.00851 -2.26647 9
6.3742 -1.85359 9
6.09832 5.49318 10
4.57015 4.69899 10
6.11117 5.68402 10
5.94398 6.12748 10
3.0914 4.32026 10
4.85352 5.39936 10
6.60528 6.97015 10
5.23687 5.66004 10
5.55617 5.79989 10
6.16404 6.66124 10
5.87021 6.07273 10
7.21906 7.5032 10
4.96034 5.72331 10
4.26427 4.52459 10
6.45767 6.98602 10
3.44069 3.44131 10
4.74925 4.68453 10
5.83632 6.44072 10
5.2492 4.6039 10
4.80789 5.32165 10
6.08717 5.27256 10
4.23385 5.00532 10
6.18759 5.52315 10
3.61935 4.67888 10
5.44958 6.69121 10
5.41079 6.53935 10
7.09755 7.85146 10
7.30265 6.78302 10
4.80175 5.29417 10
5.14971 5.26692 10
7.00502 6.46361 10
5.43194 7.12987 10
4.40768 5.22069 10
6.7187 5.17296 10
4.44404 5.09375 10
4.1646 4.51574 10
6.29191 6.4736 10
5.68686 5.74597 10
5.61769 5.81334 10
6.15505 5.88325 10
5.11856 5.65295 10
4.45295 4.54139 10
6.55302 6.53378 10
3.74384 5.01639 10
6.71874 7.17216 10
4.90873 5.08399 10
8.62404 7.86939 10
4.47844 5.17991 10
4.21899 5.04631 10
5.89735 6.81617 10
4.96385 5.16625 10
5.53909 4.90413 10
5.84179 6.18635 10
5.65778 7.32253 10
6.78083 6.88073 10
4.88925 4.681 10
6.05846 5.69329 10
5.61996 5.7405 10
4.28953 4.29744 10
4.37078 5.46686 10
5.21313 5.58538 10
6.15348 6.58585 10
7.77874 7.76444 10
4.82187 5.22957 10
4.54409 4.4936 10
5.65436 6.33654 10
3.22454 4.07985 10
4.14393 5.20277 10
4.75201 5.47208 10
7.85547 7.62764 10
5.58618 5.05625 10
6.04522 6.79199 10
6.08857 7.42651 10
5.98752 5.03095 10
5.77343 5.91487 10
6.61821 7.04784 10
5.52539 6.53876 10
4.44217 6.06203 10
5.16403 5.03706 10
6.3105 7.22027 10
4.3979 5.40252 10
4.95335 5.94766 10
4.85506 4.27861 10
4.9832 5.2976 10
6.82403 6.12616 10
4.8367 5.29917 10
7.44104 7.39649 10
6.77108 6.00995 10
4.88458 7.28847 10
5.86709 6.13699 10
6.20695 5.5477 10
1.09735 -2.76959 11
1.3107 -3.38676 11
1.59867 -2.93141 11
1.77599 -3.26728 11
1.79621 -3.22147 11
1.50064 -2.52491 11
1.70943 -3.17328 11
2.04356 -2.91687 11
1.52407 -2.67172 11
1.53245 -3.17105 11
1.7827 -2.92811 11
1.58153 -3.08606 11
1.69222 -3.3498 11
1.77996 -3.13506 11
1.03606 -2.73495 11
1.56147 -3.32992 11
1.27191 -2.86388 11
1.73122 -3.03405 11
1.42144 -2.69817 11
1.60256 -3.29722 11
1.69681 -2.87124 11
1.41455 -3.17863 11
1.347 -3.13987 11
1.3918 -3.10504 11
1.41368 -2.9976 11
1.8224 -3.17847 11
1.22069 -3.07104 11
1.68955 -3.23117 11
1.52014 -2.67315 11
1.9273 -2.7699 11
1.90144 -3.10453 11
1.83697 -3.24102 11
1.56908 -3.19207 11
1.3982 -2.92772 11
1.41335 -2.95921 11
2.03855 -2.73759 11
1.95913 -3.11992 11
1.6091 -3.21203 11
1.59328 -3.22603 11
1.92509 -3.06138 11
1.57185 -3.15082 11
1.52604 -3.41543 11
1.34779 -2.96232 11
1.53038 -3.1734 11
1.20677 -3.29831 11
1.30607 -2.88894 11
1.56257 -3.47438 11
1.77341 -2.79541 11
1.46572 -2.9158 11
1.9702 -3.01606 11
1.60651 -3.19036 11
2.04443 -3.13709 11
1.37155 -3.47912 11
1.71425 -3.14804 11
1.6605 -2.78737 11
1.54249 -3.0387 11
2.2904 4.0625 12
3.46015 1.83957 12
2.96524 2.83139 12
2.97137 0.582577 12
2.87208 2.6275 12
3.3214 2.9586 12
3.37662 1.92852 12
1.62856 3.90725 12
2.97078 2.22906 12
2.77452 3.14249 12
2.65542 2.42478 12
2.30268 3.95332 12
2.41854 0.489893 12
2.71193 0.688291 12
3.69246 2.21154 12
1.44612 3.34865 12
3.37463 2.76143 12
4.4022 0.596555 12
2.35655 2.67714 12
2.62201 2.72342 12
3.89265 3.09334 12
2.64185 3.79259 12
2.86902 3.85959 12
2.85902 0.991342 12
2.44027 2.59009 12
2.94298 3.67302 12
2.02577 2.53002 12
2.27102 4.13248 12
3.72074 1.69551 12
2.19125 2.34793 12
3.33371 1.75984 12
3.53207 2.20704 12
2.88949 4.25734 12
4.17441 1.11363 12
4.31716 1.61327 12
2.51255 3.10617 12
3.54512 2.8185 12
3.26235 3.11387 12
1.90654 5.36386 12
3.56149 1.71526 12
2.62756 3.3983 12
3.5926 2.86225 12
2.9745 2.10435 12
2.66535 3.5507 12
2.82448 4.07233 12
2.91766 3.10846 12
3.01202 4.03437 12
1.86971 4.1646 12
3.08641 3.06675 12
1.75492 -5.02753 13
1.56768 -5.26466 13
-0.181096 -4.51126 13
1.12324 -4.71547 13
-0.351252 -5.14143 13
-0.114943 -5.01923 13
-0.754706 -6.24394 13
0.105578 -5.84069 13
1.4324 -5.28605 13
1.15347 -5.25588 13
1.72477 -4.39825 13
-0.094001 -4.67675 13
0.696904 -5.60859 13
0.201564 -3.44276 13
-0.410837 -3.93359 13
1.12769 -4.90611 13
1.91035 -5.08511 13
0.337319 -5.29476 13
0.246305 -9.18303 14
0.12068 -9.71517 14
0.319408 -9.28187 14
0.0743549 -9.54534 14
0.380837 -9.46508 14
0.289406 -9.36319 14
0.0357297 -9.64419 14
0.108085 -9.74073 14
0.248865 -9.2952 14
-0.0727814 -9.92361 14
0.179443 -9.31802 14
-0.0924152 -9.5777 14
0.399714 -9.41586 14
0.220344 -9.11278 14
0.215272 -9.99316 14
0.208625 -9.28104 14
-9.24027 -3.71231 15
-9.71749 -3.05917 15
-10.5012 -2.9322 15
-9.69018 -3.24782 15
-9.57234 -3.03909 15
-9.9581 -3.31273 15
-9.6802 -3.5762 15
-9.84468 -3.09965 15
-10.0734 -3.06209 15
-9.50131 -3.57707 15
-9.39713 -3.27437 15
9.01752 -8.63772 16
8.90785 -8.34526 16
8.92784 -8.53141 16
8.8979 -8.17155 16
8.86612 -8.57391 16
8.77657 -8.61056 16
8.88231 -8.42417 16
9.11511 -8.317 16
8.95136 -8.49421 16
8.51351 -8.36189 16
8.57413 -8.22912 16
8.89986 -8.57024 16
9.02736 -8.52929 16
9.0049 -8.4638 16
8.96086 -8.65888 16
9.37556 -8.67675 16
9.10408 -8.69994 16
8.9147 -8.34455 16
9.02054 -8.50837 16
9.03499 -8.28749 16
9.11624 -8.35841 16
8.80058 -8.43207 16
8.885 -8.67931 16
9.25444 -8.52623 16
8.62157 -8.50169 16
8.96268 -8.77669 16
8.61214 -8.4452 16
8.70308 -8.23414 16
8.78517 -8.48437 16
8.85447 -8.61671 16
8.84345 -8.42639 16
9.06855 -8.52349 16
9.06363 -8.53539 16
9.10206 -8.47395 16
8.74097 -8.53515 16
9.01441 -8.58964 16
8.60962 -8.43696 16
8.76317 -8.54218 16
9.15711 -8.74308 16
8.46969 -8.49182 16
8.52364 -8.18172 16
9.13007 -8.44191 16
8.91466 -8.51796 16
8.67006 -8.47274 16
8.65411 -8.55727 16
8.91931 -8.3474 16
8.97796 -8.5372 16
8.77424 -8.48958 16
8.92579 -8.35226 16
8.97103 -8.30717 16
8.45351 -8.2685 16
8.84847 -8.58995 16
8.83391 -8.44699 16
9.1512 -8.42358 16
8.81818 -8.56813 16
8.64897 -8.19687 16
8.90566 -8.65338 16
8.78812 -8.50638 16
9.05281 -8.64114 16
-7.09047 -0.979682 17
-6.45081 -0.308641 17
-7.07724 0.676161 17
-6.62596 -0.523311 17
-8.04853 -0.480331 17
-7.48959 -0.215115 17
-6.92224 -1.72218 17
-7.3077 0.263436 17
-7.25567 1.45488 17
-7.08346 0.987964 17
-6.72975 -1.88047 17
-7.2538 0.485606 17
-6.81759 -0.565903 17
-7.433 -1.12219 17
-7.31982 -0.0370402 17
-6.67143 -1.55855 17
-7.63408 -0.249353 17
-7.40987 -0.517448 17
-7.61123 -3.76398 17
-6.46979 -1.04949 17
-7.61293 -0.657385 17
-7.42055 -1.25074 17
-6.71556 -0.447421 17
-7.79342 -1.53366 17
-6.89765 0.348212 17
-7.47662 -1.22909 17
-6.67623 -2.24132 17
-6.94383 -2.06273 17
-6.66093 -0.860144 17
-7.3722 -1.37518 17
-6.72734 -0.621243 17
-6.72919 -0.0506924 17
-7.05565 -3.21751 17
-7.08457 -1.64246 17
-7.57391 1.19307 17
-6.96127 -2.95593 17
-7.44633 -1.74833 17
-6.57603 -1.42833 17
-7.15909 -0.996159 17
-7.28978 0.931664 17
-7.38291 -0.0823882 17
-7.11703 2.24149 17
-7.09424 -1.10947 17
-7.31788 -2.0629 17
-6.01878 -3.09804 17
-7.22422 -0.962506 17
-7.25732 -0.128232 17
-6.51251 -1.45927 17
-6.75494 -3.71255 17
-6.49438 -1.8217 17
-7.45051 -0.904109 17
-6.60594 -1.78646 17
-6.6968 -2.11663 17
-6.36419 -0.315763 17
-7.78109 0.115265 17
-7.62752 -1.20617 17
-7.00092 -0.93313 17
-7.10594 -0.384369 17
-7.57815 -2.26283 17
-7.65873 -0.50738 17
-6.6057 -2.60535 17
-7.57708 -0.229113 17
-7.01302 -1.91924 17
-7.5815 -0.624493 17
7.63181 2.2118 18
8.06254 3.46959 18
8.12623 2.87626 18
7.37884 1.28948 18
7.92158 3.80951 18
7.60612 1.82415 18
8.30263 3.99567 18
7.7175 3.45189 18
7.47505 2.59051 18
6.79003 2.79727 18
7.29781 2.311 18
7.07406 2.75205 18
7.92257 3.55972 18
7.69585 2.74368 18
6.5131 1.59539 18
7.55579 2.47262 18
7.06932 2.06156 18
7.71303 1.20241 18
7.8192 2.55762 18
6.73582 3.03779 18
7.59997 1.92211 18
7.16408 1.0302 18
7.30244 2.7518 18
7.84797 2.5123 18
8.02385 2.61443 18
7.17644 3.22335 18
6.88933 1.92452 18
6.86122 2.73172 18
7.16691 2.4577 18
7.32843 1.81479 18
7.53853 2.42583 18
7.4302 1.40887 18
7.22558 2.94655 18
8.17657 3.9383 18
7.41771 3.47111 18
7.31532 2.54419 18
8.24154 4.22929 18
7.78063 2.5959 18
7.83162 1.5494 18
7.71747 1.9467 18
7.22585 1.82529 18
6.85938 1.91373 18
7.19355 0.647549 18
8.19897 3.57349 18
7.68021 2.86773 18
7.7328 2.63149 18
7.59259 2.3742 18
6.71853 2.33666 18
7.70322 3.70411 18
6.86921 2.07307 18
7.68029 2.50153 18
7.53904 1.68353 18
7.43797 2.45874 18
7.89534 2.75506 18
7.39018 2.50327 18
6.89705 2.19163 18
7.55624 2.83392 18
7.92231 2.8616 18
8.36616 3.37376 18
7.73266 2.97228 18
7.95248 2.23463 18
7.07766 2.5596 18
7.26929 2.15154 18
7.76143 1.24158 18
7.65522 2.11146 18
7.66571 2.04744 18
7.65584 2.98638 18
7.55251 2.68584 18
7.14991 2.33822 18
7.7233 3.32343 18
7.33849 1.7009 18
7.6143 1.38327 18
7.81614 1.70392 18
6.97756 1.42166 18
7.98974 3.6214 18
6.58729 1.35857 18
8.37882 3.75423 18
8.01286 3.63212 18
7.09568 1.03641 18
7.25683 2.11048 18
6.93449 1.62862 18
-6.17442 -4.1477 19
-4.34898 -3.673 19
-3.92754 -3.90754 19
-4.76592 -3.99663 19
-3.15913 -4.29222 19
-4.2352 -3.54081 19
-4.04652 -4.07313 19
-4.89887 -3.21429 19
-5.63768 -3.69919 19
-4.27966 -3.34375 19
-5.65391 -4.03048 19
-5.7174 -3.72588 19
-4.49763 -3.9463 19
-2.76621 -4.00421 19
-4.16054 -4.12507 19
-4.40393 -3.73116 19
-0.310657 2.64305 20
-0.185836 2.49452 20
-0.323003 2.76015 20
-0.575798 3.08786 20
-0.411891 2.23153 20
-0.171546 3.07872 20
-0.00959986 2.82816 20
-0.845803 3.50222 20
-0.29012 2.67336 20
-0.12636 2.60948 20
-0.278971 2.87166 20
-0.174804 2.21699 20
0.223017 1.98269 20
-0.734029 3.49066 20
0.132744 2.33737 20
-0.654138 3.01734 20
-0.520335 3.18086 20
-0.703456 3.0767 20
-0.123671 2.71072 20
0.204908 1.87387 20
-0.359543 2.89923 20
-0.862396 2.98105 20
-0.620815 3.10343 20
-1.01561 3.36176 20
-0.370119 2.52312 20
0.116905 1.65739 20
-0.850621 3.2905 20
-0.20677 3.08717 20
-0.884426 3.10471 20
-0.498709 2.5859 20
-0.952061 3.37071 20
-0.817837 3.01059 20
-0.301975 2.37888 20
-0.39591 2.94593 20
-0.710361 2.59706 20
-0.948072 3.28558 20
-0.592108 3.40653 20
-0.723548 3.41144 20
-0.345008 2.58946 20
-0.436108 2.71298 20
-0.574498 2.84397 20
-0.806614 3.06492 20
-0.760878 3.43899 20
-0.0766256 2.83599 20
-0.409912 2.77034 20
-0.120021 2.46385 20
-0.953112 3.26195 20
0.318152 1.80472 20
0.354927 1.53576 20
-0.579403 2.73721 20
-0.30963 2.74621 20
-0.988524 2.87398 20
-0.884295 2.52955 20
-0.476798 3.1124 20
-0.380061 2.96744 20
-0.400188 2.34502 20
-0.419099 2.6605 20
-0.0281792 2.63988 20
-0.759452 2.92011 20
-0.283031 2.81331 20
-0.280455 2.59174 20
-0.458264 2.99231 20
-0.446787 3.00313 20
-0.361797 2.54875 20
-0.797473 3.22274 20
0.0282169 2.37326 20
-0.159194 2.24959 20
-0.913813 3.13654 20
-0.345798 2.9084 20
-0.372808 2.63311 20
-0.554115 3.03341 20
-0.208902 2.32375 20
-0.196138 2.44973 20
-0.28476 2.08886 20
-0.827075 2.95485 20
-0.236456 2.42571 20
-0.271015 2.54637 20
-0.468564 3.26862 20
-0.286937 2.15261 20
-0.536392 2.57215 20
0.0128013 2.20382 20
-0.421229 3.54879 20
-0.196106 2.73438 20
0.313028 2.08726 20
-0.13439 2.52609 20
-1.20611 3.4139 20
-0.726657 3.52019 20
-0.333173 3.01429 20
-0.171878 2.10675 20
0.287625 2.11496 20
-0.876918 3.24959 20
-0.426712 2.98032 20
-0.7913 2.76413 20
-0.201156 2.2372 20
-0.500685 3.3241 20
-0.281161 2.68383 20
0.320797 1.94899 20
-0.841419 3.22111 20
0.120857 2.47105 20
-0.728249 3.11726 20
-8.37476 5.92036 21
-9.20952 4.68772 21
-10.0392 3.93646 21
-8.69594 4.83425 21
-7.93926 5.71087 21
-9.2541 5.07021 21
-8.8127 5.53224 21
-8.90669 4.59998 21
-8.95999 5.03412 21
-8.43985 5.58792 21
-9.40447 4.63619 21
-9.14967 4.85572 21
-9.0661 4.74512 21
-9.10764 5.33139 21
-9.56519 4.72593 21
-9.85614 4.26609 21
-10.1089 3.96022 21
-8.28462 5.98231 21
-8.55965 5.52732 21
-9.58774 4.36559 21
-9.55533 4.31745 21
-8.60957 5.02653 21
-8.75682 5.59945 21
-9.5311 4.63997 21
-9.62458 4.706 21
-9.0847 4.99857 21
-9.72 4.36677 21
-9.42314 4.81437 21
-8.98258 5.38245 21
-8.91222 5.0814 21
-9.45559 4.7988 21
-8.94654 5.39435 21
-9.39419 5.08014 21
-9.3137 4.75156 21
-9.02507 5.16679 21
-9.27165 4.60451 21
-8.33761 5.39395 21
-10.0854 4.56549 21
-9.16468 5.08065 21
-9.26721 4.54064 21
-8.83447 5.41054 21
-8.36648 5.45894 21
-8.73948 5.47229 21
-8.52128 5.53054 21
-8.88588 5.52212 21
-8.72031 4.94848 21
-8.60844 5.6867 21
-10.2075 3.74879 21
-8.56359 5.33603 21
-10.2213 4.74468 21
-8.4401 5.26615 21
-10.3039 4.14457 21
-8.18935 5.6072 21
-8.40367 5.01374 21
-10.0696 4.17697 21
-8.97549 4.87486 21
-9.46796 4.65534 21
-9.81777 4.25088 21
-8.78496 5.24369 21
-8.42196 5.61231 21
-8.64092 5.36506 21
-8.39837 5.24854 21
-10.2538 3.70035 21
-9.25855 4.54712 21
-8.57091 5.56953 21
-8.66767 5.49784 21
-9.02891 4.85854 21
-8.35649 5.74679 21
-8.66709 5.04786 21
-9.44659 4.86754 21
-9.65707 4.64893 21
-8.5275 5.87335 21
-8.08299 6.0952 21
-8.36894 5.55225 21
-7.85032 5.69664 21
-9.59642 4.23037 21
-9.08664 4.96004 21
-10.3398 3.91731 21
-10.3029 4.10974 21
-8.96878 5.14931 21
-9.1493 5.07629 21
-9.00132 5.03858 21
-8.51624 5.21708 21
-10.8069 3.57272 21
-8.74495 5.54255 21
-8.79554 5.06158 21
-8.11639 5.61315 21
-8.892 5.05296 21
-9.31593 5.29923 21
-8.52039 5.8081 21
-10.2892 4.27691 21
-8.90129 5.40986 21
-9.71562 4.15264 21
-8.25725 5.79455 21
-9.29351 4.80285 21
-8.23416 5.88053 21
-9.01626 5.71402 21
-10.3551 4.10835 21
-8.17774 5.53186 21
-9.2196 4.70558 21
-9.79795 4.2204 21
-9.85447 4.50212 21
-8.65674 5.05902 21
-9.29616 4.72813 21
-9.23453 4.363 21
-9.05419 4.51227 21
-8.71195 5.26464 21
-9.34077 4.72529 21
-9.16084 4.59558 21
-10.3134 4.01056 21
4.70837 -4.94005 22
6.49819 -4.95523 22
5.5066 -4.83961 22
4.88325 -5.04362 22
6.43969 -4.85474 22
7.00935 -4.7943 22
6.44407 -4.94296 22
5.55458 -4.92651 22
7.24027 -4.80087 22
6.16709 -4.85956 22
5.50754 -4.8741 22
6.3343 -4.89644 22
4.47416 -4.87087 22
5.02434 -4.75878 22
4.3045 -4.92935 22
5.04471 -4.83319 22
5.47135 -4.92477 22
5.61366 -4.83371 22
5.32703 -4.94123 22
5.69843 -4.93759 22
6.40279 -4.71863 22
7.4373 -4.60746 22
7.60879 -4.86625 22
4.7169 -4.80349 22
5.8314 -4.84124 22
5.41037 -4.79873 22
5.04315 -4.83828 22
5.16602 -4.86876 22
5.47362 -4.82425 22
5.29616 -4.86357 22
4.84394 -4.92482 22
5.94166 -4.8858 22
5.97025 -4.95237 22
4.82896 -5.01538 22
7.23193 -4.82457 22
6.83028 -4.94575 22
5.76728 -5.02282 22
4.7596 -4.93942 22
6.28004 -4.87734 22
6.5863 -4.88232 22
5.05777 -4.7554 22
5.79733 -4.88739 22
6.51523 -5.03541 22
7.96522 -4.82233 22
4.90199 -4.89984 22
4.51466 -4.89178 22
4.71451 -4.86999 22
5.59261 -4.92227 22
7.2772 -4.75335 22
8.77742 -4.87888 22
5.11736 -4.91131 22
4.7869 -4.95321 22
6.03925 -5.01928 22
5.01717 -4.98967 22
4.77318 -4.85974 22
6.2062 -4.84814 22
5.43808 -4.97604 22
6.30851 -4.92203 22
5.69409 -4.74369 22
5.59076 -4.9849 22
7.77055 -4.98229 22
8.23606 -4.85061 22
5.03093 -4.88737 22
6.23294 -4.85881 22
7.20598 -4.93071 22
6.17537 -4.8801 22
5.79824 -4.85108 22
4.66167 -4.94309 22
5.62532 -5.00219 22
6.39904 -4.7161 22
5.27 -4.70592 22
4.51513 -4.91727 22
5.16297 -4.83904 22
6.74313 -4.76164 22
6.94267 -4.93541 22
5.4633 -4.95079 22
5.83482 -4.89212 22
5.23678 -4.77888 22
7.29816 -4.98889 22
6.01989 -4.971 22
5.29389 -4.89611 22
5.86477 -4.73262 22
5.2941 -4.86161 22
5.34514 -4.60432 22
7.43128 -4.84131 22
4.95067 -4.95134 22
6.0644 -4.84195 22
6.03256 -4.90009 22
5.31116 -4.96357 22
5.38142 -5.09395 22
6.79855 -4.9942 22
6.64918 -4.84817 22
6.06106 -4.91531 22
3.8589 -5.05677 22
6.2696 -4.81979 22
4.77942 -4.93719 22
9.7903 2.89516 23
10.3354 4.13655 23
8.9049 3.57001 23
9.66416 4.27374 23
9.5861 3.4816 23
8.79829 3.41626 23
9.33344 3.70961 23
10.1503 3.86576 23
9.46542 3.61471 23
9.91005 4.20506 23
9.52933 3.70221 23
9.41985 3.33107 23
9.1648 3.85118 23
9.50765 3.03058 23
9.24855 4.30421 23
9.77429 3.97424 23
10.0833 4.00598 23
9.14676 4.48842 23
9.28019 3.09944 23
9.51084 3.35973 23
9.45309 3.18972 23
10.3499 4.26963 23
9.0199 2.71608 23
9.18442 3.71692 23
10.0951 4.39976 23
9.5027 2.98365 23
9.99898 3.04319 23
9.43432 3.24408 23
-8.80605 -5.78038 24
-8.42543 -6.39978 24
-8.13646 -5.57968 24
-7.79296 -5.83035 24
-10.6683 -5.03605 24
-8.19752 -5.0201 24
-8.10479 -5.54566 24
-9.64933 -4.89763 24
-10.3487 -5.56366 24
-10.29 -5.44015 24
-8.60899 -6.67254 24
-8.85859 -5.58504 24
-9.68222 -5.40747 24
-7.35654 -5.64099 24
-9.55236 -5.17008 24
-8.90992 -5.01293 24
-8.20885 -5.57666 24
-8.67715 -6.53951 24
-8.57762 -5.78926 24
-8.39892 -5.81713 24
-8.96252 -5.51108 24
-9.15938 -5.60676 24
-7.86123 -6.57386 24
-9.12657 -5.06626 24
-3.44178 -1.29514 25
-3.56297 -0.995867 25
-3.58622 -0.859637 25
-3.39709 -1.24751 25
-3.62527 -0.127987 25
-3.71869 -0.673588 25
-3.54624 -1.2494 25
-3.79705 -0.698587 25
-3.56284 -0.0358818 25
-3.53221 -0.744036 25
-3.66993 -1.0186 25
-3.53918 0.0649807 25
-3.48642 -0.146113 25
-3.5099 -0.142886 25
-3.28966 -0.709937 25
-3.60488 -0.531307 25
-3.6876 -1.08337 25
-3.62908 -1.64126 25
-3.63812 -1.68351 25
-3.73125 -0.615019 25
-3.62004 -0.111643 25
-3.56895 -0.972456 25
-3.57449 -0.929448 25
-3.51317 -1.80394 25
-3.68063 -1.00146 25
-3.60272 -2.0585 25
-3.53973 -0.452854 25
-3.62396 -0.408496 25
-3.70665 -1.53964 25
-3.45335 -0.542457 25
-3.46334 0.0837218 25
-3.70177 -2.40065 25
-3.66542 -0.950162 25
-3.57929 0.117873 25
-3.59743 -0.648726 25
-3.46265 -0.243825 25
-3.68664 -0.199335 25
-3.54721 -0.595055 25
-3.8142 -2.01671 25
-3.61097 -0.026557 25
-3.60241 -0.0859476 25
-3.63024 -0.594702 25
-3.7272 -0.65234 25
-3.53884 -0.0240564 25
-3.55853 -2.28404 25
-3.52091 -0.840707 25
-3.72742 -1.22222 25
-3.55515 -0.432009 25
-3.50017 -0.933269 25
-3.55265 -1.2348 25
-3.5687 -0.953778 25
-3.63403 -0.850474 25
-3.66574 -0.926972 25
-3.6349 0.243729 25
-3.75724 -1.29058 25
-3.47735 -1.02345 25
-3.69296 -0.72039 25
-3.51796 -0.283986 25
-3.68997 -1.71171 25
-3.49176 -1.43986 25
-5.75767 3.65503 26
-6.39735 5.69615 26
-5.45722 5.12582 26
-5.90012 5.34114 26
-5.96932 4.5877 26
-5.66124 7.1924 26
-5.51468 5.52241 26
-5.54639 5.20609 26
-6.09502 6.30506 26
-5.25878 6.31096 26
-5.56679 5.97236 26
-5.91915 5.9281 26
-6.08848 4.90372 26
-5.76133 6.29227 26
-6.08853 5.87312 26
-5.90443 5.76052 26
-5.50746 5.521 26
-5.8804 6.47083 26
-5.70406 4.15325 26
-5.35913 5.83069 26
-5.97392 5.37015 26
-5.63903 5.6195 26
-6.08295 5.28716 26
-5.78057 4.48623 26
-6.03308 5.77726 26
-5.29128 6.74666 26
-6.08212 3.37036 26
-5.43463 5.38838 26
-2.20977 -0.324619 27
-2.40788 0.738924 27
-2.8492 0.465593 27
-2.6234 0.711189 27
-2.54314 0.611301 27
-2.2594 0.111616 27
-2.2783 0.296048 27
-2.42878 0.763353 27
-2.33257 0.0534147 27
-2.73308 0.442663 27
-2.49148 0.730008 27
-2.5169 0.467348 27
-2.44837 0.850903 27
-2.50371 1.154 27
-2.76389 0.417747 27
-2.72584 1.58139 27
-2.55715 0.561144 27
-2.72465 1.00667 27
-2.13884 0.801758 27
-2.48561 0.889547 27
-2.46273 0.601583 27
-2.14236 0.468222 27
-2.29569 0.931907 27
-2.27146 0.705396 27
-2.26173 0.359808 27
-2.46939 0.713909 27
-2.55367 0.645937 27
-2.30622 0.601234 27
-2.83613 1.12467 27
-2.39528 0.564844 27
-2.25337 0.828573 27
-2.43425 0.190321 27
-2.47139 0.138153 27
-2.47143 0.31938 27
-2.62934 0.193695 27
-2.8524 1.34617 27
-2.38578 0.612106 27
-1.88854 -0.429735 27
-2.50837 1.67624 27
-2.06862 -0.0142108 27
-2.34005 0.439428 27
-2.43352 0.213968 27
-2.68254 0.723907 27
-2.15887 -0.450619 27
-2.45002 0.366752 27
-2.6249 0.0587697 27
-2.56296 0.538869 27
-2.45125 -0.27641 27
-2.51828 -0.1455 27
-2.56852 0.0598359 27
-2.2651 -0.425882 27
-2.80379 1.48622 27
-1.89766 0.080845 27
-2.31794 0.18488 27
-2.40741 0.475119 27
-2.49941 0.290196 27
-2.53025 0.723078 27
8.84897 -5.51772 28
8.4371 -6.46749 28
8.11662 -7.59028 28
8.5286 -6.6854 28
10.1811 -5.86383 28
9.90573 -6.21781 28
9.44437 -6.17205 28
8.02735 -7.29408 28
9.4439 -6.28881 28
6.98612 -7.41368 28
8.71272 -6.37013 28
8.69846 -5.78082 28
8.28815 -6.11492 28
9.85946 -6.09722 28
8.83835 -5.86434 28
9.06092 -6.42944 28
9.21001 -6.18735 28
7.47151 -6.74034 28
8.28777 -6.69771 28
8.67371 -6.27546 28
7.59448 -7.13301 28
7.78151 -6.60721 28
9.7844 -5.55494 28
9.45007 -6.22037 28
10.1127 -6.23104 28
8.81562 -7.04178 28
9.84815 -5.80155 28
8.85086 -6.9066 28
10.2952 -5.51463 28
8.68005 -6.91433 28
9.88692 -5.45795 28
8.44559 -6.45976 28
8.35782 -7.11476 28
9.01816 -6.07341 28
8.62377 -6.31694 28
7.33346 -7.18255 28
9.61968 -6.76353 28
9.68017 -5.95931 28
7.77395 -6.97363 28
8.96357 -6.0495 28
9.91242 -5.43524 28
9.33208 -6.21407 28
9.7778 -5.92228 28
7.39253 -6.89265 28
9.30808 -6.45117 28
8.62102 -7.12019 28
9.02073 -6.1638 28
8.28433 -6.02507 28
10.4942 -5.89124 28
9.20012 -6.45971 28
9.01978 -5.93722 28
9.62068 -5.80697 28
9.03874 -5.47125 28
7.44994 -6.49381 28
8.8996 -6.31864 28
9.54328 -6.13511 28
8.07064 -7.3311 28
8.60891 -5.79387 28
9.7371 -5.45544 28
7.64111 -7.16768 28
8.9363 -6.93612 28
8.48945 -6.90883 28
6.55856 -7.27227 28
8.38702 -5.89838 28
9.64405 -5.68174 28
9.03503 -7.23434 28
8.89951 -6.74503 28
10.1592 -5.39411 28
9.61178 -6.47975 28
11.1616 -0.888028 29
10.4127 -1.68862 29
9.97825 -1.76125 29
9.33105 -1.2827 29
10.0943 -2.01453 29
8.90331 0.40981 29
7.79142 0.151823 29
8.69698 -0.319879 29
9.15335 -2.25342 29
9.91075 -1.99263 29
9.0542 -0.774134 29
9.24227 0.107451 29
7.91824 0.47316 29
10.0522 -0.583746 29
7.93055 -0.829404 29
11.0509 -1.22681 29
10.9293 -1.95541 29
9.59512 -0.729402 29
7.52072 -0.0174475 29
9.61753 -1.15121 29
9.31131 -1.90304 29
10.1123 -1.15172 29
7.81062 -0.261816 29
10.3265 -0.410947 29
7.48618 -0.442704 29
8.89295 -1.92137 29
10.4345 -1.50123 29
9.06799 -1.2469 29
8.43792 -0.578247 29
9.1809 -0.955044 29
11.4324 -0.373702 29
10.1588 -2.50017 29
11.3388 -1.53526 29
8.42777 -0.93787 29
9.86242 -0.294144 29
-0.840265 9.62768 30
-2.34103 7.97832 30
-2.42551 7.98951 30
-1.06315 9.37132 30
-1.48655 8.91533 30
-0.00903931 10.3188 30
0.0612842 10.428 30
0.596249 10.9186 30
-1.48591 8.77624 30
-1.37507 8.64407 30
0.309813 10.4417 30
-0.535467 9.89017 30
-0.990515 9.49707 30
-1.69274 8.76623 30
-1.09438 8.96526 30
-0.663276 9.55956 30
-1.62874 8.69394 30
-0.980096 9.11174 30
-0.205187 10.0786 30
-1.71804 8.42171 30
-0.589622 9.84577 30
-1.68803 8.74187 30
-0.715497 9.83097 30
-1.20356 9.09046 30
-0.854714 9.54071 30
-1.25405 8.98194 30
-0.246764 10.2301 30
0.610297 10.9545 30
-0.69795 9.6874 30
-1.09939 9.31825 30
-0.394715 10.2013 30
-1.04355 9.3787 30
-1.95325 8.53439 30
-0.580159 9.36501 30
-1.38282 8.70855 30
0.0720364 10.3294 30
-0.431464 10.0512 30
-1.90451 8.52387 30
-1.04338 9.0853 30
-0.364861 9.74723 30
-1.76746 8.22734 30
-0.708075 9.53834 30
-1.02455 9.33923 30
-0.797909 9.85812 30
6.38163 3.23222 31
6.24444 3.24214 31
5.82772 3.20253 31
6.15171 3.25407 31
5.52873 3.19171 31
5.7585 3.36486 31
6.13069 3.08108 31
6.35913 3.24463 31
6.64704 3.21051 31
6.45579 3.23588 31
6.05046 3.09311 31
6.50846 3.16794 31
5.81717 3.38805 31
5.2556 3.33762 31
6.14015 3.39093 31
6.44736 3.38859 31
6.43894 3.08541 31
6.03079 3.31976 31
6.17368 3.12239 31
6.33374 3.07007 31
6.15175 3.54303 31
5.76458 3.26538 31
6.07791 3.31766 31
5.93564 3.399 31
6.36473 3.23768 31
6.12845 3.23551 31
6.17681 3.10846 31
6.78976 3.26004 31
6.48907 3.2941 31
6.10155 3.30793 31
6.2357 3.16951 31
6.22217 3.40097 31
6.54529 2.98048 31
5.91713 3.17901 31
6.22109 3.32415 31
6.39132 3.23216 31
6.08952 3.28867 31
5.97399 3.33165 31
6.12972 3.2842 31
6.70099 3.1344 31
6.21545 3.22163 31
6.46544 3.21949 31
5.9787 3.32624 31
5.94852 3.27171 31
5.80645 3.53335 31
6.18621 3.13709 31
6.46209 3.29896 31
6.44922 3.18244 31
6.26961 2.95561 31
6.05379 3.24276 31
6.07871 3.18333 31
6.65811 3.13194 31
6.08438 3.3392 31
5.71227 3.11857 31
6.13025 3.19814 31
5.9143 3.54285 31
6.61682 3.09781 31
6.18332 3.38041 31
5.96343 3.09743 31
5.63089 3.37939 31
6.21474 3.22232 31
6.30803 2.95416 31
5.99703 3.10179 31
5.80716 3.08092 31
6.35716 3.05693 31
6.15722 3.28115 31
6.02477 3.32185 31
6.16599 3.00533 31
5.8151 3.30225 31
6.09148 3.3526 31
5.9604 3.40623 31
6.49125 3.29127 31
5.97251 3.37237 31
6.02452 3.33852 31
6.349 3.4691 31
6.34418 3.25761 31
6.40382 3.21791 31
6.24426 3.19158 31
6.5668 3.07682 31
6.49421 3.35774 31
6.10427 3.09558 31
5.96274 3.22254 31
5.95271 3.29456 31
6.20773 3.29304 31
6.06386 3.04101 31
5.70456 3.3414 31
6.27917 3.38277 31
8.14554 9.79122 32
8.1219 8.66356 32
8.15992 8.71234 32
8.21826 9.1609 32
8.07375 9.14745 32
8.05163 8.96233 32
8.16436 9.05981 32
8.14625 9.17767 32
8.07254 9.15725 32
8.05483 9.13992 32
8.11194 9.05255 32
8.14713 8.84542 32
8.14673 8.8926 32
8.15492 9.71066 32
8.15974 9.39587 32
8.11241 9.05682 32
8.14036 8.84942 32
8.20544 9.00905 32
8.16892 9.1784 32
8.26153 8.72744 32
8.07678 9.67201 32
8.23858 9.56473 32
8.01629 9.25049 32
8.1394 9.15523 32
8.20653 8.80479 32
8.11155 9.83678 32
8.08864 8.71321 32
8.22038 9.6264 32
8.11898 9.35318 32
8.09801 9.16702 32
8.0285 9.33665 32
8.13965 9.11994 32
8.0515 8.89548 32
8.14446 9.1836 32
8.13961 9.87438 32
8.05515 9.02809 32
8.2031 9.36381 32
8.21562 9.39389 32
8.16169 9.45941 32
8.18315 9.67665 32
8.09972 8.78652 32
8.17756 9.18911 32
8.13708 9.09679 32
8.03998 9.42445 32
8.1548 8.98268 32
8.19124 8.93186 32
8.21651 8.8397 32
8.096 9.17404 32
8.13206 9.50207 32
8.0817 8.75634 32
8.22964 8.89062 32
8.12937 9.31575 32
8.20942 9.39421 32
8.10307 9.83083 32
8.07472 9.2362 32
8.12596 9.27043 32
8.04991 9.10256 32
8.07048 8.76938 32
8.06686 8.57631 32
8.12239 8.1815 32
8.13714 8.78945 32
7.98327 8.81879 32
8.22257 8.29394 32
8.22743 9.49162 32
8.22951 9.22952 32
8.16606 9.75389 32
8.20797 9.40493 32
8.10769 8.76796 32
8.14927 10.0275 32
8.19816 9.35532 32
8.14486 9.48172 32
8.15526 9.39923 32
8.20277 9.50579 32
8.13866 8.86925 32
8.05697 9.01607 32
8.20968 9.10721 32
8.10537 8.79617 32
8.30261 9.85053 32
8.08307 9.64991 32
8.16156 9.35234 32
8.15884 8.96955 32
8.18076 9.82222 32
8.16869 9.51667 32
8.22146 9.16684 32
8.09958 9.52228 32
8.16558 8.46233 32
8.14655 9.084 32
5.86324 -9.96456 33
4.90152 -9.59562 33
4.27741 -9.44427 33
5.43025 -9.27275 33
6.94434 -9.8941 33
6.30208 -9.77415 33
5.81384 -10.2198 33
5.81117 -9.48828 33
6.29794 -9.66262 33
5.80384 -9.84825 33
6.31407 -9.38641 33
3.77202 -9.81514 33
6.57379 -9.56433 33
7.30465 -10.2047 33
3.53677 -9.70623 33
5.57215 -9.32862 33
5.62509 -9.44541 33
3.98308 -9.5448 33
4.99989 -9.58585 33
5.61085 -9.96258 33
6.03473 -10.1478 33
6.19706 -10.3909 33
7.49698 -9.78129 33
4.85411 -9.45559 33
6.53379 -9.66735 33
7.13845 -10.2196 33
4.88001 -9.58407 33
5.66386 -10.1551 33
4.26854 -9.24304 33
6.37174 -10.1516 33
6.41813 -9.90959 33
4.1046 -9.34809 33
7.46853 -9.51722 33
7.11682 -10.19 33
6.8101 -9.81021 33
7.19422 -9.7016 33
5.69835 -9.85012 33
6.92496 -9.99215 33
6.48694 -9.55405 33
5.91367 -9.63715 33
4.68896 -9.73968 33
7.87629 -9.9574 33
5.3021 -9.648 33
5.51814 -10.122 33
6.18815 -10.2896 33
6.3752 -10.2142 33
6.1399 -9.91155 33
5.13419 -9.68472 33
5.71044 -10.0811 33
5.0887 -9.87996 33
6.16181 -9.55509 33
6.16135 -9.87773 33
6.1018 -10.2481 33
4.8942 -9.72448 33
4.36065 -9.94413 33
7.46101 -9.92927 33
8.57199 -10.5568 33
5.15032 -10.1396 33
6.02071 -10.1378 33
5.51029 -10.1817 33
4.49925 -9.90418 33
6.21265 -10.2677 33
6.22223 -9.90161 33
6.95375 -10.1301 33
4.65227 -9.89754 33
6.60007 -9.41318 33
5.2516 -9.2843 33
5.79414 -9.52856 33
4.10521 -9.37533 33
3.84891 -9.29972 33
7.40447 -9.65378 33
6.71723 -9.91387 33
5.38046 -10.1927 33
5.5066 -9.39595 33
4.71575 -10.302 33
5.08769 -9.53369 33
6.16808 -9.61461 33
4.8406 -9.9234 33
4.02952 -9.93934 33
3.17173 -8.56649 34
3.84406 -8.37903 34
2.86257 -8.18613 34
3.46326 -8.50237 34
3.76495 -8.56695 34
3.24538 -8.26289 34
3.18633 -8.3047 34
3.30038 -8.23107 34
3.40594 -8.45095 34
3.53146 -8.35052 34
3.68071 -8.51748 34
2.62089 -8.02668 34
3.09624 -8.22333 34
2.69666 -8.14126 34
2.91159 -7.99405 34
3.58244 -8.56558 34
2.65488 -8.30412 34
3.32085 -8.20123 34
2.89385 -8.24889 34
2.84092 -8.20686 34
3.35556 -8.34642 34
3.11567 -8.29518 34
3.22827 -8.52727 34
2.97067 -8.48091 34
3.33548 -8.36555 34
3.72312 -8.44534 34
2.73189 -8.3396 34
2.37491 -8.15972 34
2.95057 -8.504 34
3.01381 -8.53011 34
3.04139 -8.36704 34
2.67682 -8.36716 34
3.74819 -8.29501 34
3.40442 -8.56634 34
3.1517 -8.2322 34
4.20958 -8.54726 34
2.48241 -8.10877 34
3.49282 -8.31056 34
3.68969 -8.45663 34
3.07536 -8.555 34
2.98126 -8.63935 34
4.1168 -8.77446 34
3.16157 -8.22155 34
3.49419 -8.6104 34
3.37295 -8.05205 34
3.79215 -8.27348 34
3.746 -8.07937 34
3.2972 -8.45771 34
2.72926 -8.2722 34
3.6526 -8.59675 34
2.98183 -8.40111 34
3.27462 -8.34782 34
4.14237 -8.32122 34
3.10796 -8.00534 34
3.16277 -8.02513 34
-4.95015 -5.62224 35
-4.1278 -6.75015 35
-4.80218 -5.95111 35
-3.79006 -5.84052 35
-4.38293 -5.83652 35
-4.79388 -6.14784 35
-5.10044 -6.38196 35
-4.63182 -5.83979 35
-4.77572 -5.78398 35
-4.91271 -5.72431 35
-4.5106 -6.12157 35
-5.33135 -5.97211 35
-5.08617 -5.8071 35
-4.77938 -5.20523 35
-4.39015 -6.33951 35
-4.7707 -5.69674 35
-4.53334 -5.30656 35
-4.73227 -5.33894 35
-4.76969 -5.64865 35
-3.8193 -5.93644 35
-5.10317 -6.39249 35
-4.43347 -5.96482 35
-4.87978 -5.5621 35
-5.08352 -5.95098 35
-4.53632 -5.75814 35
-4.794 -5.41095 35
-4.81703 -6.18907 35
-4.85056 -5.60312 35
-4.80244 -5.86491 35
-4.81977 -5.85683 35
-4.54933 -6.3131 35
-4.18641 -6.07668 35
-4.3628 -5.76262 35
-5.14998 -6.00448 35
-4.59671 -5.17637 35
-4.76163 -5.28796 35
-7.66712 9.69677 36
-8.27883 9.9912 36
-7.99792 8.41809 36
-7.18305 9.99876 36
-7.22393 9.58849 36
-7.67186 10.3828 36
-7.55252 11.6212 36
-7.62652 10.4664 36
-7.13094 9.10295 36
-8.18152 9.03145 36
-7.53112 8.75987 36
-7.68508 9.68709 36
-7.28142 9.37835 36
-8.01936 11.3044 36
-7.40034 8.8021 36
-7.68458 10.5708 36
-7.61715 8.39047 36
-7.77016 10.8577 36
-7.34915 9.61827 36
-7.32322 9.56519 36
-7.5388 9.18938 36
-7.7282 9.94842 36
-7.44517 9.65705 36
-7.55959 9.37011 36
-8.11743 3.61301 37
-7.78259 3.75868 37
-7.67422 3.4562 37
-7.72895 4.00816 37
-7.81766 3.85782 37
-8.00794 3.85608 37
-7.66418 2.6488 37
-7.98553 4.01681 37
-7.58176 4.26647 37
-7.78073 3.78945 37
-7.76926 4.36517 37
-7.76251 3.95072 37
-8.09542 3.85356 37
-7.54748 3.61738 37
-7.651 4.30613 37
-7.80974 4.01735 37
-8.05927 4.0827 37
-7.48623 3.64743 37
-7.60762 3.64227 37
-7.48798 4.1871 37
-7.71262 3.16427 37
-8.14363 3.62118 37
-8.06926 4.33594 37
-7.76297 3.52597 37
-7.42241 3.97964 37
-7.51997 4.48285 37
-7.82827 3.7518 37
-7.72223 4.15905 37
-7.86141 4.67524 37
-7.67117 3.97044 37
-7.59593 4.241 37
-7.98119 3.78188 37
-8.00939 3.83182 37
-8.01143 4.28849 37
-7.90093 4.69001 37
-7.45096 3.04394 37
-7.83847 3.17178 37
-7.31556 4.10198 37
-7.41711 4.33138 37
-7.90242 3.71965 37
-7.96277 4.22237 37
-7.91113 4.12942 37
-7.81599 3.65198 37
-7.6332 3.60248 37
-8.06811 3.88318 37
-10.3182 8.29243 38
-10.6138 9.03793 38
-10.5796 8.73895 38
-10.6301 9.1235 38
-10.2027 8.54239 38
-9.51825 8.40024 38
-10.0711 9.41719 38
-10.2162 8.85058 38
-10.4189 8.50482 38
-9.21497 9.62208 38
-10.0015 8.67475 38
-10.2907 8.4543 38
-10.5995 8.55602 38
-10.1573 9.05166 38
-10.5227 8.98758 38
-9.73603 8.43026 38
-9.87568 9.0103 38
-9.6447 8.18403 38
-9.69638 8.1902 38
-9.76022 9.50312 38
-10.0045 9.63563 38
-10.0272 8.947 38
-9.49102 8.59908 38
-9.40211 9.23392 38
-9.98903 8.66132 38
-10.0826 9.03786 38
-9.63438 8.93197 38
-9.96395 10.3427 38
-9.94156 8.62162 38
-10.5932 8.38293 38
-10.1063 8.94817 38
-10.1735 8.78224 38
-10.1412 8.31082 38
-10.0335 8.67011 38
-10.3906 8.79097 38
-9.36967 8.61815 38
-9.98004 8.71136 38
-10.4175 8.87809 38
-10.0604 8.50307 38
-9.86734 7.9759 38
-10.4418 8.98412 38
-10.4569 9.30784 38
-9.43482 8.93862 38
-9.76871 7.9574 38
-9.98076 8.94889 38
-9.96249 8.40399 38
-9.98427 8.45907 38
-10.1936 9.12153 38
-9.84546 9.6269 38
-9.87887 9.29722 38
-9.69074 8.63805 38
-10.003 9.02604 38
-9.41838 9.31489 38
-10.4391 9.51576 38
-9.69289 9.28375 38
-10.0133 8.87472 38
-9.7648 7.95276 38
-10.5784 8.69003 38
-10.1117 9.24781 38
-10.0909 9.27819 38
-9.89994 9.85192 38
-9.17562 9.82344 38
-11.0446 9.05703 38
-9.95353 8.7448 38
-10.1761 8.20864 38
-10.0123 8.84643 38
-9.70944 9.29529 38
-9.91044 9.50903 38
-9.78749 8.20645 38
-10.006 9.86853 38
-9.76712 9.09848 38
-9.86843 8.33907 38
-9.90477 9.29236 38
-10.6032 8.10272 38
-9.93113 8.61628 38
-9.85162 8.4698 38
-1.08837 -8.62284 39
-1.20738 -8.31398 39
-1.17509 -8.57847 39
-1.20743 -8.61921 39
-1.10337 -8.54988 39
-1.10903 -8.68773 39
-1.07948 -8.49184 39
-1.21253 -8.39871 39
-1.10502 -8.79788 39
-1.14164 -8.53431 39
-1.18557 -8.19513 39
-1.14695 -8.22219 39
-1.14643 -8.04709 39
-1.36223 -8.64232 39
-1.14407 -8.48628 39
-1.22464 -8.51338 39
-1.1846 -8.6093 39
-1.22758 -8.55467 39
-1.10744 -8.87948 39
-1.2093 -8.57126 39
-1.11613 -8.47545 39
-1.27537 -8.41081 39
-1.15929 -8.77324 39
-1.10423 -8.24189 39
-1.07802 -8.43035 39
-1.29165 -8.24179 39
-1.2815 -8.48299 39
-1.25088 -8.84589 39
-1.21059 -8.29407 39
-1.1662 -8.56729 39
-1.22619 -8.6376 39
-1.09325 -8.42121 39
-1.27295 -9.04064 39
-1.24927 -8.33089 39
-1.11143 -8.43537 39
-1.17306 -8.82047 39
-1.06817 -8.60368 39
-1.18787 -8.53359 39
-1.05556 -8.36511 39
-1.1819 -8.7657 39
-1.1255 -8.58418 39
-1.24251 -8.72198 39
-1.10332 -8.30938 39
-1.1416 -8.46387 39
-1.03928 -8.48312 39
-1.07852 -8.30069 39
-1.14422 -8.31912 39
-1.18171 -8.9489 39
-1.22419 -8.74099 39
-1.30363 -8.73364 39
-1.214 -8.41973 39
-1.25814 -8.54881 39
-1.19784 -8.43909 39
-1.09859 -8.82714 39
-1.15662 -8.75087 39
-1.24664 -8.42098 39
-1.22142 -8.38828 39
-1.16687 -8.91256 39
-1.29802 -8.16969 39
-1.1183 -8.70562 39
-1.21271 -8.28126 39
-1.15896 -8.18949 39
-1.26189 -8.86317 39
-1.27548 -8.60889 39
-1.18713 -8.15528 39
-1.10654 -8.72121 39
-1.2555 -8.38791 39
-1.11639 -8.6953 39
-1.20947 -8.31266 39
-1.17987 -8.39735 39
-1.13699 -8.40335 39
-1.09422 -8.34229 39
-1.20286 -8.52021 39
-1.1469 -8.78685 39
-1.22584 -8.11079 39
-1.19993 -8.6096 39
-1.22364 -8.60516 39
-1.19265 -8.55252 39
-1.17515 -8.35713 39
-1.2626 -8.77339 39
-1.15831 -8.9338 39
-1.08512 -8.35522 39
-1.16475 -8.51141 39
-1.13922 -8.09023 39
-1.23889 -8.30491 39
-1.22014 -8.09138 39
-1.02089 -8.56689 39
-1.03223 -8.61544 39
-1.13902 -8.28049 39
-1.14651 -8.21202 39
-1.12809 -8.50896 39
-1.11774 -8.68478 39
-1.09225 -8.77855 39
-1.1433 -8.70785 39
