8.58639 -3.51421 0
9.66621 -0.912335 0
8.37737 -1.44717 0
9.20239 -1.73579 0
10.2524 -0.875788 0
9.27019 -2.34422 0
10.8567 -0.825389 0
9.49328 -0.624648 0
10.8367 -0.653823 0
9.05643 -2.49407 0
9.76883 -0.566099 0
8.96705 -0.268018 0
8.01887 -1.86553 0
9.68333 -3.17865 0
8.88335 -2.59075 0
7.84126 -4.80355 0
9.64741 -0.768336 0
6.70322 -3.2478 0
8.88158 -3.23242 0
9.08217 -1.50767 0
9.87333 -0.332685 0
7.40481 -3.50352 0
9.18152 -1.81287 0
10.0705 -2.21682 0
11.5871 -0.838276 0
9.26966 -0.956141 0
8.44015 -1.07153 0
10.5392 0.749745 0
10.5193 0.0438649 0
9.56908 -2.12902 0
9.54101 -0.933996 0
9.41278 -0.486324 0
9.8522 0.198934 0
8.93355 -0.64976 0
10.3601 -1.99478 0
10.4835 -1.61025 0
8.03104 -3.05798 0
9.53378 -0.202279 0
9.63762 0.105896 0
9.12063 -1.61527 0
9.86134 -1.01431 0
9.63975 -2.32113 0
9.0772 -1.30662 0
10.5306 -1.32442 0
8.79733 -1.92882 0
9.08978 -2.54469 0
9.70201 -1.9833 0
9.28444 -2.92749 0
10.059 0.0441817 0
10.5609 0.555454 0
10.4635 -0.453451 0
9.40993 -0.276343 0
7.78163 -2.94202 0
10.2989 0.0143433 0
9.58758 -0.559782 0
7.32028 -3.15187 0
9.17966 -1.88228 0
10.3484 0.737034 0
8.1124 -2.52055 0
9.15299 -0.773414 0
8.58256 -2.34346 0
8.71627 -1.29225 0
7.19346 -2.10422 0
6.70972 -2.01071 0
7.57219 -3.17536 0
10.3998 -1.34577 0
7.58047 -1.03591 0
10.1737 -0.648137 0
7.58704 -2.86445 0
-0.469279 -10.9205 1
0.0675652 -10.5164 1
0.893506 -9.59214 1
0.776244 -10.015 1
0.921408 -9.41031 1
1.33214 -9.24597 1
2.05835 -8.00997 1
0.432443 -10.1195 1
0.12528 -10.4841 1
-0.174326 -10.386 1
1.90625 -8.87727 1
-0.613881 -11.4545 1
1.90825 -8.58748 1
-0.855749 -11.2283 1
0.874884 -9.33469 1
1.43924 -9.05023 1
1.86116 -8.54488 1
0.324274 -10.2914 1
1.34576 -9.17641 1
-0.121238 -10.43 1
1.04762 -9.39926 1
1.23386 -9.26671 1
0.255019 -10.2769 1
0.91556 -9.71622 1
1.84603 -8.24906 1
3.04714 -7.38744 1
0.246964 -10.3168 1
0.690251 -9.81295 1
0.387369 -9.49381 1
-0.370878 -10.945 1
-0.0728031 -10.5555 1
1.09138 -9.58335 1
1.34309 -9.09268 1
0.600352 -9.94583 1
1.22086 -9.44475 1
0.856897 -9.71099 1
0.630241 -9.94893 1
0.871675 -9.588 1
1.1829 -9.39802 1
0.715765 -9.5236 1
-0.393055 -10.8081 1
0.283151 -10.2496 1
1.04353 -9.77993 1
0.702691 -9.45794 1
-0.0134035 -10.3918 1
1.91138 -8.53031 1
0.655432 -10.0183 1
1.02073 -9.48873 1
1.53078 -9.11527 1
0.694486 -9.65861 1
0.375852 -10.0062 1
-10.234 0.55716 2
-9.49507 -0.177152 2
-9.4612 -1.2375 2
-9.97702 -0.230619 2
-10.0842 0.256446 2
-8.86631 -0.14924 2
-10.508 0.123851 2
-10.4924 1.44674 2
-8.78995 0.989956 2
-8.47997 -0.0851417 2
-8.17873 -0.44506 2
-11.3183 -0.267716 2
-9.93153 -0.757352 2
-10.4538 -0.381116 2
-9.95401 -0.00456351 2
-9.28872 0.0580356 2
-7.88263 -0.147142 2
-10.1803 -0.238894 2
-12.2161 -1.18769 2
-10.0837 0.263635 2
-10.2676 0.0107326 2
-9.5405 0.412805 2
-10.9317 0.550649 2
-7.80849 0.520194 2
-10.4858 0.582734 2
-10.6299 -1.34503 2
-10.1048 -0.744802 2
-9.03179 -0.38529 2
-9.93362 -1.05115 2
-9.93172 0.0895889 2
-9.52567 -0.656767 2
-8.74208 -0.795062 2
-11.2541 -0.143007 2
-9.19097 0.87181 2
-10.048 0.610878 2
-8.02231 0.894893 2
-9.28704 -0.690911 2
-9.57484 -1.03238 2
-9.45034 0.703596 2
-8.88888 0.605728 2
-10.5384 0.795294 2
-7.47467 0.0549902 2
-7.73121 0.0223188 2
-8.80691 -0.510101 2
-10.4203 -1.58643 2
-9.54777 1.60811 2
-9.64999 -0.565165 2
-9.70733 0.552377 2
-8.45347 0.317823 2
-10.851 0.295509 2
-10.3545 -0.673584 2
-9.83259 -1.19798 2
-9.01847 -0.580526 2
-10.3573 0.110235 2
-10.5026 -1.0556 2
-9.9525 0.269341 2
-9.61815 0.0561708 2
-10.8756 -1.3317 2
-9.76024 0.957586 2
-9.27391 -1.20163 2
-7.64723 -0.472377 2
-9.81293 -1.10979 2
-9.06649 -0.541327 2
-7.80109 0.340949 2
-9.51226 0.123185 2
-8.84033 -1.17647 2
-9.11735 0.937151 2
-11.3396 0.211498 2
-6.55435 0.720836 2
-7.62375 0.603076 2
-9.11175 0.660182 2
-8.00667 -0.327867 2
-9.73956 0.609632 2
-10.1556 -1.28366 2
-8.74604 -0.145991 2
-8.92658 -0.430705 2
-9.29689 0.259341 2
-9.4553 0.384712 2
-10.5853 -0.173513 2
-9.36179 -0.824833 2
-10.1722 -0.50511 2
-8.33695 0.0703598 2
-9.34226 -0.896771 2
-8.9792 -0.173235 2
-8.74564 -0.0469015 2
-8.93193 -0.424833 2
-9.62325 0.117321 2
-9.74605 -1.4074 2
-9.66076 0.251128 2
-7.39383 -0.423788 2
-11.0354 -1.07543 2
-11.6382 0.136659 2
-8.99579 0.38576 2
-4.96212 -8.39195 3
-4.54261 -8.10718 3
-5.37167 -8.87817 3
-3.40974 -6.97597 3
-4.51855 -8.03783 3
-4.11031 -7.64753 3
-4.8578 -8.49095 3
-5.36565 -8.99115 3
-4.1786 -7.77585 3
-4.53234 -7.92161 3
-4.20212 -7.78706 3
-5.11974 -8.70115 3
-4.10691 -7.73489 3
-4.22887 -7.80973 3
-4.25186 -7.80255 3
-4.61235 -8.29938 3
-4.65465 -8.19302 3
-4.55876 -8.18879 3
-5.39008 -9.14573 3
-4.60275 -8.19394 3
-4.00416 -7.50554 3
-3.8518 -7.56603 3
-4.13105 -7.74818 3
-4.47508 -7.9641 3
-3.98898 -7.54014 3
-4.64235 -8.19244 3
-3.94894 -7.5605 3
-4.1969 -7.7422 3
-4.04193 -7.52349 3
-3.34341 -6.92669 3
-4.56185 -8.16729 3
-4.06998 -7.65726 3
-3.60039 -7.07683 3
-3.90862 -7.52537 3
-4.94332 -8.48587 3
-3.95728 -7.48335 3
-4.5616 -8.17387 3
-4.96727 -8.52494 3
-4.1735 -7.82814 3
-4.38963 -7.96044 3
-4.45818 -8.01353 3
-4.29926 -7.8579 3
-4.0648 -7.71467 3
-2.86134 -6.38889 3
-3.12642 -6.68213 3
-4.38365 -7.98658 3
-5.02416 -8.51817 3
-3.68358 -7.35751 3
-3.73023 3.7184 4
-3.76665 1.37445 4
-3.96229 2.99861 4
-3.72783 1.84047 4
-3.78334 1.91688 4
-4.24212 2.78407 4
-3.6607 2.49108 4
-3.91022 4.25313 4
-3.58685 2.39173 4
-3.95028 1.20873 4
-3.91389 2.96612 4
-4.01892 1.35145 4
-3.74937 5.09986 4
-3.78313 4.19116 4
-3.89208 3.7757 4
-3.61752 2.88964 4
-4.00316 4.20436 4
-3.90142 3.7142 4
-3.61779 2.04386 4
-3.62679 5.1216 4
-4.08121 3.82232 4
-4.02239 5.85571 4
-3.8492 4.30291 4
-4.02783 2.89576 4
-3.85828 4.31396 4
-3.93677 2.58716 4
-3.03993 -8.6999 5
-3.11803 -8.4405 5
-3.4218 -8.56916 5
-3.8485 -8.09386 5
-3.07109 -8.54903 5
-3.06664 -8.22532 5
-3.02673 -8.02548 5
-3.42118 -8.20285 5
-3.36652 -8.50959 5
-3.71799 -7.94288 5
-3.0562 -8.34904 5
-3.31149 -8.43203 5
-3.3109 -8.15295 5
-3.32686 -8.44883 5
-3.93057 -8.24905 5
-3.26314 -8.30047 5
-3.02427 -8.0229 5
-3.26775 -8.49227 5
-2.69593 -8.59085 5
-3.34777 -8.4648 5
-2.62516 -8.56324 5
-2.97054 -8.34767 5
-2.6336 -8.58015 5
-3.15909 -8.52115 5
-3.64471 -7.88109 5
-3.72495 -8.26383 5
-2.92414 -8.58864 5
-3.52532 -8.21523 5
-3.51 -7.98659 5
-3.27418 -8.21405 5
-2.93903 -8.40646 5
-3.39515 -8.36377 5
-3.36345 -8.51667 5
-2.94855 -8.57383 5
-3.24257 -8.21633 5
-3.33883 -8.33702 5
-3.33733 -8.45446 5
-3.44721 -8.28393 5
-3.15554 -8.26972 5
-3.42415 -8.26844 5
-3.91142 -8.19907 5
-3.52062 -8.2431 5
-3.12896 -8.20188 5
-3.20894 -8.25736 5
3.67618 8.80936 6
2.48703 8.85528 6
3.35303 7.39696 6
3.31762 8.6912 6
5.45633 6.41421 6
-0.577119 10.085 6
-0.413601 9.34386 6
2.26229 10.7885 6
1.68076 7.24139 6
2.01286 9.52635 6
4.12155 8.67562 6
0.221376 10.1065 6
0.0124326 10.1733 6
-0.0584334 9.15143 6
1.5099 9.26886 6
1.79281 9.99416 6
0.269958 9.0272 6
1.90425 10.1465 6
1.44252 7.15414 6
-0.255492 10.5607 6
1.5061 10.0892 6
1.55628 7.7028 6
1.36543 8.08894 6
1.5857 9.47419 6
2.25874 9.70887 6
1.10722 10.0038 6
1.33587 10.0626 6
1.59755 8.50966 6
1.27265 9.62064 6
2.03041 8.3457 6
1.38088 8.63091 6
0.735521 9.80094 6
1.09364 9.29425 6
2.79364 9.90518 6
-1.51741 9.73865 6
2.58358 8.29172 6
3.1645 8.5734 6
4.35077 8.76275 6
1.99028 8.92012 6
1.49919 11.0613 6
3.09881 7.12341 6
0.294131 9.70217 6
0.0462565 8.8527 6
1.00592 9.02333 6
1.5124 9.68498 6
1.05836 8.83616 6
-0.987573 8.24555 6
3.95465 9.0551 6
2.05998 8.59946 6
1.94783 8.09828 6
0.477159 10.1575 6
1.16666 9.17422 6
1.59581 8.95895 6
1.00427 9.30997 6
1.3048 8.57929 6
3.07311 7.74739 6
2.03645 8.40023 6
2.56439 8.32681 6
-0.976061 8.11582 6
1.46893 9.73945 6
0.752662 9.38278 6
3.58658 7.08018 6
3.91647 7.60215 6
2.27176 7.92949 6
4.75677 6.6223 6
0.721762 8.48134 6
3.24762 8.30328 6
3.75355 6.75446 6
2.25674 7.95957 6
2.7009 7.95952 6
-0.64836 10.4016 6
1.8154 8.5267 6
2.45968 9.0944 6
0.716963 9.74875 6
0.483048 10.2804 6
0.995186 8.45888 6
2.72103 8.5181 6
1.36697 8.16227 6
1.51136 8.13185 6
3.32186 9.50272 6
3.4922 7.28107 6
2.30979 7.47634 6
2.66506 8.55358 6
0.398259 9.99089 6
2.0955 8.41559 6
2.86374 7.16498 6
1.32307 8.69802 6
-0.722735 10.6875 6
2.01296 9.49925 6
2.01406 8.47772 6
8.44853 6.68837 7
8.91998 6.21579 7
8.47685 6.46877 7
9.31946 6.44742 7
9.12557 6.77713 7
8.98176 6.79532 7
9.94946 6.89187 7
9.57707 6.49391 7
9.66982 7.29154 7
10.288 7.01431 7
8.81202 7.00473 7
9.34032 6.11059 7
10.2753 6.49838 7
8.01183 7.26276 7
9.54444 7.0155 7
8.41694 6.66262 7
10.0555 6.69882 7
9.2429 6.27194 7
8.85094 6.55078 7
9.51764 7.29658 7
10.6339 6.71969 7
8.56027 6.94781 7
9.70164 6.33923 7
9.2625 7.43247 7
10.6142 6.20471 7
9.54306 6.89536 7
9.00797 6.59107 7
8.22597 6.46799 7
9.55067 7.36018 7
10.5633 6.98488 7
9.68728 6.31432 7
9.49633 6.76408 7
9.68216 6.70108 7
9.34263 6.20009 7
9.4122 6.68266 7
9.11442 6.74461 7
9.16185 7.02385 7
8.99179 6.07372 7
8.80523 7.18444 7
9.84452 6.82618 7
10.3807 6.65859 7
9.56218 7.19719 7
10.1413 6.94706 7
9.5879 5.63202 7
9.07771 6.83548 7
9.29504 6.35698 7
9.45533 6.57391 7
10.5506 6.71131 7
9.59545 6.36306 7
8.88009 5.8011 7
8.7341 5.98346 7
9.11613 6.00236 7
9.85805 6.66534 7
9.11693 6.37516 7
9.2317 6.56699 7
9.87339 6.402 7
8.25591 7.1369 7
9.60009 6.83017 7
9.8766 6.01822 7
9.11822 7.11594 7
8.27211 6.93317 7
9.4725 6.89454 7
9.07364 5.96374 7
9.9238 6.91688 7
9.50815 7.00528 7
9.86778 6.3495 7
8.91731 6.59115 7
5.50951 -9.16009 8
6.02484 -9.70056 8
5.26547 -8.90588 8
5.62986 -9.48888 8
5.57443 -8.37687 8
5.95135 -9.29117 8
5.8858 -8.96458 8
5.40302 -8.716 8
6.09963 -9.77548 8
5.42042 -8.82546 8
6.0359 -9.02501 8
5.66103 -8.39389 8
5.50331 -8.34298 8
5.68985 -8.66353 8
5.35374 -8.95064 8
5.30714 -8.75709 8
5.91328 -8.84852 8
5.06113 -8.95486 8
5.74919 -8.59423 8
5.4447 -9.05954 8
5.65199 -9.07269 8
5.52692 -8.59962 8
5.5316 -9.05682 8
5.70325 -9.47428 8
6.2243 -9.38153 8
5.48534 -8.50843 8
6.5001 -9.96982 8
5.52507 -9.17803 8
5.73449 -9.79917 8
5.92883 -9.3592 8
5.38804 -8.81546 8
5.86656 -9.1754 8
5.72005 -9.63795 8
5.37894 -8.49431 8
5.96822 -9.68315 8
5.54696 -8.8116 8
5.86785 -9.12248 8
5.70491 -8.83556 8
5.65779 -8.7191 8
5.54271 -9.0603 8
5.38825 -8.61116 8
5.38787 -9.02598 8
5.80214 -8.60811 8
5.89196 -9.42108 8
5.52637 -9.09668 8
5.37455 -9.36567 8
6.06081 -9.45728 8
6.34602 -9.40984 8
5.70103 -9.34357 8
5.70079 -8.84882 8
5.668 -9.34143 8
5.89559 -9.47888 8
5.35891 -8.53019 8
5.56379 -9.27462 8
5.4777 -8.94036 8
5.5486 -9.18406 8
5.64645 -9.21703 8
5.81137 -8.93369 8
5.28374 -8.35715 8
5.59118 -9.11064 8
5.90232 -9.51232 8
5.6145 -8.919 8
5.43168 -9.41597 8
5.62929 -9.31531 8
5.80284 -9.36528 8
5.8041 -9.26837 8
5.49956 -8.59538 8
5.78347 -9.345 8
5.29794 -8.94622 8
-8.61786 8.62612 9
-7.82989 7.42479 9
-6.36103 7.52549 9
-7.64315 8.6118 9
-9.2419 7.44043 9
-7.14295 8.25934 9
-7.61254 9.36429 9
-8.5419 8.64038 9
-8.46751 8.33683 9
-8.26241 7.85073 9
-7.80833 7.97277 9
-4.87217 1.92419 10
-4.58392 2.14788 10
-3.60328 0.999064 10
-5.10253 0.94282 10
-4.46675 2.1893 10
-3.01076 -0.150091 10
-3.02447 0.521563 10
-1.53005 -1.17577 10
-3.71776 0.833255 10
-5.09851 1.39104 10
-2.74809 -0.0400203 10
-3.44975 0.463472 10
-1.54649 -6.87966 11
-1.85761 -6.47179 11
-0.417046 -6.92949 11
-1.22997 -6.53823 11
-1.84587 -6.67066 11
0.106809 -6.63786 11
-2.58289 -6.37333 11
-2.15663 -6.41869 11
-1.03154 -6.09923 11
-0.816718 -5.92661 11
-1.60272 -6.29296 11
-1.57024 -6.82861 11
-1.35918 -6.30167 11
-1.66357 -6.05063 11
-1.57084 -6.64508 11
-2.49087 -6.56199 11
-1.16573 -6.67748 11
-2.13768 -6.01591 11
-1.26147 -6.76874 11
-1.4295 -6.70281 11
-1.63132 -6.53969 11
-1.96455 -6.12952 11
2.14541 -1.75901 12
2.18157 -0.318241 12
3.70037 -0.612266 12
3.27837 -1.04833 12
2.27835 -1.07354 12
1.8437 -0.476188 12
3.81494 1.71932 12
3.16501 1.11627 12
1.52134 -1.12246 12
2.7627 -1.06294 12
1.16062 -2.12411 12
1.98548 -1.91853 12
2.61251 -0.788043 12
2.01246 -0.843526 12
2.85785 0.608255 12
1.63879 0.130377 12
-8.50815 -5.3361 13
-7.93147 -6.22702 13
-7.66447 -3.59341 13
-8.20723 -7.34677 13
-7.96922 -6.34951 13
-8.41231 -4.82653 13
-7.91489 -5.22228 13
-7.91437 -6.50276 13
-8.07584 -5.15576 13
-7.15171 -2.72762 13
-8.24178 -4.36583 13
-7.48722 -4.82794 13
-7.52003 -4.90854 13
-8.2373 -5.59072 13
-7.28457 -5.33647 13
-7.60225 -3.4528 13
-8.89757 -6.00299 13
-7.15991 -4.35617 13
-8.19713 -6.43823 13
-7.40725 -5.58814 13
-7.28142 -4.68713 13
-8.65915 -5.1159 13
-7.85151 -5.38235 13
-7.44063 -2.69439 13
-8.69468 -4.41878 13
-7.04348 -6.1596 13
-7.04817 -4.5154 13
-8.90407 -6.24654 13
-6.8841 -5.36627 13
-7.92083 -5.20473 13
-8.22826 -6.48109 13
-7.71828 -3.89796 13
-8.4122 -3.75748 13
-7.93365 -5.12132 13
-7.01548 -5.01659 13
-7.45344 -5.99615 13
-7.79734 -4.10887 13
-8.41846 -3.64838 13
-7.42381 -6.17507 13
-8.73986 -4.46336 13
-6.94742 -5.02803 13
-7.34104 -5.86278 13
-7.19725 -5.1034 13
-8.8278 -5.51331 13
-7.49843 -5.55808 13
-8.341 -3.37022 13
-7.90707 -4.75547 13
-8.18951 -3.99899 13
-7.77167 -4.76904 13
-7.98154 -5.38716 13
0.418766 -7.38472 14
0.526512 -7.76779 14
0.372199 -8.00633 14
0.474783 -8.57332 14
0.489346 -8.95114 14
0.271228 -8.88605 14
0.214038 -8.38575 14
0.4125 -8.88617 14
0.620043 -8.19135 14
0.483735 -7.39244 14
0.240299 -8.28806 14
0.373858 -8.406 14
0.463624 -6.97511 14
0.50259 -8.12138 14
0.509485 -7.6872 14
0.511018 -8.53159 14
0.31843 -8.21687 14
0.400009 -8.24914 14
0.265157 -8.01973 14
0.26897 -8.82519 14
0.454284 -7.23378 14
0.435907 -7.17104 14
0.436326 -7.65254 14
0.493724 -7.78644 14
0.624373 -8.10782 14
0.595694 -7.91667 14
0.449923 -7.17199 14
0.603058 -7.34616 14
0.241464 -8.40819 14
0.499511 -7.81758 14
0.331844 -7.90453 14
0.365891 -7.54758 14
0.390585 -8.57258 14
0.417248 -7.6905 14
0.393709 -8.38791 14
0.328903 -7.88604 14
0.440681 -8.21836 14
0.498785 -8.02934 14
0.226192 -7.5201 14
0.337374 -8.26084 14
0.38923 -8.55818 14
0.178813 -8.38455 14
0.431349 -8.38407 14
0.292909 -8.55301 14
0.502298 -8.25161 14
0.565983 -8.89393 14
0.612448 -7.287 14
0.497214 -7.97212 14
0.183593 -8.8424 14
0.347846 -8.11325 14
0.30695 -7.74283 14
0.227662 -8.30901 14
0.523653 -8.20826 14
0.474466 -8.15087 14
0.645403 -8.18344 14
0.388531 -8.83902 14
0.548967 -8.91526 14
0.461609 -8.00635 14
0.410049 -8.66449 14
0.443292 -8.01099 14
0.457351 -8.11624 14
0.618956 -8.4541 14
0.388813 -7.59286 14
0.557622 -8.22351 14
0.485565 -8.97445 14
0.210619 -8.31788 14
0.562862 -8.17951 14
0.264774 -8.89617 14
0.438111 -8.44597 14
0.398168 -9.02624 14
0.508129 -8.12303 14
0.40045 -8.01467 14
0.542129 -8.86396 14
0.522358 -8.23208 14
0.368092 -8.3031 14
0.332996 -7.63085 14
0.361554 -7.98948 14
0.187328 -7.58384 14
0.495758 -7.7716 14
0.612406 -8.01252 14
0.523131 -8.85404 14
0.690442 -8.36493 14
0.565415 -8.30973 14
0.527903 -7.31441 14
0.34017 -7.91794 14
0.385089 -8.4023 14
0.559726 -8.75384 14
0.435104 -8.34118 14
0.440458 -8.92874 14
0.526573 -8.80203 14
0.532945 -7.44134 14
0.283871 -8.49604 14
0.346084 -8.71977 14
0.475162 -6.94049 14
0.425197 -7.38886 14
0.399391 -9.1625 14
0.431334 -8.04919 14
0.577515 -8.37801 14
0.595894 -8.0031 14
0.397976 -8.20387 14
6.28766 3.4633 15
5.80481 3.30284 15
5.61241 3.6043 15
4.46195 3.60945 15
7.04875 3.69032 15
5.44235 3.8346 15
4.99331 3.54261 15
4.86887 3.69997 15
5.34886 3.9374 15
4.69107 3.65735 15
4.70892 3.61466 15
3.21286 3.77422 15
3.59328 3.5603 15
3.83192 3.37914 15
4.62786 3.61673 15
4.72905 3.59781 15
4.76084 3.61704 15
4.47918 3.53593 15
4.40848 3.56985 15
3.85138 3.61444 15
5.47257 3.45251 15
4.74663 3.39864 15
4.50178 3.51619 15
5.14129 3.63597 15
3.6789 3.60447 15
3.9318 3.53743 15
6.05955 3.6933 15
5.91489 3.77455 15
4.01952 3.56783 15
3.07783 3.47158 15
3.82237 3.5523 15
5.80692 3.66294 15
5.66012 3.73373 15
4.50421 3.49861 15
3.37607 3.53783 15
5.26997 3.6074 15
2.78835 3.67161 15
4.35711 3.55507 15
4.95961 3.52694 15
4.96054 3.77949 15
4.11688 3.62464 15
3.90173 3.68691 15
4.38345 3.63111 15
4.78007 3.7309 15
4.02483 3.39193 15
5.08634 3.31463 15
6.23914 3.55325 15
3.01256 3.69527 15
5.72648 3.65593 15
4.84581 3.80804 15
3.2622 3.47685 15
3.96611 3.6061 15
5.28192 3.49471 15
3.68843 3.58745 15
3.8565 3.62768 15
2.19806 3.58056 15
4.22138 3.36783 15
3.76197 3.56788 15
4.92797 3.5983 15
4.59801 3.77242 15
2.61889 3.64123 15
4.51314 3.5493 15
4.80927 3.4519 15
4.5262 3.63389 15
4.05878 3.44338 15
2.74564 3.61899 15
4.10779 3.51456 15
3.40854 3.61314 15
4.09913 3.43341 15
6.68413 3.50669 15
5.00109 3.43651 15
4.92451 3.4578 15
3.11823 3.59594 15
4.21903 3.85616 15
-4.15035 -5.17444 16
-4.33416 -4.55261 16
-3.55504 -3.83258 16
-4.28071 -4.33907 16
-3.84375 -5.90104 16
-5.78408 -7.36333 16
-4.13429 -4.86641 16
-3.65989 -4.50289 16
-4.33763 -2.72732 16
-4.92741 -4.09937 16
-4.58885 -5.03898 16
-4.8369 -7.63078 16
-4.01705 -3.64271 16
-5.01399 -5.26527 16
-5.35142 -5.76453 16
-4.62546 -5.35193 16
-4.7809 -5.30043 16
-4.51632 -4.02359 16
-4.5726 -7.55696 16
-3.45655 -4.24559 16
-4.25005 -3.59205 16
-2.59724 -4.70839 16
-3.52372 -3.84972 16
-4.06131 -4.26602 16
-6.1886 -7.01305 16
-3.64693 -4.06145 16
-3.93301 -4.45484 16
-3.56342 -5.29954 16
-5.40863 -7.20209 16
-2.93609 -3.11121 16
-4.69566 -5.24214 16
-6.85464 -7.15212 16
-4.55022 -5.24157 16
-4.19312 -5.31828 16
-3.84425 -1.44844 16
-4.69679 -3.75975 16
-4.05214 -4.56369 16
-5.2312 -6.44763 16
-4.41196 -5.15568 16
-4.34777 -5.09057 16
-5.67526 -5.43576 16
-3.49283 -5.57457 16
-4.02027 -6.45506 16
-4.20242 -4.40503 16
-4.18071 -4.47451 16
-5.4869 -5.63183 16
-4.50672 -4.09138 16
-5.74587 -5.97686 16
-4.41585 -5.56844 16
-4.30159 -3.97968 16
-5.30574 -5.99271 16
-4.37192 -4.82738 16
-3.99296 -6.28274 16
-4.46584 -5.01916 16
-5.29457 -5.77541 16
-5.08749 -5.52565 16
-4.00812 -4.55901 16
-4.36444 -4.0733 16
-4.91201 -6.14298 16
-4.95142 -5.16008 16
-4.58107 -6.03262 16
-3.51726 -5.11751 16
-4.46815 -4.27668 16
-3.47833 -5.51655 16
-3.63177 -4.0893 16
-4.47379 -3.08501 16
-4.32752 -6.3572 16
9.4898 4.14372 17
8.52062 4.34776 17
10.1216 2.63569 17
9.41955 3.74438 17
9.37279 2.99227 17
7.81631 4.00234 17
9.60976 3.2769 17
8.88295 4.41196 17
9.712 3.2372 17
9.31001 3.91549 17
7.61992 4.29094 17
9.047 4.73634 17
9.28311 3.30721 17
9.59687 3.57832 17
8.27886 4.29177 17
8.4069 3.33032 17
8.95002 4.4017 17
10.07 2.80009 17
8.78111 3.87341 17
8.04194 4.51669 17
8.16782 5.11564 17
9.54878 3.3241 17
9.81829 3.69265 17
10.5921 3.0734 17
8.14193 3.99961 17
9.5631 2.92386 17
9.14431 4.37926 17
7.6363 4.15865 17
9.17876 3.73494 17
6.873 5.0618 17
8.95027 5.24818 17
10.9926 3.86135 17
9.11693 4.3821 17
9.91211 4.09716 17
7.77738 3.96957 17
8.8184 3.80831 17
11.1965 4.4006 17
9.29436 4.09676 17
8.35075 4.56019 17
7.99416 4.14554 17
9.76891 2.93699 17
7.84777 3.34954 17
7.93969 4.43656 17
7.65547 4.39413 17
8.28981 4.72285 17
9.58948 3.53064 17
8.65362 4.49723 17
9.30604 3.60612 17
7.88058 4.67639 17
9.06298 3.79333 17
7.94859 3.75619 17
10.5273 3.31225 17
8.16125 4.44694 17
7.91659 4.02148 17
8.31178 4.22934 17
8.26904 4.67399 17
8.67917 4.04005 17
9.93215 3.08352 17
6.61128 4.34902 17
10.3207 4.00546 17
10.0483 4.12185 17
12.6006 3.70052 17
9.4122 3.89289 17
9.14505 3.1616 17
-4.46898 7.85107 18
-5.01544 8.19335 18
-4.53691 8.79711 18
-4.03906 7.85599 18
-4.65632 7.97832 18
-5.36411 8.42499 18
-4.35163 8.2954 18
-4.43561 8.93984 18
-4.92705 7.4383 18
-4.24353 8.35964 18
-3.65169 7.71886 18
-4.12211 7.9024 18
-4.70474 8.20253 18
-4.67255 8.70208 18
-4.6925 8.73912 18
-4.75799 8.12671 18
-4.19257 8.22109 18
-4.34844 8.11277 18
-3.43398 7.94272 18
-4.21094 8.10579 18
-4.42429 8.38559 18
-4.82473 8.07676 18
-3.88073 7.72284 18
-4.32963 7.77924 18
-4.61918 8.44943 18
-4.89738 8.56209 18
-4.85814 8.57705 18
-4.17222 8.12458 18
-5.27355 8.80399 18
-4.43458 8.29534 18
-5.14869 8.34426 18
-4.85894 7.68119 18
-4.68934 8.45442 18
-4.77633 8.2516 18
-5.06531 8.11986 18
-4.76813 8.17804 18
-4.51912 8.43295 18
-3.54445 8.6692 18
-4.88683 8.07991 18
-4.40904 8.42307 18
-5.11182 8.01707 18
-3.87994 7.72673 18
-3.68017 8.20684 18
-4.80697 8.56468 18
-4.83334 8.16543 18
-3.513 8.04571 18
-4.37983 7.87975 18
-4.16326 7.99775 18
-4.79289 8.60239 18
-3.91102 8.41067 18
-4.40421 8.03371 18
-4.58616 7.94636 18
-7.00065 5.55093 19
-5.52381 5.77977 19
-5.42345 5.34964 19
-6.37012 5.62283 19
-4.84743 5.33527 19
-5.73189 5.62616 19
-5.25737 5.54336 19
-5.66953 5.26158 19
-5.54456 5.59851 19
-5.7165 5.45019 19
-5.11071 5.26505 19
-6.14584 5.52156 19
-5.97581 5.53777 19
-5.95251 5.06884 19
-5.64161 5.18881 19
-4.9369 5.59066 19
-5.40714 5.47556 19
-5.65474 5.48349 19
-6.12631 5.24727 19
-5.90756 5.70359 19
-4.43087 5.52729 19
-5.53171 5.37408 19
-5.31086 5.62656 19
-5.69316 5.50137 19
-5.21975 5.58145 19
-5.3297 5.52868 19
-5.17418 5.43413 19
-4.52667 5.59354 19
-4.9243 5.23466 19
-4.12171 5.52764 19
-5.91362 5.68576 19
-5.92352 5.54579 19
-5.12901 5.86568 19
-5.68782 5.39237 19
-5.16732 5.35219 19
-6.49935 5.58315 19
-4.9541 5.35058 19
-5.64975 5.27131 19
-5.37371 5.46071 19
-5.68151 5.61762 19
-5.46861 5.68293 19
-6.04161 5.32222 19
-5.76172 5.2244 19
-5.08331 5.37624 19
-5.32006 5.36434 19
-6.29862 5.46688 19
-6.1872 5.29882 19
-5.48896 5.53955 19
-5.44244 5.2333 19
-5.63047 5.30228 19
-5.98454 5.54562 19
-5.6122 5.76141 19
-5.52748 5.29645 19
-5.52039 5.54224 19
-4.59871 5.40758 19
-5.67544 5.66916 19
-5.31223 5.73579 19
-5.8661 5.44459 19
-5.25234 5.51399 19
-6.02328 5.25231 19
-4.89619 5.35984 19
-7.54163 5.31429 19
-5.16124 5.52223 19
-5.00088 5.45462 19
-4.4418 5.46889 19
-6.61944 5.50144 19
-5.61541 5.48482 19
-5.5109 5.54891 19
-5.0099 5.64636 19
-5.33563 5.43402 19
-5.84272 5.67474 19
-5.79495 5.32984 19
-4.26505 5.38928 19
-4.46309 5.206 19
-5.31963 5.2759 19
-5.83511 5.63142 19
-4.32545 5.57075 19
-6.41345 5.38653 19
-5.8665 5.3631 19
-5.15801 5.35151 19
-5.64208 5.77338 19
-5.56937 5.40377 19
-6.13924 5.40347 19
-4.72032 5.6056 19
-6.54636 5.34565 19
-5.26464 5.4905 19
-6.29856 5.52542 19
-5.28333 5.43087 19
-4.94905 5.30275 19
-4.95769 5.45545 19
-6.46113 5.22239 19
-6.82039 5.45955 19
-5.52386 5.46091 19
-5.13472 5.30975 19
-5.31992 5.35405 19
-4.55382 5.33244 19
-5.66024 5.38933 19
-5.07137 5.41422 19
-5.85591 5.69475 19
-5.56599 5.296 19
1.97565 -4.88037 20
4.69278 -3.70709 20
1.56455 -4.59398 20
1.63708 -4.08866 20
1.89684 -4.56223 20
2.86584 -3.98989 20
0.987837 -5.34118 20
1.67161 -4.69907 20
3.72048 -3.88763 20
1.47048 -5.15452 20
1.96339 -4.46101 20
2.03134 -3.94465 20
2.61644 -3.49415 20
1.16297 -4.01729 20
2.86278 -4.49841 20
9.76664 10.0106 21
9.69161 9.45975 21
8.91592 8.82885 21
9.21794 9.12545 21
9.28268 9.72629 21
9.6594 9.43679 21
9.97166 9.18018 21
9.2347 9.23322 21
9.92134 9.92838 21
9.34378 9.81523 21
9.2465 9.31502 21
9.02705 8.52102 21
9.30696 8.63108 21
10.0855 9.54377 21
9.34003 9.42232 21
9.50786 9.64298 21
9.25345 9.34713 21
9.34374 9.61946 21
9.28126 9.49067 21
9.14315 9.11217 21
10.0978 8.19515 21
9.11076 9.23037 21
9.00949 9.1317 21
8.74734 9.5891 21
8.91721 9.06503 21
9.90109 10.4545 21
9.17399 9.20457 21
9.39264 9.58173 21
9.17194 8.58322 21
9.21812 9.57947 21
9.8536 8.73345 21
9.85714 9.45051 21
9.61962 9.34833 21
9.8766 9.90262 21
9.47943 9.47305 21
9.51499 9.24591 21
9.91481 9.75497 21
9.45012 9.12184 21
9.12446 9.50256 21
9.50068 9.30322 21
9.76179 9.31216 21
9.77506 9.74446 21
8.99881 9.40235 21
9.28847 9.97494 21
9.61888 9.21562 21
9.12554 9.31144 21
9.69998 9.67695 21
9.41034 9.89003 21
9.52842 9.02955 21
9.71022 9.38049 21
9.62435 9.22201 21
-2.51276 -2.49992 22
-1.91546 -2.48702 22
-1.64009 -3.68861 22
-2.23177 -3.7652 22
-3.18977 -1.40665 22
-1.68201 -3.16671 22
-2.16736 -4.31538 22
-2.81413 -1.63749 22
-2.21429 -3.14985 22
-2.22525 -4.24694 22
-2.14977 -3.30416 22
-2.45879 -2.20001 22
-6.75819 -1.78394 23
-6.4552 -1.97712 23
-6.12946 -1.22704 23
-6.53341 -1.23297 23
-6.94992 -1.70311 23
-6.50608 -0.594688 23
-6.18925 -1.72172 23
-6.31542 -1.29135 23
-5.86303 -1.45505 23
-6.72861 -1.3209 23
-6.61356 -1.56013 23
-6.34383 -1.35168 23
-5.88753 -0.950693 23
-6.4495 -1.01191 23
-6.75597 -1.21534 23
-6.11181 -1.02305 23
-6.64703 -1.15357 23
-6.03598 -0.902322 23
-6.80812 -0.986871 23
-6.2688 -0.877157 23
-5.68315 -1.25364 23
-6.66797 -1.79054 23
-6.35745 -1.0898 23
-6.30423 -1.02766 23
-6.20339 -1.5832 23
-6.75746 -1.60168 23
-6.48382 -1.52069 23
-6.54541 -1.06913 23
-7.01633 -1.56685 23
-6.45077 -0.982857 23
-6.29862 -1.18106 23
-6.65497 -0.778121 23
-6.416 -1.05014 23
-6.12932 -1.45757 23
-6.16121 -0.993201 23
-9.43486 -10.2813 24
-8.17832 -10.0119 24
-8.84271 -9.87054 24
-8.71848 -10.5099 24
-8.38089 -9.54702 24
-8.58667 -8.78617 24
-8.75143 -11.2117 24
-8.63331 -10.663 24
-8.70556 -10.5751 24
-8.38506 -9.60487 24
-9.5655 -8.75852 24
-8.60501 -9.8961 24
-9.08824 -10.1323 24
-8.88788 -9.44756 24
-8.75429 -9.22145 24
-8.58604 -8.81393 24
-8.1757 -9.81058 24
-9.01776 -10.4682 24
-8.62385 -9.55257 24
-8.59099 -10.2515 24
-8.44583 -9.66655 24
-8.75625 -10.0789 24
-8.90031 -9.16862 24
-8.61639 -10.1194 24
-8.48918 -9.81737 24
-9.12339 -9.28176 24
-8.71349 -8.89187 24
-8.52642 -10.8703 24
-9.31165 -9.43986 24
-8.685 -8.5049 24
-8.20213 -9.14997 24
-9.12563 -9.62295 24
-8.66412 -10.3078 24
-8.50987 -8.63795 24
-8.96153 -10.9553 24
-9.23028 -10.811 24
-8.90807 -9.88622 24
-8.69205 -9.55795 24
-8.70311 -10.29 24
-8.10142 -9.73305 24
-8.27578 -9.42912 24
-8.02245 -9.4066 24
-9.05227 -10.0422 24
-8.37707 -8.96992 24
-8.62525 -9.33523 24
-8.63627 -10.3886 24
-8.76986 -10.4135 24
-9.00901 -10.9427 24
-9.18398 -9.28669 24
-8.88357 -9.57493 24
-8.42235 -10.3862 24
7.923 -7.68914 25
9.34283 -7.4905 25
9.32531 -7.89932 25
8.09174 -7.59947 25
8.60562 -6.94551 25
8.16743 -7.07753 25
8.33808 -9.03872 25
8.46305 -8.43166 25
7.8992 -7.63183 25
7.15434 -8.39488 25
8.55396 -8.60958 25
9.83414 -9.08777 25
8.04105 -8.08015 25
9.18458 -7.49372 25
9.50338 -7.90014 25
9.2227 -7.27724 25
9.18378 -8.03128 25
8.58097 -6.6996 25
7.66044 -8.04961 25
7.80994 -7.16083 25
8.11049 -7.91955 25
8.79822 -8.43297 25
8.06088 -8.21741 25
9.74015 -8.79952 25
7.21825 -7.90008 25
7.46788 -8.31407 25
6.63672 -7.62819 25
8.15704 -7.97663 25
8.44057 -7.64002 25
7.2879 -8.06395 25
9.37906 -7.76284 25
7.56435 -8.87311 25
8.77201 -7.26087 25
7.98727 -8.64401 25
8.24078 -8.26358 25
9.00399 -8.59176 25
6.60467 -8.18523 25
9.51321 -8.87606 25
8.59153 -8.95822 25
8.15316 -7.71715 25
7.35206 -6.8957 25
8.70526 -7.65815 25
7.80862 -7.9129 25
8.21575 -8.73315 25
7.37119 -7.70054 25
9.41819 -7.7595 25
8.07025 -8.21823 25
8.84307 -7.0568 25
8.54894 -7.67929 25
8.65212 -9.1387 25
9.4722 -8.39825 25
8.44241 -7.21784 25
6.51898 -8.08511 25
8.49664 -7.81423 25
3.54842 -6.13612 26
3.54328 -7.0049 26
3.7214 -6.27296 26
3.91792 -6.18613 26
3.56836 -7.79028 26
3.74575 -5.63859 26
3.80087 -6.55159 26
3.86941 -8.31262 26
3.7453 -7.30439 26
3.83884 -5.55615 26
3.94454 -8.45332 26
3.58894 -7.63345 26
4.24369 -6.43629 26
3.86069 -6.59882 26
3.96973 -7.66606 26
3.96616 -7.18434 26
3.63377 -7.76295 26
3.66124 -7.35745 26
3.84445 -6.42577 26
3.82009 -6.32846 26
3.54048 -7.32571 26
3.97095 -5.8883 26
3.9476 -6.38764 26
4.1034 -6.21105 26
4.08575 -5.76686 26
3.65989 -6.40737 26
3.47199 -7.88511 26
4.01866 -6.00038 26
4.1241 -7.642 26
4.16829 -8.33791 26
3.96751 -9.11681 26
3.52176 -7.41133 26
3.68391 -6.76161 26
3.96104 -6.37774 26
3.66081 -6.43803 26
3.82257 -5.82475 26
3.65207 -7.17312 26
3.93526 -6.15436 26
4.04857 -6.62372 26
3.93215 -7.53282 26
3.67344 -7.08356 26
3.69486 -7.56151 26
4.084 -7.19595 26
3.96338 -6.30168 26
3.55641 -6.95261 26
3.72059 -6.93385 26
3.67292 -7.30568 26
4.18141 -4.66097 26
4.04334 -5.97926 26
3.68903 -6.02295 26
3.98432 -6.23635 26
3.51436 -7.2432 26
3.7961 -4.90233 26
4.31911 -6.1219 26
3.80866 -7.2646 26
4.05742 -5.64717 26
3.89154 -7.70056 26
3.86605 -6.43218 26
3.60055 -6.35898 26
3.76174 -6.62669 26
4.18018 -5.91871 26
4.01656 -6.80148 26
3.97854 -7.38043 26
3.60676 -6.9275 26
3.61206 -7.7179 26
3.68663 -7.94436 26
3.45345 -6.31869 26
3.83416 -7.22568 26
4.07492 -8.02438 26
4.14205 -7.28233 26
3.6537 -5.30608 26
4.29762 -5.35466 26
3.70807 -6.2168 26
3.4667 -7.1882 26
3.8106 -7.39049 26
3.81857 -6.87112 26
3.75626 -7.19956 26
3.85543 -6.52555 26
3.68605 -5.46309 26
4.04215 -6.78428 26
3.75064 -7.05963 26
4.24508 -5.97145 26
3.87665 -7.08404 26
3.73924 -6.21715 26
3.94757 -7.65266 26
3.96324 -7.19904 26
4.00076 -7.0462 26
3.97578 -6.72932 26
3.59033 -7.22384 26
4.04553 -6.2904 26
3.90483 -6.18564 26
4.08534 -6.12826 26
3.70177 -6.46237 26
3.96323 -6.72784 26
3.91008 -5.04522 26
3.96717 -7.17413 26
3.99426 -5.98364 26
3.63875 -7.53281 26
3.88196 -6.48052 26
3.75966 -6.36781 26
3.92668 -6.68597 26
3.65569 -6.46728 26
3.66659 -6.66472 26
3.79989 -7.66861 26
3.81728 -6.1534 26
3.74059 -6.45723 26
7.30446 5.42165 27
7.5045 5.5063 27
7.54538 5.78998 27
7.36703 5.55191 27
7.40584 5.78066 27
7.41024 5.572 27
7.46801 5.56777 27
7.30921 5.94098 27
7.24209 6.16363 27
7.20925 5.96976 27
7.32004 5.54507 27
7.37533 5.36556 27
7.47417 5.8326 27
7.22888 5.74676 27
7.54499 5.6643 27
7.35998 5.5685 27
7.3073 5.73265 27
7.37222 5.59056 27
7.34249 5.43941 27
7.33767 5.66955 27
7.36376 5.77091 27
7.69407 5.77358 27
7.32204 5.44872 27
7.39204 5.36378 27
7.53436 5.98058 27
7.5116 5.55509 27
7.34419 5.63569 27
7.41817 5.43317 27
7.28846 5.74047 27
7.20718 5.41215 27
7.185 5.91485 27
7.14604 5.78323 27
7.03258 5.69374 27
7.21423 5.9244 27
7.27719 5.81818 27
7.35567 5.62259 27
7.26192 5.74704 27
7.35817 5.77937 27
7.38259 5.52865 27
7.46734 5.59246 27
7.20097 5.50016 27
7.38661 5.49621 27
7.07008 5.75944 27
7.46484 5.8141 27
7.39545 6.00351 27
7.50989 5.46485 27
7.47517 5.5424 27
7.23372 5.78816 27
7.51349 5.43684 27
7.41906 5.68361 27
7.28042 5.95459 27
7.4004 5.67424 27
7.49032 5.78483 27
7.21768 5.67363 27
7.38563 5.59575 27
7.27103 6.04481 27
7.49608 5.61138 27
7.25974 5.82992 27
7.41266 5.52054 27
7.16217 6.1302 27
7.35866 5.55145 27
7.43091 5.56616 27
7.42119 5.51693 27
7.38565 5.68022 27
7.55344 5.3848 27
7.61793 5.71895 27
7.41707 5.7644 27
7.59476 5.72494 27
7.63034 5.61493 27
7.35637 6.15942 27
7.38609 5.76303 27
7.45161 5.10273 27
7.53392 5.43002 27
7.50035 5.84477 27
7.40989 5.61405 27
7.57806 5.87103 27
7.42084 5.50735 27
7.43301 5.6192 27
7.28055 5.92962 27
7.43444 5.7959 27
7.43028 5.80013 27
7.42866 5.85543 27
7.31899 5.58339 27
7.35902 5.74182 27
7.29796 5.55929 27
7.37037 5.47813 27
7.37911 5.45159 27
7.58812 5.29072 27
7.5342 5.0065 27
2.41453 5.02264 28
0.962988 4.76844 28
1.40917 5.10323 28
0.0895495 5.13958 28
2.06687 5.15083 28
1.48196 4.964 28
2.11461 5.03867 28
1.67708 4.97189 28
0.589718 5.23505 28
1.12183 5.04896 28
0.684447 5.06022 28
1.91268 5.0293 28
2.46419 5.21803 28
2.74849 5.05165 28
1.37587 5.16201 28
0.0237772 5.31104 28
1.29639 5.13351 28
1.08873 5.1066 28
-0.162235 5.08642 28
2.78442 5.22003 28
1.38068 5.21036 28
0.358659 5.30885 28
0.505778 5.12479 28
0.965924 4.96433 28
1.99124 5.17385 28
0.702767 5.29495 28
2.87673 4.8133 28
0.387186 5.20607 28
1.05815 5.02543 28
1.03199 4.80931 28
1.17769 5.15696 28
-0.341131 5.03189 28
1.39898 5.17668 28
3.7002 5.25417 28
1.93318 5.09213 28
-0.338089 5.11944 28
0.879985 5.16113 28
1.05959 5.26394 28
1.03557 5.09558 28
1.32711 5.06659 28
0.523795 5.07934 28
0.458842 5.2686 28
0.0897071 4.94716 28
2.3521 5.1975 28
3.27448 5.05344 28
0.584641 5.03567 28
2.1797 5.04112 28
1.59446 5.16621 28
1.96417 5.03291 28
1.46809 4.95051 28
1.78575 5.22072 28
2.00817 5.24106 28
0.298765 5.05577 28
2.21695 5.10154 28
-0.442444 4.88035 28
0.790096 4.91144 28
1.75868 5.0377 28
1.70989 5.239 28
2.42372 5.10811 28
2.31162 5.11691 28
0.552579 5.06486 28
-0.164546 5.11389 28
2.59595 5.17338 28
1.20782 5.34229 28
1.75193 5.06476 28
0.707875 4.90036 28
0.645621 4.90476 28
2.20998 4.97115 28
1.44727 5.12857 28
0.720125 5.06559 28
0.877051 5.33435 28
1.72406 5.18014 28
1.00153 5.15188 28
1.2141 5.09093 28
0.508035 5.02068 28
1.40349 5.33225 28
2.24067 5.15724 28
1.80993 5.00922 28
0.935295 4.98098 28
1.40169 5.29224 28
2.42832 5.04067 28
1.4816 5.08962 28
1.04301 5.27702 28
1.81207 5.15309 28
1.58975 4.97598 28
0.132076 5.09223 28
0.190333 -4.55318 29
-0.166053 -4.34619 29
-0.679154 -4.56418 29
0.427664 -5.17894 29
-0.466481 -4.46715 29
0.327169 -4.97598 29
0.27609 -4.51832 29
0.153976 -4.56376 29
-0.0279878 -4.44568 29
-0.590602 -4.73339 29
-1.41554 -3.79249 29
-0.442595 -3.94213 29
-0.779486 -4.62001 29
0.00981354 -4.65313 29
-0.406476 -3.9348 29
-0.772682 -4.31137 29
0.00889691 -4.62685 29
-1.06561 -4.4836 29
-1.03644 -4.37777 29
0.571761 -4.76126 29
-0.0893427 -5.01628 29
-0.415934 -4.4372 29
-0.497033 -4.52873 29
-0.342026 -4.50196 29
-0.324122 -4.19426 29
-1.36963 -3.61536 29
-0.322076 -5.15803 29
0.321099 -4.72394 29
0.111841 -4.70695 29
-0.0818034 -4.75333 29
-0.725735 -4.75611 29
-0.392006 -4.60121 29
-1.47377 -3.83777 29
-0.472862 -4.76125 29
-0.148579 -4.11478 29
-0.314249 -4.09534 29
-0.436278 -5.13728 29
-0.218689 -5.12299 29
-0.523456 -4.4835 29
-3.43502e-07 -4.92455 29
-0.455168 -4.44731 29
-0.276657 -4.30818 29
-0.843905 -3.97988 29
-0.39044 -4.1273 29
-0.851838 -4.13122 29
-0.0941053 -4.79513 29
-0.0762744 -4.41233 29
0.626813 -5.02241 29
-0.920272 -4.12888 29
-1.2547 -4.12417 29
0.220867 -3.87921 29
-0.474434 -4.86327 29
-0.810515 -3.94388 29
-1.38889 -4.5306 29
0.0626141 -4.76298 29
-0.517884 -4.43722 29
-0.643127 -4.16283 29
-1.30738 -4.10624 29
-0.435787 -4.89528 29
-0.111535 -4.71146 29
-0.958942 -4.74925 29
-0.944286 -4.0574 29
-7.5826 -9.94272 30
-6.73324 -9.70109 30
-7.37545 -7.84671 30
-7.52925 -9.60471 30
-7.12195 -9.59131 30
-7.3338 -8.93205 30
-7.53202 -10.2591 30
-7.07583 -9.05934 30
-7.0924 -10.1332 30
-7.18443 -10.0235 30
-7.58591 -9.25208 30
-7.68389 -8.50354 30
-7.5588 -8.57535 30
-7.01492 -9.92002 30
-7.28571 -9.10047 30
-6.90414 -10.3896 30
-7.05372 -8.85266 30
-7.5836 -9.44992 30
-7.33779 -8.93868 30
-6.8621 -9.15642 30
-6.8229 -9.37737 30
-7.44711 -9.99373 30
-7.01601 -11.3831 30
-6.77914 -8.5398 30
-7.09456 -8.95043 30
-7.41896 -10.0658 30
-6.89908 -9.75632 30
-7.22977 -9.29719 30
-7.07857 -10.415 30
-7.2391 -10.486 30
-7.41748 -8.76826 30
-7.53928 -8.77708 30
-7.06956 -8.17632 30
3.28951 2.53076 31
4.11222 3.12067 31
3.64421 3.11013 31
3.84989 3.03661 31
3.39758 2.72005 31
3.57908 2.80151 31
3.15748 2.21723 31
3.68053 3.004 31
3.514 2.54806 31
3.28552 2.32855 31
3.73764 3.01684 31
3.2554 2.81578 31
3.38873 2.86765 31
3.39428 2.59276 31
2.91041 2.13894 31
3.68253 2.9145 31
3.67486 2.73348 31
3.49076 2.39426 31
4.10866 3.20046 31
3.32721 2.68333 31
3.97405 3.28191 31
3.29796 2.55618 31
3.29916 2.52256 31
3.46327 2.51644 31
3.37671 2.69445 31
3.67617 2.75551 31
3.23225 2.64167 31
4.12006 3.18909 31
3.26272 2.27671 31
3.4145 2.49517 31
3.51201 2.68789 31
3.92569 3.11295 31
3.28123 2.52725 31
3.52807 2.80574 31
3.12517 2.28025 31
3.6945 3.12749 31
3.92515 2.92519 31
3.37416 2.82852 31
3.12821 2.21139 31
3.50546 2.65647 31
2.88628 1.91834 31
3.15791 2.41902 31
3.33651 2.74106 31
3.63068 3.00025 31
2.91064 2.00904 31
3.5537 3.03927 31
2.95345 2.17459 31
2.94241 1.9261 31
3.07348 2.36566 31
3.69992 2.74373 31
3.81861 3.08427 31
3.49826 2.51731 31
3.35769 2.5933 31
3.22057 1.99117 31
3.15528 2.27806 31
2.96104 2.01859 31
3.07129 2.36862 31
3.67267 2.90367 31
3.3302 2.55587 31
3.31926 2.54362 31
3.87137 2.8932 31
3.16271 2.31152 31
3.47612 2.44262 31
3.19754 2.16812 31
3.61052 2.76346 31
3.12285 2.32048 31
3.27456 2.27278 31
3.21873 2.94552 31
3.85367 2.636 31
3.09365 2.56939 31
3.12489 2.23986 31
3.63955 2.80867 31
3.37742 2.59782 31
3.4096 2.72231 31
3.86223 3.0797 31
3.26009 2.45641 31
3.44668 2.68027 31
2.9913 2.11722 31
3.68731 3.07588 31
3.50123 2.42134 31
3.52191 2.67689 31
4.02306 3.25838 31
4.00392 3.21465 31
3.51089 2.932 31
3.65318 2.8858 31
3.3384 2.15823 31
3.72999 2.91714 31
3.56546 2.42856 31
3.14658 2.5042 31
3.45326 2.5997 31
3.33486 2.20551 31
3.5544 2.60372 31
2.95833 2.18136 31
3.70132 2.87317 31
3.23558 2.56818 31
3.04403 2.13291 31
-8.89639 4.94775 32
-9.17661 5.30454 32
-8.88187 4.70095 32
-9.53808 5.28404 32
-8.95202 4.58811 32
-8.81572 5.3238 32
-9.53425 5.27619 32
-9.6475 6.05784 32
-10.2077 6.18883 32
-9.37431 5.2586 32
-9.05 4.91204 32
-9.21698 5.56595 32
-9.53821 5.18455 32
-9.33017 5.96353 32
-9.65991 5.3477 32
-8.99307 4.61063 32
-1.98172 0.540196 33
-1.02039 -0.183483 33
-1.95168 0.0212346 33
-1.46383 0.15251 33
-2.00346 0.26678 33
-1.07535 -0.0490237 33
-1.45473 0.311418 33
-2.19069 0.589399 33
-1.77849 0.135076 33
-1.94761 0.322754 33
-1.76302 0.0953575 33
-1.91974 0.314575 33
-1.82819 0.234284 33
-1.80724 0.414642 33
-1.87384 -0.0180672 33
-2.05261 0.41815 33
-1.84054 0.0579794 33
-1.26681 -0.143253 33
-1.89917 0.0192461 33
-1.31674 0.253766 33
-1.58911 0.473634 33
-1.29802 -0.0201487 33
-1.25381 -0.0624346 33
-1.35455 0.0723179 33
-2.12316 0.747362 33
-1.33475 0.258135 33
-1.71604 0.326608 33
-1.10229 -0.193891 33
-1.7638 0.431136 33
-1.67014 0.0876439 33
-1.49996 -0.0102032 33
-2.28692 0.495239 33
-1.79996 -0.0627326 33
-1.54693 0.380685 33
-1.46164 -0.153664 33
-2.19497 0.634376 33
-1.08874 -0.179523 33
-2.06113 0.636253 33
-1.50794 -0.168528 33
-1.67541 0.381084 33
-2.04993 0.369191 33
-1.44484 -0.00433682 33
-1.19562 -0.0362587 33
-2.02136 0.660652 33
-1.41555 0.0636559 33
4.73836 1.5643 34
5.27694 1.52563 34
4.38282 1.40715 34
5.1714 1.33088 34
5.53739 1.33679 34
5.95491 1.55003 34
5.19543 1.45169 34
5.66873 1.63138 34
4.96752 1.34572 34
4.98095 1.37391 34
5.07723 1.20144 34
4.241 1.34066 34
5.09282 1.39032 34
5.55252 1.52214 34
4.98459 1.48006 34
4.8317 1.08775 34
4.98727 1.55773 34
5.36674 1.52046 34
5.39589 1.75672 34
5.24737 1.42492 34
5.07488 1.75313 34
7.60945 9.44173 35
7.29386 9.07009 35
7.66794 9.79064 35
7.07094 10.0516 35
6.96659 10.4243 35
6.60907 9.56153 35
8.38095 10.5133 35
7.34346 9.05144 35
6.81046 9.4084 35
7.16219 8.45989 35
8.14873 10.2073 35
6.59725 8.72208 35
6.58452 10.0053 35
6.70447 9.36641 35
7.31967 9.54261 35
6.62405 8.95137 35
7.5958 9.9397 35
6.39916 8.06189 35
7.19376 9.50079 35
7.43852 9.67983 35
7.30015 10.5214 35
7.5566 10.398 35
7.69646 10.1624 35
7.00653 10.4762 35
6.88036 9.21481 35
7.39559 8.15422 35
7.56301 10.6484 35
7.21536 9.89019 35
7.4194 9.49794 35
7.1186 9.55415 35
7.41792 9.40705 35
7.10938 8.55594 35
7.45701 9.28093 35
7.32582 8.8347 35
7.38146 10.243 35
6.80132 9.04626 35
7.84248 11.4561 35
6.95279 9.40858 35
7.72296 8.7267 35
7.10383 9.16195 35
7.38546 10.7078 35
7.07215 8.45685 35
7.69519 11.1168 35
7.51772 9.26311 35
7.35103 9.05087 35
7.69944 9.67415 35
7.85641 10.5846 35
7.65067 10.3482 35
7.10941 9.03653 35
6.85603 8.95215 35
7.40913 8.91967 35
6.96166 8.2484 35
7.0422 8.07191 35
7.6491 8.58165 35
7.08311 9.45501 35
6.67205 8.11051 35
7.46794 10.6907 35
7.12153 9.90861 35
7.25486 9.00147 35
7.80003 10.473 35
6.45831 8.82925 35
7.502 10.2573 35
7.4838 9.41924 35
6.52211 8.35982 35
6.43091 8.15204 35
7.06208 8.65697 35
7.57366 9.5253 35
7.30796 9.57474 35
7.52952 8.6526 35
7.57557 9.6695 35
6.51836 9.00722 35
7.4062 9.15039 35
7.72659 11.1014 35
7.48856 8.91651 35
7.50329 9.14198 35
7.74318 9.25465 35
7.55897 9.78957 35
7.03963 8.73526 35
6.93931 8.38729 35
6.90286 9.11611 35
7.58567 10.2946 35
6.99692 8.21086 35
7.84788 10.1818 35
8.11561 10.7128 35
7.63984 8.87853 35
7.06365 9.66273 35
7.32159 9.52704 35
7.39332 10.0173 35
6.73762 8.4796 35
7.42593 9.57247 35
7.24141 9.20715 35
7.52494 9.60979 35
6.82553 8.34262 35
6.95617 8.95404 35
7.27397 8.04408 35
7.06558 8.73017 35
7.1015 9.102 35
7.22426 8.62803 35
7.01722 9.12166 35
7.53482 9.8501 35
7.61749 10.0958 35
8.23338 9.9167 35
6.65626 8.32276 35
-0.500538 1.50998 36
1.08075 -0.0527985 36
0.290075 0.0409237 36
-0.239038 0.84736 36
-0.206771 0.579861 36
0.291629 0.612982 36
1.01039 0.773099 36
-0.658827 0.436408 36
0.431786 1.16475 36
-0.115252 0.377757 36
0.933158 0.100718 36
0.550156 0.0123968 36
0.456282 0.633197 36
-0.0195841 0.734638 36
0.571754 -0.219133 36
-0.25276 1.51201 36
1.27246 0.583687 36
0.825609 0.18373 36
0.533456 0.606383 36
0.367811 1.49217 36
0.580955 1.02159 36
-0.0887981 0.25071 36
0.814178 0.595293 36
1.41027 -0.241474 36
0.457796 0.510732 36
0.722928 1.29976 36
0.752381 0.319636 36
0.787858 0.229069 36
-0.362783 0.675427 36
0.572283 1.26902 36
0.0268125 1.88009 36
-0.252126 0.606339 36
1.1392 0.201428 36
0.48366 0.492571 36
-0.89819 3.10288 36
-0.00167469 0.985488 36
1.41281 0.857998 36
-0.375233 1.58115 36
-0.413058 1.3725 36
-0.0421251 0.0672251 36
-0.507161 1.87759 36
-1.03905 2.06161 36
0.462913 1.07898 36
0.0493402 0.134041 36
-0.644648 1.42493 36
1.36409 -0.534986 36
-0.514316 1.26914 36
0.498995 -0.22445 36
0.451049 0.538548 36
1.27796 0.642064 36
-0.381237 1.11398 36
0.320372 0.508841 36
-0.703604 1.98347 36
0.788975 0.154194 36
-9.68509 -1.86767 37
-9.74377 -1.82833 37
-9.63107 -1.91015 37
-9.73404 -1.95317 37
-9.7461 -1.9016 37
-9.81393 -2.00076 37
-9.71536 -1.85672 37
-9.68379 -1.97563 37
-9.7673 -1.88061 37
-9.70702 -1.91119 37
-9.71763 -1.82243 37
-9.38301 -2.85629 38
-9.45258 -2.909 38
-9.43024 -2.29016 38
-9.3872 -2.40466 38
-9.36746 -2.56014 38
-9.39532 -1.87973 38
-9.41053 -2.98025 38
-9.42935 -2.4434 38
-9.29515 -2.24551 38
-9.44423 -1.65255 38
-9.48897 -2.5445 38
-9.41588 -1.80587 38
-9.52732 -2.51359 38
-9.4221 -2.22813 38
-9.37293 -2.42419 38
-9.4849 -1.86486 38
-9.45429 -1.98336 38
-9.37184 -2.51499 38
-9.48595 -1.82547 38
-9.31718 -1.94041 38
-9.36867 -3.08277 38
-9.49094 -3.41854 38
-9.40628 -2.63132 38
-9.27711 -1.71765 38
-9.33849 -1.94803 38
-9.41893 -2.29793 38
-9.37543 -1.66671 38
-9.48897 -2.12205 38
-9.33658 -2.22057 38
-9.48644 -3.21507 38
-9.39763 -1.91564 38
-9.43715 -1.7131 38
-9.40273 -1.81456 38
-9.45921 -2.41226 38
-9.44081 -3.03601 38
-9.51377 -2.2732 38
-9.41836 -1.81136 38
-9.58321 -2.3347 38
-9.36162 -2.54905 38
-9.47779 -1.59438 38
-9.39553 -3.0117 38
-9.42318 -1.54697 38
-9.32048 -2.24127 38
-9.53613 -1.58636 38
-9.43709 -1.9846 38
-9.36823 -3.02056 38
6.32066 0.797607 39
6.33344 -1.99809 39
6.43147 -1.13792 39
5.69765 -1.56643 39
6.17996 -0.891293 39
6.23407 1.84214 39
6.4881 1.11566 39
5.96562 -0.814055 39
6.15983 -2.1685 39
6.32043 -1.4923 39
6.31734 0.23931 39
6.6723 -0.314065 39
6.13692 1.46547 39
6.27995 -1.17951 39
5.99435 -1.99649 39
6.30903 0.598347 39
6.0576 -0.673104 39
6.21963 -1.59723 39
5.88552 -1.29285 39
5.88592 -0.99441 39
6.33767 -0.26663 39
6.42945 -1.37183 39
6.24037 -0.971709 39
6.19424 0.200696 39
6.21084 0.539571 39
6.03705 -1.52499 39
6.22934 0.633901 39
6.11534 -1.56762 39
6.3057 -0.0360318 39
6.4374 -0.144794 39
6.1199 -0.0363478 39
6.51372 0.0477893 39
6.19508 -0.0577526 39
6.35539 -2.43628 39
6.11107 -2.03551 39
6.31924 0.0942528 39
6.62152 -0.0220763 39
6.34563 -0.205044 39
6.46847 -0.271903 39
6.41005 1.97855 39
6.54527 0.253457 39
6.23823 -1.73763 39
6.24528 -1.74419 39
6.42654 -0.635317 39
6.02771 -0.370692 39
6.49526 -1.99739 39
6.09814 0.00796606 39
6.15594 -1.16525 39
6.35887 -0.831971 39
6.4144 -0.455162 39
6.11557 0.785814 39
5.96897 -0.516234 39
6.20456 -0.503991 39
6.32992 0.189494 39
6.22598 0.452152 39
6.17233 -1.80532 39
6.35424 -0.343656 39
6.294 -2.66027 39
6.51067 -0.763462 39
6.2016 1.52733 39
6.13209 0.205625 39
6.52791 -1.16866 39
5.92246 -0.928202 39
6.49041 -0.395228 39
6.59901 0.78678 39
6.59739 0.314255 39
6.27209 1.12441 39
6.29844 0.0991322 39
6.00891 0.915491 39
6.31969 -0.38043 39
5.98003 -0.332976 39
6.45766 -1.50642 39
5.91708 -0.729636 39
6.16616 -0.489003 39
6.30793 0.0841622 39
6.28243 -2.00553 39
6.17934 -0.158878 39
6.35319 -2.5553 39
6.27804 0.504596 39
6.24403 0.641093 39
6.12729 -1.92127 39
6.51892 -0.809223 39
6.02357 -0.348473 39
6.26005 -0.0870397 39
6.22475 -0.0296787 39
6.29594 -0.639698 39
5.96408 -0.47609 39
6.00226 -0.709128 39
6.34942 0.0636764 39
6.69573 1.55442 39
5.91759 -0.600345 39
5.94942 -2.10489 39
5.9799 0.739286 39
6.45824 0.228063 39
6.22257 0.631694 39
6.40597 0.675697 39
5.81667 -2.72948 39
6.25 1.50505 39
6.20196 0.141061 39
6.22812 -1.01174 39
6.05995 0.203255 39
6.47665 0.638485 39
6.37271 -0.496224 39
6.48141 -1.33031 39
6.37128 -0.646452 39
6.32916 -1.74776 39
6.08726 0.989406 39
6.09539 -2.44677 39
5.91477 -1.34755 39
6.05131 -1.98312 39
