4.42374 1.0275 0
4.85918 -0.435236 0
5.2758 2.54032 0
5.083 1.31734 0
3.31659 2.08225 0
4.59723 2.66894 0
4.43451 2.89521 0
4.50665 1.86127 0
4.50378 2.96436 0
2.93095 0.545285 0
2.86142 5.69925 0
3.75871 0.664773 0
4.04059 2.25012 0
4.40774 1.31711 0
5.11609 2.03185 0
5.29147 2.45339 0
4.40994 1.60624 0
3.18491 1.09138 0
5.90959 0.811449 0
4.30432 4.16281 0
3.93662 2.16892 0
4.06822 2.79353 0
4.97745 4.3282 0
4.06827 1.77351 0
3.84657 1.86554 0
3.4389 3.00637 0
5.9846 1.17522 0
5.02623 -0.190581 0
3.62161 2.17106 0
2.99217 1.19154 0
4.64668 2.37847 0
4.64624 2.76292 0
4.49059 1.77574 0
1.06601 3.61624 0
5.1216 0.205169 0
3.98679 2.13566 0
3.92347 1.23076 0
3.6494 2.06216 0
3.36827 0.099985 0
4.13178 2.14491 0
2.64836 3.858 0
3.36899 3.48183 0
3.66091 1.01311 0
3.43129 2.61954 0
6.64923 0.650131 0
4.77463 0.91374 0
5.05275 1.7926 0
5.27818 0.970194 0
3.43488 3.09906 0
3.85404 2.49712 0
4.83903 1.62039 0
4.42917 1.68681 0
4.02116 1.77257 0
3.31499 2.46164 0
4.65049 3.9114 0
3.14498 2.04888 0
3.76327 1.28685 0
3.2903 2.47003 0
5.52417 -1.15226 0
3.32602 3.35738 0
4.78008 4.21293 0
4.32042 -0.897109 0
3.24992 4.12955 0
4.28584 1.76638 0
4.2529 -0.444528 0
4.43698 2.7351 0
6.20539 1.29565 0
4.34019 2.08496 0
5.45475 -0.54341 0
3.80852 1.8556 0
2.67759 3.669 0
4.8793 2.02301 0
6.44851 0.617015 0
6.18817 0.413721 0
4.54165 1.47395 0
4.26908 -0.282937 0
5.38017 0.599053 0
5.35376 1.15775 0
4.20451 1.88051 0
4.65626 0.560377 0
6.56139 0.237639 0
5.24717 0.835622 0
3.24775 2.45279 0
2.05209 3.90512 0
4.29573 0.896003 0
-3.1805 8.95513 1
-3.52334 10.6487 1
-6.57043 8.48097 1
-6.6702 8.32901 1
-4.84759 9.55266 1
-4.32665 10.0116 1
-4.45052 10.6823 1
-6.7398 8.97431 1
-3.16921 9.81381 1
-2.81036 10.8188 1
-4.91742 8.89911 1
-1.87551 10.8744 1
-5.36227 9.17571 1
-4.09294 9.173 1
-3.89395 9.84373 1
-4.941 8.62588 1
-3.77861 10.5169 1
-4.42943 10.0742 1
-3.81052 9.67917 1
-3.58386 9.98713 1
-4.71579 9.06338 1
-3.29939 10.5621 1
-3.26188 9.62868 1
-4.43011 9.66811 1
1.65861 -3.9786 2
1.2986 -2.98484 2
2.01308 -3.26809 2
0.824767 -4.06695 2
0.563265 -3.45279 2
2.43091 -2.24165 2
1.86374 -3.09421 2
-0.0241106 -3.36532 2
1.39336 -2.35769 2
0.793745 -4.06266 2
-0.799328 -4.28717 2
1.1223 -3.0513 2
0.294989 -4.50114 2
0.978975 -2.54756 2
0.291345 -3.65981 2
0.953562 -3.08926 2
2.14095 -2.80914 2
1.05324 -2.08905 2
1.17492 -2.91762 2
0.346794 -4.28607 2
1.49864 -2.46646 2
-2.01186 -6.77116 3
-2.59565 -6.83895 3
-3.08201 -7.35929 3
-2.92037 -7.43896 3
-2.26297 -7.7494 3
-3.00497 -8.07209 3
-1.79973 -7.41591 3
-3.87491 -7.56523 3
-2.30471 -6.73202 3
-3.0154 -6.60715 3
-2.8737 -6.71449 3
-2.88241 -5.89125 3
-2.30102 -6.9076 3
-2.18979 -6.1907 3
-2.67216 -6.4042 3
-2.66386 -6.76011 3
-2.86956 -6.98805 3
-2.01716 -8.59447 3
-2.32506 -8.6515 3
-2.38311 -7.46652 3
-2.84924 -8.00133 3
-3.16173 -7.22512 3
-3.56352 -6.26802 3
-2.42605 -8.6709 3
-2.38156 -8.25577 3
-2.2231 -7.80603 3
-2.9016 -8.16589 3
-2.47571 -5.39094 3
-3.09345 -7.88347 3
-2.71423 -6.73475 3
-1.74909 -8.01548 3
-2.8632 -7.68562 3
-2.04471 -7.13608 3
-4.027 -6.42599 3
-3.0617 -7.4402 3
-2.47353 -7.762 3
-2.80812 -7.23897 3
-2.71935 -5.6857 3
-3.29684 -7.53984 3
-2.93316 -7.15183 3
-2.31404 -6.78308 3
-2.2973 -6.92604 3
-2.93441 -6.67253 3
-2.33644 -7.16528 3
-2.88178 -6.2507 3
-2.16199 -5.98814 3
-2.82689 -6.49784 3
-1.35636 -7.49738 3
-2.27189 -6.24559 3
-3.22094 -7.01668 3
-2.12655 -8.59456 3
-2.00069 -6.72913 3
-1.67075 -5.9343 3
-1.28266 -8.23986 3
-2.87974 -6.02782 3
-2.71961 -5.65634 3
-2.91088 -8.1095 3
-3.3039 -6.29209 3
-3.35996 -5.68908 3
-2.18675 -7.42607 3
-3.08437 -6.17865 3
-2.43511 -6.87866 3
-3.33702 -6.14381 3
-1.75692 -6.75721 3
-2.50367 -6.7738 3
-2.50987 -7.38269 3
-2.47201 -6.85853 3
-3.22947 -7.10488 3
-2.05992 -5.91626 3
-2.311 -9.71585 3
-2.54351 -8.02441 3
-1.91651 -6.50026 3
-3.01649 -7.59009 3
-2.8401 -7.5639 3
-2.86364 -7.3594 3
-2.2264 -6.76744 3
-1.77039 -7.56166 3
-3.61362 -5.78028 3
-3.466 -7.31496 3
-2.73863 -7.77121 3
-1.51281 -7.93666 3
-1.8952 -7.30979 3
-1.48858 -7.16414 3
-3.59353 -5.94585 3
-2.75734 -7.02348 3
-4.08697 -5.95619 3
-1.86009 -7.60974 3
-2.15608 -7.53839 3
-2.6831 -6.45956 3
-1.84855 -6.53921 3
-3.11113 -7.51455 3
-1.91296 -7.69215 3
9.25602 -9.48179 4
8.14901 -8.82065 4
8.77272 -8.96009 4
7.97472 -8.822 4
7.96389 -9.08489 4
7.61753 -8.11921 4
8.28516 -9.0354 4
6.72483 -8.45965 4
7.64333 -9.09025 4
9.01487 -9.14783 4
7.61239 -8.78456 4
7.32898 -8.30647 4
7.8151 -9.22191 4
7.16425 -9.28807 4
7.33068 -9.06231 4
8.02962 -9.1139 4
7.03837 -8.39728 4
7.4037 -8.35747 4
7.41851 -8.84576 4
7.38388 -8.81254 4
7.61172 -9.17077 4
8.12208 -8.67489 4
7.29007 -9.11454 4
7.53767 -8.92365 4
6.99339 -8.45922 4
7.33145 -8.56407 4
7.94343 -9.06948 4
8.57606 -8.9842 4
6.6466 -8.75917 4
6.99944 -8.77968 4
7.8403 -8.62733 4
7.8675 -8.80317 4
7.46746 -8.86344 4
8.1445 -8.97761 4
7.88157 -8.9546 4
7.56891 -9.27127 4
8.01645 -8.98412 4
8.31205 -8.84455 4
6.31876 -7.90292 4
7.81743 -8.83684 4
8.30116 -9.06311 4
7.88035 -9.37088 4
8.82028 -9.02125 4
7.50826 -8.60424 4
7.48925 -9.12431 4
7.12689 -8.77572 4
6.91578 -8.91137 4
8.68656 -9.27624 4
7.24117 -8.48344 4
7.95323 -8.97948 4
7.6129 -9.04836 4
7.22327 -8.57184 4
7.4451 -8.74719 4
6.95278 -9.12414 4
7.91096 -8.81806 4
7.39393 -8.66282 4
8.22584 -8.82777 4
7.35232 -8.30044 4
7.48817 -9.02535 4
7.56542 -8.57277 4
7.5509 -9.24248 4
8.42785 -9.2589 4
8.09088 -8.85905 4
6.99866 -8.7956 4
8.91473 -9.30208 4
8.64581 -8.94065 4
6.99351 -8.23901 4
6.89936 -8.90959 4
7.3825 -8.32674 4
7.09059 -8.6358 4
-3.40586 -0.692855 5
-1.47359 0.813169 5
-0.522097 0.753364 5
-2.62594 -0.0524993 5
-3.51867 -0.449295 5
-3.4562 -0.131002 5
-3.80843 -1.37823 5
-3.19083 0.071528 5
-0.441244 0.284137 5
-1.47217 0.182035 5
-0.567459 -0.209266 5
-3.66186 -0.743425 5
-5.91685 -1.45324 5
0.9213 1.08948 5
-2.73116 0.10997 5
-2.05921 -0.240867 5
-1.02993 -0.247711 5
-2.3687 0.122991 5
-3.2908 0.574913 5
-2.49214 0.644211 5
-1.7811 0.457027 5
-1.17954 0.604641 5
-1.77006 0.187983 5
-2.22767 0.568033 5
-2.02672 -0.82853 5
-1.41925 1.9041 5
-3.40605 0.0745778 5
-1.9934 0.136563 5
-3.71077 0.045664 5
-2.23297 0.284632 5
-2.05779 0.2437 5
-0.779389 1.48836 5
-1.45005 -0.340848 5
-1.69391 -0.0861288 5
-0.465953 1.92522 5
-3.55531 0.638039 5
-1.33472 1.12702 5
-1.64914 1.03117 5
-4.14366 0.435681 5
-1.27133 -0.628151 5
-2.84261 0.191711 5
-1.22373 1.36042 5
-1.30819 1.75491 5
-1.2112 -0.232726 5
-3.20022 0.394477 5
-2.82439 0.691883 5
-2.66342 0.873846 5
-1.82555 1.04015 5
-2.43656 1.01438 5
-3.10679 0.614073 5
-4.02613 -0.566931 5
-2.85523 -0.157312 5
-1.98738 1.65272 5
-1.74367 1.01329 5
-1.5709 0.654657 5
-2.44344 0.356328 5
-1.28463 1.4654 5
-3.25109 0.460249 5
-2.24387 0.277374 5
-1.88148 1.2 5
-0.150038 1.45184 5
-4.38892 0.142563 5
-2.135 1.74844 5
-0.819523 1.05745 5
-3.52122 0.256422 5
-3.00052 0.224862 5
-4.35731 -0.0548753 5
0.219866 0.81179 5
-2.98231 0.36849 5
-1.81811 0.518946 5
-2.95913 -0.317127 5
-2.63837 0.409331 5
-1.94876 -0.20913 5
-0.96082 0.576952 5
-2.62471 0.532503 5
-1.51326 0.280775 5
9.34308 8.38978 6
7.27253 8.87344 6
9.47276 7.73974 6
9.01661 6.32059 6
8.32501 5.45604 6
8.54291 8.68757 6
9.75551 7.35182 6
9.16817 8.01136 6
9.28424 8.13225 6
9.7554 6.96741 6
10.0098 7.43783 6
8.47071 9.73 6
9.48353 5.79495 6
9.49683 7.39228 6
8.91499 8.09773 6
9.85722 7.18192 6
8.7536 7.65046 6
10.5567 6.02409 6
9.06301 5.2904 6
8.02182 8.03005 6
10.6045 5.97957 6
9.35673 6.96878 6
9.65184 7.97999 6
9.82846 9.51948 6
9.2856 7.52941 6
8.72495 8.45373 6
9.4569 5.18225 6
9.60269 5.39562 6
8.39352 8.96661 6
8.0316 6.5454 6
9.96856 6.82063 6
9.10565 6.52695 6
10.1417 6.19371 6
9.81915 5.94448 6
9.78115 5.12402 6
9.36072 6.86335 6
9.56458 8.9914 6
8.75691 7.57308 6
9.66792 7.90169 6
8.76033 7.10753 6
7.44073 8.44544 6
9.16038 8.31079 6
9.16514 7.3286 6
9.51886 6.73193 6
8.4019 7.87866 6
9.8149 7.06409 6
9.76925 6.83348 6
9.7149 8.12618 6
9.03374 6.93119 6
10.2042 6.44417 6
8.45575 4.9945 6
9.37317 7.31988 6
7.53815 7.3297 6
9.5292 8.50121 6
8.05203 9.3862 6
9.61344 6.43755 6
7.95052 7.20811 6
8.3358 7.09947 6
8.63568 8.75679 6
8.50861 7.41259 6
9.11763 8.35817 6
8.68054 8.94968 6
8.17133 8.30245 6
9.07738 5.22349 6
8.34231 7.07273 6
7.33952 9.46441 6
9.73671 7.94917 6
9.23428 8.59687 6
9.80058 7.38548 6
8.89977 6.59264 6
10.2524 7.16804 6
8.9386 6.9506 6
9.5511 8.27213 6
8.33683 6.67357 6
9.27281 8.05148 6
8.99921 7.44305 6
8.90321 6.58044 6
9.72306 4.26851 6
8.96949 7.58448 6
-0.144975 -9.33633 7
0.130977 -11.0404 7
-0.340105 -11.03 7
-0.324365 -8.84157 7
-0.622576 -9.86509 7
-1.03002 -8.47325 7
-0.107987 -11.281 7
-0.708706 -8.47909 7
-0.511074 -9.25901 7
-1.01678 -9.70102 7
-0.311865 -9.92903 7
-0.237269 -10.1209 7
-0.297054 -8.85559 7
-0.181775 -10.0484 7
-0.578452 -9.30555 7
-0.314107 -10.3942 7
-0.230053 -10.0938 7
-0.429441 -9.28922 7
-0.744352 -11.3282 7
-1.13072 -8.50889 7
-0.0458034 -10.1604 7
-0.164954 -10.897 7
-0.25325 -9.01187 7
-0.391475 -8.26565 7
-0.54163 -9.8823 7
-0.396555 -9.65602 7
-0.443261 -8.88558 7
-0.0870073 -12.6771 7
-7.6474 6.36934 8
-7.9639 6.05176 8
-8.01429 7.2813 8
-7.57301 7.12176 8
-7.58207 6.56338 8
-7.84158 7.20139 8
-7.70041 6.86153 8
-7.69616 5.46072 8
-7.81241 7.12573 8
-7.72735 6.75142 8
-7.80337 6.29112 8
-7.63502 5.92267 8
-7.83944 5.88705 8
-7.78413 6.33334 8
-7.65791 5.74254 8
-7.86007 7.49039 8
-7.487 6.76248 8
-7.81113 7.04259 8
-7.88474 5.72228 8
-7.64919 6.75868 8
-7.5076 6.96854 8
-7.70921 7.14005 8
-7.5532 5.81939 8
-7.68536 6.45512 8
-8.81775 -0.233553 9
-9.05252 -0.641968 9
-8.79535 -0.475845 9
-9.41465 -0.33197 9
-9.69983 -0.484429 9
-10.3521 0.698231 9
-9.08159 -0.0125854 9
-8.74252 -0.841563 9
-9.89893 0.221022 9
-9.92174 0.0669525 9
-8.92609 -0.202863 9
-9.83791 0.368015 9
-9.05319 -0.478639 9
-8.94003 -0.261075 9
-9.60639 -0.472259 9
-8.73783 -0.681743 9
-10.7041 0.898237 9
-8.61547 -0.643717 9
-10.174 0.601698 9
-9.36022 -0.0947969 9
-9.82874 0.101341 9
-9.11661 -0.270196 9
-9.24921 0.0141731 9
-9.98622 0.480198 9
-8.44312 -1.11631 9
-9.29687 -0.428783 9
-9.2711 -0.329212 9
-9.64456 -0.24218 9
-9.71958 0.367929 9
-9.33803 -8.09465 10
-9.15634 -6.79065 10
-8.97067 -10.4182 10
-9.00972 -7.88084 10
-9.29607 -6.14351 10
-9.04089 -7.4452 10
-8.9762 -8.62837 10
-8.79092 -8.71959 10
-8.79692 -8.81036 10
-9.23004 -7.75121 10
-9.51687 -8.53339 10
-9.55428 -9.54773 10
-8.99587 -7.88685 10
-9.03599 -7.90673 10
-9.40273 -6.56679 10
-9.14774 -7.61975 10
-9.31396 -8.29637 10
-9.06029 -9.47963 10
-8.96131 -8.9773 10
-9.24266 -8.36037 10
-8.98755 -9.21159 10
-9.30728 -9.21719 10
-9.37822 -8.2579 10
-8.76051 -7.49799 10
-9.33778 -8.9472 10
-9.05686 -9.64362 10
-8.84433 -6.43774 10
-9.09899 -7.91424 10
-8.83296 -7.25135 10
-9.42223 -8.32524 10
-8.78129 -7.78009 10
-8.80343 -7.37981 10
-9.21036 -8.65428 10
-9.12889 -7.66304 10
-9.33431 -8.85459 10
-8.78102 -8.75895 10
-8.76742 -8.42043 10
-9.39659 -7.88911 10
-8.99423 -8.34981 10
-9.48235 4.8792 11
-11.1115 3.72967 11
-7.17048 2.35195 11
-8.28826 1.16894 11
-10.4306 3.45735 11
-7.95897 1.74966 11
-7.36085 2.76627 11
-9.02099 4.70951 11
-8.90224 3.62256 11
-8.90062 2.58019 11
-7.98355 2.77698 11
-8.42459 2.64485 11
-7.35767 2.94364 11
-8.453 4.0891 11
-2.3708 8.97113 12
-2.81441 8.55608 12
-1.28144 9.90726 12
-1.13421 10.2398 12
-2.58768 8.75321 12
-1.67239 9.16705 12
-1.41948 9.94297 12
-1.26678 9.9681 12
-2.58179 7.94467 12
-3.20126 7.52777 12
-0.379416 10.8532 12
-2.49988 9.51062 12
-1.96578 9.12777 12
-1.5515 8.64789 12
-2.18752 9.62366 12
-1.95854 8.8898 12
-1.6321 8.80472 12
0.711506 11.3729 12
-1.4352 9.57562 12
-1.78193 9.71856 12
-1.77831 9.05444 12
-0.10016 11.694 12
-1.2194 10.0512 12
-3.6932 7.82615 12
-3.38423 7.86596 12
-3.25571 8.53198 12
-2.63552 8.01023 12
-0.841515 9.81626 12
-2.18398 9.60201 12
-2.73132 8.90471 12
-0.342132 10.7038 12
-0.624923 10.8001 12
-1.7936 9.77769 12
-1.95135 9.03398 12
-3.35904 8.30241 12
-1.09682 9.65491 12
-1.65329 10.0332 12
-1.61413 10.2984 12
0.759301 11.6115 12
0.801781 11.8459 12
-3.11812 8.17127 12
0.289122 11.842 12
-1.06443 9.88581 12
-0.200969 10.9597 12
-0.842554 10.1183 12
-2.23361 -4.32236 13
-2.30184 -4.48545 13
-3.65282 -5.51786 13
-3.44651 -5.49498 13
-2.55147 -4.43868 13
-2.05056 -3.88375 13
-2.14936 -4.06928 13
-1.91201 -3.86642 13
-2.97279 -4.90312 13
-3.00625 -5.11469 13
-2.26984 -4.29485 13
-2.23307 -3.97243 13
9.09408 -7.44087 14
8.69025 -7.48763 14
10.3642 -7.51355 14
8.51722 -7.35793 14
10.3336 -8.25807 14
9.99638 -7.40552 14
9.97901 -7.5719 14
9.45175 -7.85624 14
10.0452 -7.03944 14
10.0165 -8.13377 14
9.93846 -7.8516 14
9.63264 -7.22247 14
9.71111 -8.01891 14
10.4566 -8.04078 14
9.77999 -8.04051 14
7.74218 -8.30718 14
9.02583 -7.56449 14
9.28361 -7.90092 14
8.09879 -8.3367 14
9.60701 -7.81791 14
10.6041 -7.89299 14
9.34676 -7.54766 14
7.89167 -8.19288 14
10.1169 -7.37536 14
8.68045 -7.31598 14
8.62654 -7.01216 14
10.341 -7.97188 14
9.04904 -7.24594 14
8.85438 -8.12029 14
8.76195 -7.39633 14
8.03975 -7.25525 14
9.5603 -7.69715 14
9.93406 -7.8352 14
9.23388 -6.99077 14
10.2156 -7.91317 14
8.73303 -7.40496 14
7.92738 -7.61975 14
9.77871 -7.32432 14
10.177 -6.99821 14
8.65787 -7.42731 14
9.19001 -7.90156 14
10.5805 -8.07729 14
8.14048 -7.1512 14
10.0022 -7.97226 14
9.80769 -7.86415 14
9.45177 -7.33185 14
9.30257 -7.70983 14
9.56278 -7.3327 14
9.49231 -7.30782 14
9.89754 -7.42391 14
8.23077 -7.49098 14
9.02111 -7.8149 14
10.0443 -8.3761 14
8.10138 -7.32345 14
10.2705 -7.21891 14
8.06116 -7.20797 14
8.85653 -7.64678 14
9.58205 -8.0867 14
10.0949 -7.60175 14
9.54771 -7.66471 14
10.0318 -7.697 14
10.1035 -7.2588 14
9.79841 -7.41797 14
9.05116 -7.6665 14
9.38523 -7.4123 14
10.5132 -7.30796 14
9.13743 -7.58514 14
9.41377 -7.82583 14
8.61371 -7.54846 14
9.66031 -7.67003 14
10.6966 -7.33542 14
10.1247 -7.56619 14
8.79697 -7.41267 14
8.4475 -7.71181 14
7.91146 -7.74984 14
9.12526 -7.74665 14
8.7699 -7.77857 14
10.1056 -8.19777 14
8.72707 -7.08954 14
7.68887 -7.71011 14
1.71041 -6.2638 15
2.11976 -7.39562 15
3.54568 -6.73316 15
1.02163 -6.33785 15
3.77809 -5.17609 15
4.81927 -6.97035 15
1.17753 -6.64669 15
5.34022 -6.42712 15
2.77873 -7.04826 15
2.6915 -6.88992 15
1.81194 -5.44788 15
3.84336 -6.12992 15
2.21491 -5.90831 15
2.90056 -6.66194 15
2.27227 -6.72032 15
4.77382 -7.69408 15
4.12749 -6.0005 15
4.60455 -6.90526 15
2.9148 -5.96821 15
2.83584 -7.04283 15
5.62798 -6.02536 15
2.22515 -7.32729 15
4.79468 -6.64433 15
3.60363 -7.00486 15
1.92293 -5.85121 15
5.13663 -7.39512 15
2.48373 -5.87655 15
1.36014 -6.947 15
-5.67732 6.21719 16
-5.88207 7.40063 16
-6.25988 5.58717 16
-6.30065 6.43883 16
-6.49297 5.2964 16
-5.82866 7.12044 16
-6.06702 6.91627 16
-6.55791 6.44671 16
-5.99147 6.89434 16
-5.83758 6.14782 16
-6.18722 6.87328 16
-6.39187 6.51501 16
-6.17423 6.41781 16
-5.84636 6.16591 16
-6.15486 6.71339 16
-5.9269 4.96225 16
-6.06501 6.49556 16
-6.05837 6.4714 16
-6.35092 7.58965 16
-6.01025 5.15392 16
-6.37387 6.19805 16
-6.0621 5.63404 16
-6.03729 5.47555 16
-6.26116 6.21907 16
-6.34903 6.09875 16
-6.07867 8.10502 16
-5.98406 5.65723 16
-5.99603 5.15533 16
-6.11656 7.04084 16
-6.32234 7.28019 16
-5.93176 6.23562 16
-6.41396 5.48905 16
-5.94266 7.53638 16
-6.22094 6.52928 16
-5.45505 6.22467 16
-5.763 6.93949 16
-6.01315 5.38978 16
-6.14346 5.59462 16
-6.0178 7.40429 16
-6.2581 6.89722 16
-6.56973 6.7009 16
-6.60663 5.92981 16
-6.49018 6.13881 16
-6.54134 7.35692 16
-6.14409 7.43947 16
-6.12685 5.69557 16
-5.85154 6.65283 16
8.50548 -0.350073 17
9.129 -0.0206946 17
8.64114 0.724947 17
7.23172 -0.44684 17
7.02103 -0.421661 17
7.25785 -1.14686 17
6.29391 -1.93221 17
10.6816 1.74028 17
11.2214 2.28433 17
8.46529 0.434722 17
7.97257 0.128993 17
9.89116 1.23317 17
8.70212 1.12783 17
8.74045 0.323683 17
6.68632 -1.16515 17
8.67088 0.040588 17
8.72356 -0.504464 17
9.77144 1.29758 17
8.43814 -0.282067 17
7.439 -0.72886 17
9.52707 0.746813 17
7.65369 -0.794292 17
9.51594 1.26638 17
8.6578 1.27933 17
8.85418 0.578645 17
7.04087 -0.981621 17
6.09037 -0.70976 17
8.37893 0.248485 17
8.91572 0.0931662 17
7.93544 0.349916 17
10.5868 2.20616 17
9.97944 0.967382 17
8.37193 -0.208668 17
7.26376 0.0127903 17
10.1588 0.770812 17
6.79282 -1.25795 17
8.60128 0.0114226 17
8.3003 -0.823702 17
8.96442 0.946335 17
10.0357 0.830857 17
7.08662 -0.204089 17
9.53902 1.56585 17
9.16022 0.559372 17
7.8776 -1.22795 17
8.23668 -0.0928836 17
6.82332 -0.361063 17
7.92344 -0.486261 17
9.69344 2.10717 17
9.14925 0.74397 17
8.29053 -0.170404 17
9.87312 0.709227 17
9.49171 1.1428 17
10.4332 2.1774 17
8.31567 0.362705 17
8.96267 0.675222 17
7.66021 -0.632366 17
8.17732 -0.746734 17
9.68212 1.47376 17
9.72659 1.45118 17
8.16324 -0.0572677 17
6.43281 -1.67881 17
9.33181 1.00917 17
8.60825 0.246251 17
8.49514 0.659454 17
11.3035 1.8442 17
10.1826 1.46163 17
8.0834 0.170324 17
7.6514 -0.348676 17
8.14011 0.447175 17
10.5994 2.16523 17
6.66289 -1.43789 17
10.405 0.763923 17
10.3367 2.39659 17
7.27922 -0.904323 17
6.32985 -1.00331 17
9.00876 0.390818 17
9.80947 1.367 17
7.71153 -1.62796 17
7.80355 -0.966851 17
8.64932 0.905403 17
8.38564 -0.524054 17
7.46073 0.00966833 17
10.3712 1.12321 17
10.0454 0.872665 17
9.85069 2.02932 17
8.7927 0.249866 17
-9.33608 2.45688 18
-7.00198 0.646457 18
-7.7101 1.78449 18
-8.28956 1.47655 18
-8.9642 1.90461 18
-7.61548 0.911924 18
-7.97097 1.54086 18
-8.40079 2.30765 18
-7.76699 1.30149 18
-7.70499 0.630891 18
-7.5778 1.4983 18
-7.35083 1.07848 18
-8.54131 1.68866 18
-8.33711 1.63012 18
-8.66688 1.39232 18
-8.75248 1.77333 18
-8.29021 1.69864 18
-8.73171 1.92595 18
-8.04444 2.04872 18
-8.1558 1.49302 18
-8.56906 2.02408 18
-7.58409 1.10792 18
-7.39587 0.880524 18
-7.72714 1.3645 18
-8.06943 1.08157 18
-6.4491 0.660954 18
-8.7845 2.1411 18
-7.9056 1.91556 18
-6.67344 0.344217 18
-8.01296 0.970337 18
-7.9305 1.59053 18
-7.39616 1.23285 18
-7.77638 1.37084 18
-7.16557 1.24871 18
-7.81161 1.83133 18
-8.18224 1.61581 18
-8.46627 1.55825 18
-8.72796 1.58559 18
-8.06931 1.96049 18
-7.39312 0.94719 18
-8.09898 1.88888 18
-8.9143 1.64015 18
-7.73401 1.75189 18
-7.56133 0.80287 18
-8.24567 1.40511 18
-8.35126 1.31196 18
-6.49827 1.29739 18
-9.16603 2.07669 18
-9.3088 2.16412 18
-7.98322 1.892 18
-8.00193 0.796903 18
-7.40377 0.725038 18
-8.43676 1.87926 18
-7.94403 1.89077 18
-7.68943 1.28217 18
-8.3654 1.75669 18
-8.12018 1.74232 18
-9.13027 1.63896 18
-7.97701 0.898669 18
-7.94879 1.34136 18
-8.75851 1.40612 18
-7.75309 0.914542 18
-7.66805 1.51038 18
-7.47873 0.225683 18
-8.70116 1.16723 18
-6.96054 0.336291 18
-8.32455 1.5069 18
-7.64192 1.59434 18
-8.54491 1.70746 18
-8.45019 2.13651 18
-7.6751 1.17952 18
-9.18133 1.96842 18
-7.94451 0.976604 18
-8.94735 1.71919 18
-8.77044 2.16388 18
-8.40098 2.33257 18
-7.78027 1.87501 18
-8.20406 1.3467 18
-8.40522 1.30039 18
-7.76939 1.44276 18
-7.79037 1.25621 18
-7.82846 1.00146 18
-8.08404 1.53229 18
-7.96982 1.21788 18
-8.63616 1.59666 18
-8.54805 1.65616 18
-9.01308 1.98038 18
-8.33432 1.52678 18
-8.21659 1.27301 18
-10.3203 -4.96928 19
-11.0332 -4.88858 19
-11.2644 -5.51115 19
-11.3333 -4.88329 19
-9.17356 -3.96206 19
-10.3046 -4.49752 19
-10.7123 -5.40701 19
-9.86395 -4.49929 19
-10.5384 -5.09592 19
-9.57785 -3.83465 19
-10.2045 -4.4287 19
-9.42938 -4.18697 19
-9.32141 -3.70316 19
-10.5062 -5.66108 19
-10.0582 -4.23341 19
-11.1688 -4.39364 19
-11.3299 -6.54219 19
-11.7494 -5.56427 19
-10.3258 -6.21121 19
-10.079 -4.99156 19
-8.53232 -2.56093 19
-8.98374 -2.99557 19
-9.69721 -4.21589 19
-10.2259 -4.19947 19
-9.35512 -3.06485 19
-11.3151 -5.22675 19
-10.2778 -4.1601 19
-10.9654 -5.02742 19
-10.7352 -4.96259 19
-8.51909 -2.76059 19
-9.32051 -3.12751 19
-10.4351 -5.10243 19
-10.9945 -4.82423 19
-10.526 -4.08104 19
-9.95089 -3.83769 19
-10.1222 -4.58525 19
-9.26279 -3.00999 19
-11.3553 -4.91134 19
-9.56812 -3.92325 19
-12.2042 -6.44748 19
-8.95123 -2.96627 19
-9.99432 -5.21985 19
-9.08323 -4.00727 19
-8.82146 -3.47263 19
-9.34893 -2.04457 19
-8.02915 -2.63364 19
-9.40359 -3.97891 19
-10.0229 -4.43111 19
-10.8846 -4.34702 19
-9.9034 -4.73207 19
-10.7809 -5.26388 19
6.19361 7.87594 20
4.36868 6.14898 20
4.30373 6.58518 20
5.36445 7.62352 20
4.83921 7.11987 20
6.03436 8.0651 20
5.7721 7.7647 20
4.83874 7.46387 20
5.70713 6.71067 20
5.94292 7.7885 20
5.47362 7.06711 20
5.97165 7.00731 20
5.14214 7.52375 20
5.18316 7.74138 20
4.42764 6.35259 20
4.76402 6.52921 20
4.21026 6.10665 20
5.33003 8.0065 20
5.7379 7.07433 20
5.76734 7.4854 20
4.68739 6.90865 20
4.72489 7.30255 20
5.10753 6.52557 20
5.5373 7.25929 20
5.23465 6.93378 20
5.70657 8.01183 20
5.49329 7.26056 20
5.92076 7.69504 20
6.47051 7.75298 20
3.76811 6.49898 20
5.1955 6.71198 20
5.61922 8.02918 20
0.698971 9.34445 21
1.5541 7.67769 21
4.25261 10.0035 21
1.92154 7.95735 21
3.38648 9.5711 21
2.37134 9.26925 21
3.05894 8.52008 21
2.39951 9.03875 21
2.40546 8.77491 21
3.0764 8.09045 21
3.91651 9.33225 21
2.17765 9.91296 21
2.12918 9.11642 21
3.01 7.05733 21
2.23673 8.60491 21
3.14024 9.10886 21
2.05755 6.90314 21
2.51607 10.0279 21
1.60085 8.13241 21
2.54153 6.60661 21
2.82171 8.43007 21
2.29932 8.84165 21
2.26452 8.37151 21
2.86996 8.47956 21
1.96889 9.06689 21
1.22074 8.31105 21
2.55576 10.8417 21
1.57965 7.18085 21
2.99589 9.38994 21
2.10782 7.17166 21
-3.71149 -8.97861 22
-4.07035 -9.64625 22
-4.05523 -8.52437 22
-3.79048 -8.16578 22
-4.10846 -9.18345 22
-4.2223 -9.4215 22
-4.4985 -8.97475 22
-4.46035 -8.66015 22
-4.09223 -9.04816 22
-4.31767 -9.71205 22
-3.79935 -9.30176 22
-4.04397 -9.06971 22
-3.96364 -8.40121 22
-4.25132 -8.76019 22
-4.05174 -8.31587 22
-3.9452 -9.06489 22
-4.32966 -9.03353 22
-3.90958 -8.61412 22
-4.17886 -9.44721 22
-3.90665 -8.70546 22
-3.89773 -8.64966 22
-3.92221 -8.16859 22
-4.28084 -10.1922 22
-4.46982 -8.69556 22
-4.0986 -8.75382 22
-3.91138 -9.44962 22
-3.90811 -8.61478 22
-4.0933 -9.01013 22
-4.08312 -9.56054 22
-4.25562 -9.23493 22
-4.55196 -9.9736 22
-4.18487 -8.87699 22
-4.11237 -9.05788 22
-4.22243 -9.17634 22
-4.41895 -9.31959 22
-4.54652 -9.6308 22
-4.49827 -9.41001 22
-4.32637 -9.59263 22
-3.9492 -8.74276 22
-4.40592 -9.42549 22
-3.64032 -8.28889 22
-3.99863 -9.09472 22
-2.87596 3.68947 23
-2.31004 4.17076 23
-2.49081 2.6441 23
-2.50343 1.80098 23
-2.31939 4.43301 23
-2.60653 4.30884 23
-2.52721 1.80849 23
-1.89825 3.97837 23
-2.83916 3.24877 23
-2.10796 2.88581 23
-2.46751 3.08975 23
-1.98236 2.0232 23
-2.86126 3.2821 23
-2.70143 3.47213 23
-2.74962 3.36573 23
-2.47604 3.67724 23
-2.84883 2.13408 23
-2.16476 1.92633 23
-2.63703 2.68892 23
-2.36912 4.02523 23
-2.39372 2.40144 23
-2.13804 2.05782 23
-2.26068 3.81845 23
-2.66045 1.98801 23
-2.80538 3.43146 23
-2.61911 1.59139 23
-3.03099 2.90397 23
-2.19228 3.89158 23
-2.7006 2.54199 23
-2.68524 3.21466 23
-2.16908 2.30246 23
-2.63199 3.51518 23
-2.68454 3.66608 23
-2.4831 3.50019 23
-2.42065 2.73544 23
-2.66456 2.72187 23
-2.27393 3.09509 23
-2.49922 3.74453 23
-2.9838 3.26803 23
-2.68919 2.23509 23
-2.4184 2.44231 23
-2.45112 2.20572 23
-2.5617 3.19209 23
-2.49994 2.98118 23
-2.16886 3.18304 23
-2.55656 2.99696 23
-2.12707 3.63579 23
-2.58476 2.41925 23
-2.86214 1.29581 23
-3.05947 3.35029 23
-2.14161 2.62943 23
-2.17666 1.45775 23
-2.2531 1.28445 23
-6.99635 -7.33213 24
-7.05213 -7.55227 24
-7.23477 -7.43926 24
-7.04783 -7.44232 24
-7.11629 -7.21685 24
-7.18148 -7.31118 24
-7.28911 -7.44522 24
-7.00278 -7.68182 24
-7.1057 -7.45911 24
-7.25759 -7.57268 24
-6.98821 -7.46329 24
-7.59293 -7.37152 24
-7.64269 -7.41032 24
-7.19369 -7.51659 24
-7.08258 -7.48642 24
-7.10678 -7.44559 24
-7.32851 -7.45742 24
-7.19547 -7.67426 24
-7.03499 -7.45903 24
-7.77384 -7.24783 24
-7.09182 -7.4009 24
-5.13663 -3.52905 25
-4.72194 -4.73063 25
-4.47986 -4.24985 25
-4.88197 -3.48474 25
-5.12927 -4.70829 25
-4.81638 -2.96741 25
-4.7394 -4.99815 25
-5.1368 -4.66809 25
-5.06856 -4.36552 25
-4.83496 -4.03353 25
-5.21069 -2.83365 25
-4.73571 -4.33162 25
-5.04289 -5.2466 25
-4.79752 -3.87636 25
-4.83817 -4.21854 25
-4.64448 -3.58973 25
-5.40344 -3.40593 25
-5.0177 -4.68798 25
-5.17069 -5.06545 25
-4.92606 -4.78486 25
-4.76076 -3.04952 25
-4.92171 -4.07376 25
-4.91957 -3.91029 25
-5.04721 -3.69209 25
-5.07419 -3.3494 25
-4.73273 -5.24562 25
-5.18882 -3.66762 25
-5.00066 -4.7433 25
-4.89505 -3.6091 25
-5.12145 -3.26553 25
-5.14271 -4.4774 25
-4.69679 -3.99643 25
-5.0286 -2.52431 25
-4.81966 -5.08057 25
-4.7077 -4.25802 25
-4.86156 -3.90324 25
-5.00633 -2.8674 25
-4.9238 -3.7521 25
-4.79574 -5.35574 25
-5.03584 -4.49217 25
-5.07716 -5.28552 25
-5.13243 -3.70011 25
-4.81245 -3.70926 25
-4.80614 -4.1254 25
-4.79859 -3.40564 25
-4.64658 -4.52372 25
-4.83159 -5.24721 25
-4.93809 -5.57547 25
-5.02671 -2.81998 25
-4.79662 -5.15378 25
-5.09066 -5.26073 25
-5.17955 -3.64861 25
-5.02051 -2.28344 25
-4.99502 -4.53512 25
-5.09847 -4.76651 25
-5.02848 -4.49999 25
-4.7349 -5.35042 25
-5.17852 -3.81795 25
-4.91078 -4.49748 25
-4.70261 -4.9926 25
-4.70488 -4.53098 25
-4.71217 -4.2545 25
-5.07148 -4.43369 25
-4.94495 -4.2565 25
-4.50898 -5.7214 25
-5.27166 -3.78853 25
-4.70373 -3.9475 25
-4.52311 -4.04443 25
-5.18398 -3.79429 25
-4.58788 -4.70355 25
-5.05561 -3.75319 25
-4.86647 -6.01929 25
-4.67167 -4.42414 25
-4.78142 -3.88729 25
-4.72322 -4.79434 25
-4.87303 -6.14007 25
-5.00917 -4.67737 25
-4.86875 -3.98177 25
-5.37966 -2.94771 25
-4.93627 -4.84628 25
-4.95196 -3.66294 25
-4.70879 -4.79028 25
-4.94052 -3.45308 25
-5.09161 -5.26553 25
-5.01891 -3.98529 25
-4.87141 -5.01751 25
-4.78015 -4.43797 25
-4.94109 -5.08797 25
-4.88995 -4.80039 25
-4.62673 -4.47749 25
9.27208 -3.40418 26
9.2519 -2.56737 26
10.6811 -1.58723 26
9.65439 -2.01695 26
9.57627 -2.45495 26
8.88254 -3.0312 26
9.05943 -2.60051 26
9.24367 -3.23496 26
10.1155 -2.72093 26
9.52618 -3.02545 26
7.72604 -4.02594 26
9.26615 -2.6855 26
9.04533 -2.57437 26
9.37024 -2.83871 26
10.0276 -2.08227 26
10.0856 -1.82214 26
9.01498 -3.02264 26
9.53122 -2.28836 26
8.58239 -3.37033 26
9.98575 -2.04223 26
8.23054 -3.89781 26
9.01082 -3.51566 26
8.81519 -3.23698 26
10.0825 -1.75799 26
10.1387 -1.86381 26
9.12999 -3.49642 26
8.20729 -4.48832 26
10.0565 -2.00835 26
9.77703 -2.22665 26
10.1857 -2.32689 26
10.4591 -2.06337 26
8.46741 -3.78056 26
10.1089 -1.69599 26
9.43942 -2.67278 26
9.25665 -3.16961 26
10.1959 -1.86794 26
8.19092 -4.2094 26
8.7784 -3.40094 26
8.071 -3.9399 26
10.4415 -2.31518 26
8.72361 -3.69727 26
7.26897 -5.20698 26
9.42386 -2.56397 26
9.67707 -3.09078 26
10.0254 -2.54251 26
9.63535 -2.60794 26
10.1249 -1.89991 26
-5.01894 2.2421 27
-5.19168 2.04729 27
-5.37202 3.36868 27
-5.5055 2.54813 27
-5.47242 4.40879 27
-5.38327 3.39901 27
-4.54821 3.09582 27
-5.19579 3.46913 27
-5.4148 3.38163 27
-5.3671 2.7232 27
-4.97945 3.42155 27
-5.52373 4.50308 27
-4.70187 3.40107 27
-4.92674 3.51083 27
-5.53038 2.64977 27
-5.10514 3.91494 27
-5.21861 2.67252 27
-4.59009 4.02929 27
-5.51535 1.45533 27
-4.45534 1.915 27
-5.13408 3.41353 27
-5.775 3.97439 27
-2.03607 -2.5965 28
-3.0435 -2.7315 28
-2.09887 -2.67189 28
-1.56349 -2.85429 28
-1.20247 -3.13513 28
-0.827032 -3.26497 28
-2.71759 -2.39646 28
-1.95861 -2.53584 28
-1.74636 -2.8255 28
-2.75231 -2.69943 28
-1.02084 -3.56258 28
-2.61858 -2.37703 28
-2.3973 -3.26098 28
-2.44157 -2.43607 28
-2.54274 -2.57802 28
-2.34503 -2.93204 28
-1.97815 -2.40321 28
-2.42184 -1.96555 28
-2.90617 -2.80267 28
-1.53911 -2.63604 28
-2.92645 -2.51071 28
-1.42782 -2.84663 28
-1.81358 -2.81637 28
-2.42777 -2.29737 28
-0.745229 -3.48578 28
-0.445694 -3.32664 28
-1.31144 -3.04445 28
-2.86314 -2.41404 28
-1.52162 -2.42342 28
-2.36009 -2.02835 28
-1.49021 -2.5741 28
-2.47614 -2.52924 28
-2.40538 -2.30653 28
-3.17705 -2.39423 28
-2.29963 -3.18602 28
-0.869109 -3.09003 28
-2.25364 -3.10887 28
-1.39907 -3.20327 28
-1.16277 -2.71649 28
-1.10325 -2.67394 28
-1.99109 -2.37875 28
-2.6341 -2.3003 28
-1.93334 -2.9692 28
-1.36151 -2.62672 28
-1.69377 -3.21551 28
-2.34522 -2.20763 28
-3.52922 -2.38349 28
-1.23392 -2.85808 28
-2.67101 -2.95345 28
-2.12993 -2.93742 28
-1.68822 -2.14549 28
-1.92948 -2.15851 28
-2.66025 -2.90039 28
-3.2186 -1.82151 28
-2.41525 -2.45953 28
-1.85645 -2.51956 28
-1.73085 -2.56298 28
-2.69029 -2.1491 28
-1.43299 -3.29654 28
-1.28523 -2.5048 28
-2.73278 -2.33997 28
-2.71892 -2.30953 28
-2.33248 4.77994 29
-1.25065 4.72814 29
-2.45237 5.00449 29
-1.47804 4.82114 29
-1.57941 5.06942 29
-2.58921 5.30905 29
-2.37345 5.46284 29
-1.6215 5.21211 29
-2.22157 4.48419 29
-1.05179 4.63726 29
-2.13437 4.75221 29
-3.18543 5.04364 29
-1.16787 5.22086 29
-1.32089 5.7787 29
-1.32572 5.34693 29
-1.10624 5.50381 29
-2.04917 4.68703 29
-2.72749 5.56603 29
-2.57419 5.33041 29
-2.16052 5.5318 29
-1.72166 5.55163 29
-1.24227 4.49644 29
-2.69165 5.05521 29
-0.769863 4.66235 29
-1.81712 4.80733 29
-2.0867 5.18888 29
-0.726361 4.40962 29
-1.1084 4.72993 29
-2.04874 4.95369 29
-0.743708 4.68869 29
-1.78539 5.18241 29
-1.75627 5.06211 29
-1.55024 5.18961 29
-2.18299 6.05656 29
-2.05698 5.19624 29
-2.60646 5.01854 29
-2.19682 5.24049 29
-1.40831 4.55319 29
-2.27182 5.10043 29
-0.592304 4.43173 29
-1.39211 5.34289 29
-2.6695 5.5742 29
-1.39817 4.94984 29
-1.30836 5.60713 29
-2.94914 5.3615 29
-1.12408 4.52928 29
-2.27074 5.83321 29
-1.52166 4.80332 29
-1.50382 5.17265 29
-2.86689 4.83433 29
-2.24782 4.50486 29
-1.68222 4.69375 29
-2.16933 5.28617 29
-1.68899 5.2039 29
-2.24038 5.31433 29
-2.13536 5.50416 29
-0.996137 4.89481 29
-2.1781 4.72282 29
-10.1761 6.59235 30
-10.2622 6.94053 30
-10.0312 6.80668 30
-9.70504 6.91005 30
-9.61241 7.45779 30
-9.59645 7.36449 30
-9.79285 8.18793 30
-9.65821 7.24782 30
-9.39275 7.60455 30
-9.61438 6.81439 30
-9.37252 8.24858 30
-10.1743 7.21134 30
-9.89396 6.42276 30
-9.49771 7.7149 30
-9.47739 7.32971 30
-10.289 6.8563 30
-10.027 6.71556 30
-9.08533 7.6317 30
-9.87486 7.1031 30
-9.72577 7.37852 30
-10.0004 7.45212 30
-9.66965 7.37126 30
-9.56525 7.71861 30
-9.8383 6.87078 30
-10.8217 7.60049 30
-9.39182 7.16775 30
-10.451 6.55663 30
-9.63813 8.10658 30
-9.84224 7.46582 30
-9.82626 7.84223 30
-10.4285 7.07847 30
-10.0473 7.99562 30
-9.87987 6.78217 30
-9.7215 7.29754 30
-9.94985 7.66224 30
-9.51576 7.73917 30
-9.26938 7.37638 30
-9.3453 7.39859 30
-9.89087 7.35697 30
-9.58548 6.88155 30
-9.14343 8.40924 30
-9.61857 7.29976 30
-10.2246 6.17888 30
-9.62626 7.05085 30
-9.36096 6.95038 30
-9.84167 7.2831 30
-10.068 7.45163 30
-10.2524 7.35034 30
-9.41769 7.70384 30
-9.99248 7.3886 30
-8.91994 8.47649 30
-9.44696 7.80555 30
-10.3049 7.39813 30
-9.95057 6.5557 30
-9.63594 7.20749 30
-9.6682 7.54482 30
-9.58241 7.98575 30
-10.078 6.29743 30
-9.36327 8.0564 30
-9.93763 6.97792 30
-10.0354 6.61205 30
-9.93646 6.81297 30
7.15513 -6.34444 31
7.25898 -5.60223 31
6.62297 -5.43468 31
6.26515 -5.63514 31
6.83469 -6.02021 31
6.16862 -5.50919 31
5.81855 -5.35278 31
6.26866 -5.67712 31
7.41722 -5.72153 31
6.63856 -6.16783 31
6.92201 -6.13192 31
7.02208 -5.77484 31
6.28454 -5.56515 31
6.97746 -5.48157 31
7.16878 -6.56659 31
6.80521 -6.11588 31
6.51449 -5.69148 31
6.90908 -5.62392 31
6.11135 -5.59784 31
6.55122 -5.56678 31
7.41361 -6.13869 31
7.21054 -6.19418 31
7.3111 -5.8596 31
7.52802 -6.03882 31
-7.38136 -4.77762 32
-6.82465 -5.27158 32
-5.71985 -6.37455 32
-6.21494 -5.83955 32
-5.62914 -5.72362 32
-5.79865 -5.80397 32
-6.47355 -6.057 32
-5.78483 -5.56323 32
-5.65284 -5.56253 32
-5.90089 -6.25734 32
-5.76448 -6.13238 32
-7.02382 -4.91347 32
-6.37379 -5.93023 32
-5.55177 -6.28713 32
-7.07141 -4.21739 32
-6.86198 -5.59382 32
-5.43249 -5.72966 32
-6.81317 -4.6848 32
-6.03137 -6.40836 32
-6.0925 -6.37633 32
-5.41451 -6.19911 32
-6.63427 -4.83793 32
-6.50738 -5.57475 32
-5.46369 -6.28469 32
-6.48898 -5.54189 32
-5.08983 -6.60609 32
-6.36798 -6.30747 32
-5.04506 -7.3496 32
-6.42709 -5.17845 32
-6.68765 -5.04887 32
-5.14345 -6.45185 32
-5.78245 -5.51531 32
-6.30267 -5.95368 32
-7.25408 -4.99926 32
-6.92954 -5.53646 32
-5.17657 -6.96341 32
-6.72974 -5.48696 32
-6.27327 -5.11774 32
-5.5401 -6.79954 32
-5.73597 -6.83767 32
-5.33455 -6.67859 32
-6.04123 -5.28595 32
-6.10055 -5.55297 32
-6.15019 -5.48715 32
-6.33715 -5.28865 32
-6.3297 -5.40389 32
-5.60874 -5.5822 32
-4.85125 -6.95173 32
-6.81525 -5.33092 32
-6.42984 -5.20342 32
-5.37583 -7.23372 32
-6.52922 -6.50194 32
-4.87567 -6.86832 32
-5.35345 -6.46187 32
-6.56192 -5.10336 32
-5.21772 -6.31402 32
-6.03989 -6.05151 32
-7.52608 -5.29884 32
-6.68572 -6.35642 32
-6.15336 -5.82877 32
-6.00259 -5.52381 32
-5.68068 -5.49267 32
-4.97874 -6.74001 32
-7.13233 -4.51437 32
-6.57665 -5.27559 32
-6.06211 -5.66559 32
-5.41616 -6.92101 32
-5.62451 -5.53956 32
-5.49408 -6.70492 32
-6.25636 -5.65815 32
-6.52997 -4.8467 32
-5.97765 -4.93089 32
-6.04052 -5.66152 32
-4.9765 -6.70791 32
-5.47231 -6.42049 32
-6.27637 -4.49755 32
-6.38055 -5.82833 32
2.43672 0.526657 33
2.09705 0.251491 33
2.28417 0.662296 33
2.26762 -0.0322421 33
2.2646 0.0831421 33
2.26671 -0.0422039 33
2.31007 0.325054 33
2.24686 -0.00484306 33
1.98587 0.640278 33
2.28555 0.565217 33
2.18081 0.564004 33
2.34873 -0.121549 33
2.37762 0.636284 33
1.91276 0.114591 33
2.17696 -0.401826 33
10.0291 -5.55886 34
9.53111 -5.57349 34
9.60789 -5.65326 34
9.66305 -5.54009 34
9.32865 -5.48319 34
9.69003 -5.56967 34
9.47147 -5.6226 34
9.31439 -5.53424 34
9.54317 -5.51812 34
9.87397 -5.6087 34
9.22984 -5.68176 34
9.7453 -5.65996 34
10.1812 -5.65228 34
9.48354 -5.56421 34
10.1807 -5.54575 34
9.58098 -5.62702 34
9.68913 -5.51 34
9.42211 -5.49047 34
9.44946 -5.52794 34
10.0582 -5.60669 34
9.84382 -5.60858 34
9.96405 -5.59977 34
9.96641 -5.59794 34
9.89329 -5.6921 34
9.07942 -5.62149 34
9.21461 -5.50041 34
9.84119 -5.64457 34
9.80045 -5.5576 34
9.40829 -5.51848 34
9.37389 -5.6475 34
9.62281 -5.57371 34
9.4668 -5.58921 34
9.41309 -5.49815 34
9.80045 -5.54908 34
9.16545 -5.51334 34
9.32995 -5.68246 34
8.99164 -5.52326 34
9.73913 -5.59238 34
9.48408 -5.51975 34
9.3763 -5.56519 34
9.64447 -5.65221 34
9.40884 -5.6419 34
9.67163 -5.59338 34
9.82714 -5.50693 34
9.71175 -5.53651 34
8.86746 -5.68851 34
9.52803 -5.56562 34
9.83363 -5.54306 34
9.46126 -5.56932 34
9.32251 -5.53755 34
9.41553 -5.54121 34
9.25548 -5.53159 34
9.48501 -5.54359 34
9.92332 -5.60569 34
9.10652 -5.43301 34
9.49019 -5.5633 34
10.0772 -5.67512 34
9.7564 -5.54365 34
9.40319 -5.52633 34
9.83127 -5.7246 34
9.70914 -5.51755 34
9.6833 -5.623 34
10.1728 -5.55535 34
9.55568 -5.59783 34
9.66275 -5.70241 34
9.49692 -5.60332 34
9.69645 -5.57955 34
9.87705 -5.5507 34
9.59081 -5.59087 34
9.72371 -5.43308 34
9.48721 -5.49327 34
9.06843 -5.565 34
9.4741 -5.48064 34
7.04165 3.56819 35
6.78398 2.21839 35
7.62003 2.67648 35
7.69133 3.03558 35
7.06691 2.9107 35
7.34331 3.03731 35
6.81512 3.37874 35
6.77513 2.53843 35
7.03222 3.15551 35
6.55394 2.90593 35
7.32612 2.75373 35
7.47445 2.97434 35
7.24669 2.65981 35
7.00193 2.40595 35
7.10152 2.77474 35
7.58886 3.1776 35
7.04836 2.77081 35
6.94933 2.39097 35
7.39472 2.99926 35
6.73039 2.84318 35
7.42757 2.7277 35
7.01225 3.17258 35
6.781 2.57728 35
7.33604 1.64356 35
7.17617 2.04727 35
7.26177 2.79574 35
6.8608 2.55562 35
7.1285 2.60839 35
7.26601 3.51319 35
7.30063 2.54742 35
7.23847 3.12261 35
6.61513 2.70661 35
6.99801 2.9822 35
7.35772 1.84322 35
7.07863 3.36551 35
6.75509 2.74365 35
7.24942 3.01671 35
7.10092 2.8442 35
7.18231 3.28245 35
6.7086 3.2762 35
6.64427 2.47676 35
7.2104 2.70949 35
7.03866 2.79536 35
7.31705 3.14576 35
6.88815 2.08064 35
6.93224 2.96162 35
6.82306 3.07985 35
6.98653 3.08686 35
7.02731 3.11612 35
7.23678 2.7162 35
7.18137 2.54835 35
7.31629 2.6622 35
6.96172 2.37314 35
7.23939 2.96833 35
7.15955 3.49873 35
6.93757 3.01303 35
6.9152 2.47849 35
6.61734 2.278 35
6.89073 3.37156 35
6.8387 2.77741 35
7.35967 2.68351 35
7.35286 3.08936 35
7.14215 2.44663 35
6.95119 3.32055 35
7.0975 2.18742 35
7.20625 2.87852 35
7.45763 2.98611 35
0.965261 7.09847 36
1.70992 6.20044 36
1.16099 7.00692 36
1.75172 6.10845 36
1.06397 6.66043 36
2.15526 5.80635 36
0.801684 6.63736 36
0.165413 7.50712 36
0.35961 7.49694 36
1.7851 6.80436 36
2.19606 5.99699 36
2.96928 5.38595 36
0.00606435 7.65268 36
1.21411 6.7147 36
1.05523 6.4524 36
0.704532 7.06415 36
1.86469 6.05569 36
1.64033 6.68822 36
2.68987 6.09659 36
1.75739 6.50355 36
1.8683 5.95877 36
1.8428 6.60453 36
1.97661 6.22699 36
3.51959 4.94573 36
2.08896 6.04053 36
2.15713 5.87732 36
2.82085 5.04537 36
1.23518 6.76693 36
1.59399 6.30808 36
3.05396 5.4839 36
3.52718 5.35446 36
1.15963 6.64043 36
3.48232 4.70879 36
1.53942 6.37594 36
1.97726 6.2219 36
3.0097 4.93978 36
1.00717 6.75846 36
2.02997 5.99111 36
1.20097 6.36402 36
2.34027 5.99813 36
1.32086 6.71647 36
1.71556 6.03137 36
1.09599 7.35984 36
1.64306 6.43679 36
1.52583 6.20794 36
0.843414 7.2163 36
1.44605 6.85484 36
1.61198 6.60976 36
0.0868211 7.79531 36
1.87444 6.06449 36
2.31218 5.80512 36
1.58714 6.45054 36
2.49099 5.94042 36
1.76824 6.21227 36
1.31782 6.72561 36
1.97949 5.73985 36
1.3461 6.67262 36
1.93732 5.83892 36
1.93997 5.94258 36
2.62485 5.21721 36
2.25244 5.93897 36
1.4796 6.51272 36
1.00814 7.25759 36
1.99415 6.38105 36
1.44124 6.05636 36
1.88765 5.5038 36
1.04088 7.17666 36
1.98284 5.75485 36
1.48199 6.53904 36
0.605696 7.51093 36
3.1562 5.0874 36
1.94988 6.03189 36
2.31126 6.27038 36
1.77162 5.87169 36
1.95083 6.4153 36
1.5303 6.8044 36
2.70816 5.19091 36
2.16032 5.59376 36
-0.449755 7.73907 36
1.45024 6.52191 36
2.08788 6.01904 36
0.739422 7.07122 36
3.28259 5.03628 36
3.29469 -2.64022 37
3.90854 -2.96053 37
4.2968 -3.47474 37
4.12502 -3.71972 37
3.5332 -3.0498 37
4.23353 -3.5448 37
4.07549 -3.54906 37
3.41443 -2.83751 37
4.39096 -3.34455 37
4.44909 -3.91244 37
4.14942 -3.46753 37
3.84918 -2.77851 37
3.34653 -2.55318 37
4.41272 -3.82735 37
5.10873 -4.61603 37
4.72624 -4.01927 37
3.90864 -3.34141 37
3.25426 -2.60339 37
3.95864 -3.49247 37
3.59331 -3.20336 37
5.70685 -4.74343 37
4.3434 -3.74034 37
3.85158 -2.97687 37
4.67314 -3.9204 37
4.66044 -3.52358 37
3.91215 -2.99792 37
4.99169 -4.55542 37
3.76216 -3.25441 37
3.847 -3.14213 37
-1.37916 -10.5528 38
-1.41703 -10.5512 38
-1.70464 -9.52052 38
-1.36885 -10.7766 38
-1.32461 -9.87188 38
-1.34802 -9.91313 38
-1.8598 -10.2103 38
-1.60112 -10.3743 38
-1.81276 -9.1513 38
-1.23597 -10.721 38
-1.61368 -10.3818 38
-1.51758 -10.1291 38
-1.51165 -10.1795 38
-1.49429 -9.3815 38
-1.76762 -9.66767 38
-1.48711 -10.0891 38
-1.3936 -9.30099 38
-1.52325 -9.70767 38
-1.64085 -8.83335 38
-1.54036 -10.0516 38
-1.55666 -10.44 38
-1.4278 -11.3623 38
-1.46685 -9.19659 38
-1.48173 -9.74845 38
-1.26495 -10.6651 38
-1.53451 -9.32055 38
-1.17981 -9.92221 38
-1.24364 -11.3147 38
-1.73523 -9.69451 38
-1.34794 -9.41274 38
-1.58354 -9.71557 38
-1.73453 -9.40787 38
-1.24294 -8.75805 38
-1.7729 -9.25805 38
-1.39681 -9.51787 38
-1.61669 -10.4882 38
-1.62792 -10.3776 38
-1.53474 -9.23208 38
-1.51771 -9.64496 38
-1.68832 -9.87091 38
-1.1784 -9.3581 38
-1.49905 -9.5737 38
-1.36882 -10.0562 38
-1.53031 -9.42908 38
-1.51257 -10.0352 38
-1.51075 -9.70761 38
-1.1643 -8.89051 38
-1.48106 -9.85525 38
-1.53598 -9.44515 38
-1.49705 -10.3192 38
-1.66026 -9.86114 38
-1.6639 -9.899 38
-1.38265 -9.7078 38
-1.71787 -10.048 38
-1.40876 -10.4719 38
-1.54712 -9.32931 38
-1.35908 -10.193 38
-1.50253 -9.1057 38
-1.60413 -9.45572 38
-1.49511 -10.0667 38
-1.7561 -9.51566 38
-1.50243 -10.5019 38
-1.67348 -9.52245 38
-1.6303 -9.96542 38
-1.33459 -10.1423 38
-1.34763 -10.0635 38
-1.48408 -9.33055 38
-1.55759 -10.1091 38
-1.43338 -9.91122 38
-1.24391 -10.3115 38
-1.60087 -10.1571 38
-1.45182 -9.13951 38
-1.55543 -9.99414 38
-1.5075 -9.31938 38
-1.70879 -9.33804 38
-1.36304 -9.71879 38
-1.76264 -9.06519 38
-1.32946 -10.1646 38
-1.5908 -10.2103 38
-1.4687 -9.20966 38
-1.40971 -10.257 38
-1.1728 -10.2886 38
-1.44592 -9.72502 38
-1.70006 -9.11933 38
-1.47995 -9.77856 38
-1.68395 -9.1555 38
-1.41063 -9.44041 38
-1.55401 -9.71338 38
-1.47074 -9.48011 38
-1.64946 -9.75143 38
-1.64642 -9.78188 38
-1.47914 -10.1403 38
-1.87109 -9.11808 38
-1.76303 -9.59944 38
-1.75392 -9.56985 38
-1.44974 -8.69422 38
-1.38737 -9.56555 38
-1.51116 -9.36992 38
-1.41935 -8.81259 38
-1.61342 -9.38393 38
-1.08941 -10.4508 38
-1.68528 -10.0048 38
-1.22242 -10.1725 38
-1.83395 -9.31308 38
-8.87361 -9.94256 39
-8.88434 -9.58333 39
-8.4169 -9.10857 39
-7.94066 -9.1546 39
-8.6542 -9.65727 39
-8.30202 -9.31664 39
-8.60167 -9.27991 39
-9.15892 -9.96652 39
-7.43603 -8.53637 39
-8.6533 -9.17503 39
-8.32991 -9.17693 39
-8.81221 -9.59223 39
-8.82112 -9.70837 39
-8.56635 -9.50642 39
-8.47512 -9.45915 39
-8.57203 -9.55623 39
-8.06129 -8.908 39
-8.31882 -9.08364 39
-8.25628 -8.99915 39
-7.84604 -8.91279 39
-8.38859 -9.31068 39
-9.22254 -9.80259 39
-8.82499 -9.60156 39
-8.08111 -9.21106 39
-7.83567 -8.93042 39
-8.55213 -9.48758 39
-8.16422 -9.18737 39
-8.46726 -9.41396 39
-8.44992 -9.4041 39
-8.89023 -9.89062 39
-8.91212 -9.90138 39
-8.49432 -9.35309 39
-9.0555 -9.76459 39
-8.15492 -9.28186 39
-8.65637 -9.42884 39
-8.56058 -9.37802 39
-8.61935 -9.28485 39
-8.25707 -9.31461 39
-8.85772 -9.70205 39
-9.17018 -10.2039 39
-8.32956 -9.45477 39
-8.33585 -8.9336 39
-8.77664 -9.47671 39
-8.56666 -9.31505 39
-8.52733 -9.75142 39
-7.89422 -8.48959 39
-9.03124 -9.78625 39
-8.17101 -9.01792 39
-8.86324 -9.88533 39
-8.43184 -9.15394 39
-8.2856 -9.18422 39
-8.74733 -9.56523 39
-9.07906 -9.98746 39
-8.75659 -9.39097 39
-8.68486 -9.74787 39
-8.24576 -9.21616 39
-8.80648 -9.96167 39
-8.43929 -9.21014 39
-8.27434 -9.41124 39
-8.39676 -9.26264 39
-8.46246 -9.46794 39
-8.67918 -9.51437 39
-8.55888 -9.24113 39
-8.02188 -9.16876 39
-8.92562 -10.0873 39
-8.79207 -9.65084 39
-8.11083 -9.19974 39
-8.57293 -9.40149 39
-8.25942 -9.13135 39
-7.70774 -8.85958 39
-8.27877 -9.24609 39
-7.97385 -8.90305 39
-8.70608 -9.59044 39
-8.96336 -9.69101 39
-8.3651 -9.53218 39
-8.22447 -9.30711 39
-7.81711 -8.70089 39
-8.87836 -9.68213 39
-8.50693 -9.54908 39
-7.75927 -8.96325 39
-7.88766 -8.74763 39
-8.04809 -9.13192 39
