-8.95016 -5.57867 0
-8.81747 -4.82428 0
-6.54513 2.2691 0
-9.23733 -1.99971 0
-7.39046 -5.02155 0
-7.9766 -4.3622 0
-12.4569 -2.96427 0
-7.36561 -2.12321 0
-11.7114 -4.0104 0
-9.93073 -6.04134 0
-5.04707 -6.60213 0
-7.2161 -1.92998 0
-11.3377 -1.98277 0
-6.91257 -0.305145 0
-7.64229 -7.06395 0
-9.62859 0.449202 0
-7.38295 -5.33324 0
-6.58759 2.03896 0
-9.49223 -5.13817 0
-7.58483 2.07495 0
-13.323 -1.11432 0
-6.38852 -3.52596 0
-6.35076 -2.7853 0
-8.69882 -2.82183 0
-5.3123 0.219166 0
-9.10789 -3.76767 0
-8.10783 -0.590286 0
-6.64669 -3.11886 0
-9.63496 -6.5913 0
-6.51246 -0.990524 0
-12.208 -5.85066 0
-9.33308 -4.96159 0
-9.7702 -4.53964 0
-7.58926 -4.09634 0
-9.36281 -4.58805 0
-10.2689 -2.28543 0
-10.7478 -1.88716 0
-7.69989 0.329737 0
-8.25023 -0.87052 0
-10.9282 -4.76542 0
-9.15795 -8.04488 0
-9.24142 -2.19799 0
-9.6297 -8.16433 0
-10.4551 -2.8344 0
-9.06094 -8.33152 0
-7.14134 -6.46646 0
-12.27 -4.73959 0
-8.1476 -3.88692 0
-4.82466 -4.49269 0
-11.2903 -7.15037 0
-8.88123 -4.05285 0
-7.64678 -2.97501 0
-7.23839 2.85312 0
-9.98002 2.63694 0
-9.92086 -5.56228 0
-7.60088 -4.04688 0
-7.32027 -9.66892 0
-8.34862 -4.43701 0
-9.68674 -7.54597 0
-8.88055 -2.61214 0
-7.15754 -2.67601 0
-10.3073 -5.61666 0
-13.0198 -2.96715 0
-5.96781 -5.10115 0
-8.7089 -8.6132 0
-10.2349 -2.09562 0
-7.7774 -1.22203 0
-10.2095 -2.17983 0
-8.83062 -2.64036 0
-10.5528 -9.10049 0
-6.69358 -0.0643841 0
-9.83452 -0.191748 0
-5.8639 -7.80228 0
-8.93797 -0.91065 0
-5.53214 -1.64536 0
-8.09634 -4.74561 0
-7.67995 -3.33521 0
-10.4261 -0.644883 0
-10.4149 -2.01877 0
-11.1052 -4.8788 0
-8.4567 -4.41833 0
-8.09458 0.20383 0
-6.91852 -3.37763 0
-9.8006 -3.44166 0
-9.41401 -6.3307 0
-5.52239 1.70108 0
-9.15078 -5.11232 0
-10.4251 -2.37442 0
-7.74262 -3.18638 0
-4.95216 1.02275 0
-5.06756 -6.15 0
-7.89736 -6.94321 0
-5.22344 -1.61445 0
-8.49928 1.85415 0
-8.22981 1.49679 0
-6.25716 -4.45623 0
-8.64774 -10.4916 0
-8.68797 -3.50934 0
-5.33732 -4.05389 0
-9.46777 -4.36518 0
-8.9676 -1.1744 0
-9.1495 1.99923 0
-6.75096 -3.21961 0
-8.80282 2.54358 0
-9.80334 -7.78527 0
-6.74326 -2.54081 0
-7.87105 -1.03464 0
-10.1565 -2.24231 0
-13.5109 -9.10612 0
-11.0427 -9.57493 0
-11.659 -5.58527 0
-7.97083 -2.29773 0
-6.25073 -6.53687 0
-8.63986 -3.37215 0
-4.37599 -2.88488 0
-7.71094 0.42201 0
-7.87985 -1.61718 0
-5.18145 -2.25811 0
-10.5732 -0.2681 0
-10.2067 -3.8696 0
-9.70681 -5.66005 0
-7.67393 -2.17572 0
-8.57453 -2.52463 0
-11.3357 1.65931 0
-8.16029 -4.9807 0
-6.98715 -1.74064 0
-11.0345 -4.17784 0
-8.78341 -3.74511 0
-6.84255 -3.71483 0
-8.92813 -4.40356 0
-6.89211 2.52742 0
-11.2158 -1.39484 0
-7.34451 -7.22675 0
-9.91146 -7.30446 0
-10.4656 -6.80443 0
-8.57062 -5.69732 0
-8.47796 -4.12112 0
-5.7274 -4.19196 0
-11.5096 -4.64294 0
-8.70106 -5.28922 0
-9.22812 -4.39097 0
-8.61036 -1.26587 0
-10.1046 -4.77652 0
-10.0645 -2.57135 0
-10.2024 -5.32478 0
-8.16595 -3.98703 0
-8.08488 -8.46819 0
-10.3558 0.607497 0
-12.4625 -6.06652 0
-10.8461 -0.668674 0
-7.95291 2.24281 0
-8.52609 -1.58749 0
-9.02581 -3.65912 0
-4.06072 -5.8228 0
-8.61048 -2.86493 0
-15.422 -6.79692 0
-6.95752 -2.90674 0
-9.91541 -3.4143 0
-8.29354 -4.57246 0
-8.03389 -3.44931 0
-9.78419 -0.311076 0
-8.68748 -0.299232 0
-8.46613 -0.64891 0
-6.64104 -2.72217 0
-8.49067 -4.73883 0
-7.60837 1.49591 0
-8.19243 -7.28121 0
-9.04647 0.564712 0
-8.16074 -0.647331 0
-5.8127 -6.78781 0
-10.2768 -4.19226 0
-11.2598 -1.82351 0
-6.24831 -4.9744 0
-5.59665 -1.83032 0
-6.84246 -5.60257 0
-11.2715 -1.41179 0
-8.20739 -5.35829 0
-8.18352 -8.48712 0
-6.82932 -0.109369 0
-7.88228 -0.98184 0
-12.0672 -1.03528 0
-7.26358 -2.34686 0
-10.1311 -1.68009 0
-12.7374 -3.94957 0
-12.3876 -3.01777 0
-9.07646 -4.10027 0
-7.69712 -9.09821 0
-6.46573 -0.27987 0
-4.98266 -1.45319 0
-11.03 -2.63449 0
-8.07143 -9.66758 0
-12.6501 -0.234387 0
-9.75878 1.09832 0
-7.50904 -5.07721 0
-8.01352 -5.52146 0
-11.2358 -5.82039 0
-9.53434 -3.67953 0
-8.9464 -1.51371 0
-6.15048 -1.18348 0
-8.53492 -7.20182 0
-9.48262 -3.21718 0
-10.7789 -4.39578 0
-7.67651 -1.55198 0
-11.2147 -3.0018 0
-7.617 -6.89862 0
-6.08286 -0.767113 0
-8.31975 -0.678367 0
-7.7569 -2.22977 0
-6.05036 -3.27163 0
-6.21534 -5.96705 0
-10.3076 -3.69321 0
-6.92106 -0.636458 0
-9.27132 -0.293719 0
-6.67947 -1.85056 0
-5.17141 1.20894 0
-13.5915 -2.88357 0
-7.50202 -3.42085 0
-9.50318 -2.7926 0
-6.10222 -3.29822 0
-10.9421 -1.46342 0
-6.68247 -1.62782 0
-6.35278 3.85128 0
-11.1435 -3.72567 0
-7.10614 -5.20675 0
-6.51397 -0.48578 0
-6.40376 -2.77806 0
-8.819 -4.49206 0
-8.96955 0.512265 0
-5.88535 0.618609 0
-9.91595 -3.1979 0
-8.47328 0.50232 0
-7.23178 -4.37133 0
-8.83224 -3.85238 0
-9.3364 -4.21964 0
-5.25708 5.47857 0
-9.28811 -1.37138 0
-4.51111 -11.4437 0
-7.44598 -1.90814 0
-8.59182 0.841642 0
-9.84919 -5.16322 0
-11.0485 1.97673 0
-10.7022 -6.83585 0
-10.2058 -7.32109 0
-8.80183 -4.16082 0
-10.2794 -7.84703 0
-9.43912 0.451821 0
-9.71091 -0.330221 0
-8.07124 -4.33617 0
-14.2674 -6.60106 0
-10.1317 0.394073 0
-8.52137 -0.511011 0
-8.76669 -4.18252 0
-4.89594 -5.53106 0
-8.59691 -6.98599 0
-7.53431 -4.22342 0
-8.49402 -1.16478 0
-9.86809 -3.27316 0
-9.60417 -5.14855 0
-8.07967 -4.63097 0
-8.38914 -0.345831 0
-11.9597 -3.0811 0
-7.89586 -2.07608 0
-9.46263 -3.80492 0
-4.5595 -1.54144 0
-6.98257 -4.85989 0
-6.79283 -0.220355 0
-6.62906 -1.34471 0
-8.14105 -5.28503 0
-11.3808 -4.93166 0
-7.4503 -2.68952 0
-8.25032 -0.55136 0
-7.59657 -6.48952 0
-8.48843 -8.12555 0
-7.24733 -2.99314 0
-6.4021 -4.68421 0
-7.75145 -4.6167 0
-7.27694 -0.873171 0
-8.95949 -5.2019 0
-10.352 1.50551 0
-7.78978 -1.96376 0
-9.11102 -1.38864 0
-6.39632 -9.61728 0
-12.9917 -3.93037 0
-12.0098 -3.85274 0
-7.81264 -0.0424734 0
-8.59788 -4.52389 0
-7.1236 -3.83569 0
-8.92088 0.330697 0
-7.90629 -1.56936 0
-8.47383 -4.60262 0
-11.8151 -3.93908 0
-8.89002 -7.8485 0
-10.8962 -0.661374 0
-10.1469 -6.66443 0
-11.3844 -6.09468 0
-7.661 -4.79073 0
-7.88619 -0.868459 0
-7.44861 -1.48263 0
-10.9582 -4.44796 0
-9.19265 -1.54885 0
-10.6787 -3.40652 0
-7.57623 -6.92781 0
-7.33353 -1.2741 0
-7.70535 -0.801528 0
-12.1477 -2.53364 0
-6.97299 -3.16521 0
-10.6937 -4.76714 0
-12.0238 0.534856 0
-9.71473 -1.06463 0
-8.70206 -2.86436 0
-7.88825 -2.01547 0
-6.33353 -2.34311 0
-9.5183 -3.49946 0
-7.13958 -2.81544 0
-10.5697 -8.457 0
-7.19983 -4.93531 0
-9.5628 -2.52614 0
-9.52161 -5.26956 0
-9.90778 -2.78313 0
-10.4504 -6.49479 0
-8.08529 -2.13354 0
-6.77253 -0.467156 0
-8.8642 -9.90295 0
-9.02858 -1.76548 0
-7.31676 -3.07211 0
-8.11281 -1.27547 0
-10.2682 1.77951 0
-13.2875 -5.05894 0
-8.24132 -3.40138 0
-10.9312 -0.484177 0
-6.72893 -4.84226 0
-8.00867 -6.10552 0
-9.32591 0.904954 0
-8.94073 -3.6941 0
-11.6391 -4.71638 0
-11.4629 -1.88966 0
-9.56183 -4.94052 0
-6.65931 0.570088 0
-8.31781 -7.49295 0
-11.401 -2.19571 0
-10.3804 -2.17507 0
-10.639 -5.73533 0
-9.20956 -2.57182 0
-8.3984 0.168859 0
-9.13689 -2.14964 0
-8.25347 -3.83079 0
-8.7278 -3.42113 0
-9.39436 -6.36047 0
-10.4033 -8.55764 0
-8.88725 -1.60625 0
-8.87227 -5.80616 0
-11.4709 -1.96638 0
-9.07096 -4.48344 0
-7.36096 -0.231938 0
-7.62022 -0.375368 0
-10.0772 -5.97934 0
-8.23743 -1.54316 0
-9.21112 -7.74053 0
-11.1279 -3.54151 0
-6.82183 -0.459685 0
-8.5383 -2.96119 0
-7.76915 -0.641126 0
-11.3098 -0.559306 0
-9.69898 -4.6164 0
-7.48326 0.259733 0
-9.89459 2.01991 0
-8.3253 -1.50006 0
-6.30281 -5.7027 0
-6.21476 -3.55328 0
-7.49463 -2.11516 0
-10.3433 -4.90074 0
-10.1346 -0.548448 0
-11.0488 -1.73787 0
-6.03396 -4.09169 0
-9.16974 -8.13064 0
-8.06845 -2.62268 0
-5.23906 -1.7053 0
-8.24585 -4.03223 0
-3.64494 -1.79693 0
-6.09573 -1.95671 0
-8.57673 -5.19479 0
-6.36491 -0.885194 0
-7.13145 -5.19325 0
-7.90975 -0.899206 0
-9.46371 -6.53659 0
-10.1988 -10.5191 0
-8.33418 1.60348 0
-10.8367 -8.99143 0
-8.89666 -8.84124 0
-7.20512 -6.68217 0
-8.41596 -6.01964 0
-6.4011 0.266337 0
-6.9036 -2.22403 0
-5.57443 -5.05069 0
-6.36579 -2.03222 0
-9.74423 -0.359149 0
-8.33031 -7.96961 0
-7.31281 -2.16599 0
-10.1462 0.464077 0
-9.47686 0.977191 0
-9.66575 0.0762164 0
-5.87515 -0.621007 0
-9.66755 -4.28835 0
-6.27116 0.962372 0
-10.2236 0.323357 0
-5.09512 -2.39388 0
-6.70412 -8.92503 0
-7.62595 -7.06502 0
-10.3848 -0.215954 0
-6.50416 -2.94453 0
-6.44304 0.556095 0
-7.30629 -1.82841 0
-8.35571 3.3777 0
-10.5406 -2.74414 0
-9.22075 -2.5622 0
-11.252 -4.92944 0
-6.1487 -8.31182 0
-5.24472 -4.88284 0
-8.2196 -1.40367 0
-8.62545 -4.60821 0
-4.98542 -7.58814 0
-10.2694 -5.40044 0
-11.1463 -6.37299 0
-8.94179 -4.76563 0
-13.8051 -2.08638 0
-9.96506 -2.54928 0
-8.63586 1.33102 0
-7.93513 -5.75421 0
-9.66364 -2.51914 0
-4.95117 -7.7154 0
-8.46 -3.03289 0
-9.32082 -7.92993 0
-9.96923 -3.90985 0
-4.94022 -1.18162 0
-13.1668 0.223472 0
-8.56523 -5.01443 0
-5.2804 -2.61538 0
-7.19296 -2.73814 0
-9.84639 -4.16406 0
-8.89409 -1.27602 0
-8.47322 -7.25691 0
-10.9052 -2.87961 0
-5.21899 -2.47386 0
-10.3243 -3.70822 0
-8.29945 -5.68346 0
-8.60665 -4.14539 0
-5.75499 -6.81979 0
-10.1263 -4.03207 0
-10.2337 -1.84449 0
-10.0691 -6.39161 0
-7.79151 -8.98768 0
-5.62899 -2.52726 0
-7.32382 2.7182 0
-9.86123 -3.05488 0
-6.96671 -3.41841 0
-6.42237 -0.520893 0
-10.2482 -0.333776 0
-7.31625 -6.16993 0
-7.78581 -4.02658 0
-10.0037 -4.89345 0
-10.4711 -4.31464 0
-5.65916 -3.92228 0
-6.03892 -3.51798 0
-11.3724 -5.4583 0
-10.2487 -2.21596 0
-6.57113 -3.7608 0
-7.22799 1.92417 0
-6.46742 -1.33413 0
-8.25319 -8.33086 0
-10.037 -6.81805 0
-9.41828 -1.83053 0
-12.4957 -3.94293 0
-9.53736 0.0872362 0
-11.0945 1.92674 0
-9.69865 0.559006 0
-10.3616 -5.18077 0
-3.39779 -1.31311 0
-8.50092 4.35963 0
-6.32747 -1.52686 0
-9.25058 -2.5427 0
-6.64741 -4.49468 0
-8.05546 -2.91293 0
-8.08438 -2.16487 0
-7.56797 -5.98044 0
-7.94805 -1.80757 0
-7.56577 -3.44685 0
-8.28554 -4.01931 0
-5.83993 -2.36417 0
-9.83166 -5.21239 0
-11.1517 -2.12795 0
-8.74556 -4.75475 0
-9.03793 -1.21003 0
-9.93665 -2.46531 0
-9.5267 -9.18935 0
-8.291 -5.16197 0
-7.79536 -4.34622 0
-7.47005 -8.40952 0
-8.1177 1.50576 0
-9.12348 -8.24769 0
-11.9501 -6.11331 0
-10.6805 -0.17749 0
-7.75035 -0.195718 0
-10.7776 -3.7379 0
-10.9262 -5.71186 0
-5.7674 -5.08873 0
-5.33451 -1.11053 0
-12.8521 -5.29744 0
-5.58748 -7.60144 0
-7.23083 -6.19223 0
-8.8692 -2.49506 0
-10.4447 -5.57337 0
-9.21276 -1.39654 0
-8.85617 1.3785 0
-5.44761 -0.718852 0
-8.50642 -4.83809 0
-10.7291 -1.30734 0
-8.03036 -1.97839 0
-9.9708 -5.3277 0
-9.49602 -2.15915 0
-8.76108 -4.95719 0
-7.34095 2.76374 0
-9.27654 -8.97711 0
-8.52875 -1.14081 0
-7.92864 -1.25261 0
-10.3405 -4.54512 0
-8.15604 -0.822982 0
-5.33413 -1.40214 0
-6.52158 -4.60574 0
10.6488 5.73072 1
8.08381 3.03458 1
10.6934 4.63709 1
7.1071 3.29266 1
6.58231 4.39619 1
3.34501 5.02053 1
9.19624 4.82429 1
10.3477 4.15227 1
7.03039 4.03418 1
12.9153 2.83152 1
9.29285 3.09285 1
8.31015 3.90175 1
12.3231 5.05427 1
10.4134 5.40704 1
9.55997 4.7983 1
8.63463 2.12471 1
9.50324 3.65805 1
9.1659 4.03085 1
10.2888 3.43317 1
9.25392 4.09089 1
5.89198 2.59842 1
8.09621 2.89595 1
13.2265 4.82451 1
10.1617 3.70256 1
6.05974 3.85639 1
9.68766 4.63024 1
9.43165 2.08965 1
6.78562 3.39541 1
10.8523 4.62782 1
7.96602 3.94851 1
8.05982 2.60346 1
8.20246 3.19949 1
6.87794 4.10426 1
6.85513 6.52093 1
8.43706 3.30104 1
4.47007 3.93159 1
8.03469 3.69272 1
10.6563 4.27207 1
7.86081 4.84377 1
10.1177 2.21664 1
10.7987 4.76887 1
9.54026 4.21726 1
10.9466 5.87916 1
8.56186 4.72175 1
7.83034 4.70111 1
11.3402 2.29633 1
5.69607 4.24481 1
6.51431 2.94191 1
11.0492 6.22598 1
7.83167 3.67668 1
6.9867 3.07913 1
8.35204 3.91395 1
12.5564 3.23419 1
10.5122 1.86875 1
6.15909 4.12474 1
7.7742 4.55837 1
8.74858 2.72996 1
6.89696 4.14291 1
14.0099 3.01329 1
6.15364 2.88954 1
8.39581 6.37446 1
9.14234 2.19564 1
7.81944 3.01869 1
10.181 2.69928 1
9.52962 3.55287 1
11.6228 4.02836 1
10.7424 1.07842 1
7.11084 3.18826 1
8.06341 4.22094 1
8.29811 3.55794 1
6.90874 2.37927 1
5.44907 3.37772 1
8.42756 2.2571 1
13.4295 2.77604 1
10.6487 3.57321 1
8.28971 2.9616 1
6.31366 5.12594 1
12.4198 3.93571 1
6.21252 2.45436 1
10.0063 4.38363 1
11.4634 3.40515 1
4.53069 2.6485 1
9.64044 3.32412 1
15.3814 3.65537 1
8.88635 3.93287 1
5.75588 2.81146 1
7.1211 4.74538 1
9.89452 4.03478 1
8.83052 3.03903 1
5.76211 3.44557 1
7.48071 3.49445 1
6.57597 3.8931 1
9.9959 4.19032 1
9.33784 3.97391 1
9.00915 1.06247 1
7.64599 3.26539 1
7.3283 3.72115 1
10.8844 3.91418 1
8.96801 4.08144 1
11.3887 2.90045 1
11.1701 6.76928 1
9.71959 2.72046 1
7.75801 3.18512 1
3.72257 4.19094 1
9.35126 7.10629 1
10.149 1.99671 1
5.84617 3.2165 1
10.8359 4.01003 1
11.7929 3.96839 1
7.18992 4.49424 1
9.33025 4.50359 1
8.09282 3.68277 1
7.42758 5.17654 1
8.88487 4.19958 1
11.7362 2.76078 1
9.30227 3.30295 1
8.32238 2.10865 1
5.74089 5.68345 1
7.3513 3.90622 1
14.9025 4.31879 1
8.63374 5.14825 1
10.6583 4.03191 1
5.93085 4.2871 1
13.9825 4.71308 1
6.42658 2.0769 1
9.57808 5.5277 1
10.3297 4.45119 1
5.76216 2.3867 1
13.9464 3.34111 1
8.01458 5.65712 1
8.61155 3.23104 1
5.44355 3.72012 1
14.3742 1.58445 1
12.2888 3.74216 1
9.58151 5.41228 1
11.8727 4.68094 1
7.62037 3.77761 1
10.2325 5.29501 1
12.2054 3.53632 1
6.69753 2.04571 1
12.3069 4.02183 1
9.76908 2.47549 1
11.4617 2.67305 1
7.62787 3.12155 1
9.40685 4.94936 1
12.3919 2.08827 1
7.23808 4.21368 1
8.58443 4.66305 1
11.7653 4.72044 1
6.50572 4.37439 1
7.45274 4.81088 1
7.04216 4.70386 1
11.2019 4.73287 1
3.79855 4.17465 1
10.493 4.20508 1
8.0527 3.23581 1
10.8688 2.87511 1
8.07314 4.34086 1
6.58331 4.09967 1
10.2038 3.93248 1
8.76587 4.50024 1
6.49741 4.16259 1
9.21597 3.00032 1
7.43114 3.21781 1
4.09424 4.60729 1
6.62179 2.91376 1
8.71761 3.06194 1
8.10486 4.21534 1
8.92743 2.81914 1
7.8775 3.36372 1
8.34501 3.83126 1
11.8381 2.611 1
11.5391 3.62508 1
6.8275 5.26648 1
6.93584 3.78374 1
6.37665 4.35924 1
6.87879 2.35525 1
6.52113 3.45736 1
11.0817 4.19799 1
3.74766 4.38951 1
9.03963 3.92222 1
7.91605 1.97903 1
10.3593 3.38538 1
9.25445 2.92729 1
6.96237 3.34726 1
9.51499 4.10055 1
7.974 3.7996 1
7.67819 2.9977 1
8.14937 2.95318 1
8.4862 3.41333 1
8.85051 3.78946 1
8.05569 2.48365 1
8.14376 3.00352 1
9.74877 5.52141 1
7.12884 2.38243 1
7.95561 4.16604 1
9.52284 3.95751 1
7.62528 3.34566 1
5.39762 3.95687 1
5.48777 4.37268 1
13.1158 3.4752 1
7.68161 4.44693 1
6.92606 5.84084 1
5.17474 4.14183 1
8.61132 4.15438 1
10.359 3.5039 1
10.5662 2.48423 1
5.82377 5.46931 1
7.42017 4.38274 1
6.65531 3.63343 1
8.64067 2.70486 1
7.02942 2.85235 1
10.1874 2.80022 1
12.6107 4.21279 1
6.81627 6.51742 1
5.5164 2.17452 1
11.0815 3.74228 1
8.42274 4.1636 1
5.90537 1.83586 1
5.89467 4.00436 1
12.9138 3.77168 1
8.33775 2.69728 1
8.58929 3.39157 1
8.56041 3.8055 1
7.57964 3.29697 1
8.9279 1.11675 1
10.6734 3.29572 1
8.99951 1.86587 1
8.98222 3.16307 1
10.7064 4.97866 1
9.36069 2.8263 1
10.445 4.67512 1
10.3575 4.90335 1
11.2255 2.42872 1
10.2718 5.68743 1
6.9769 4.95617 1
5.29965 4.18969 1
6.46656 4.14975 1
11.4491 3.36849 1
8.79062 4.44303 1
11.6637 1.92987 1
7.45668 3.91882 1
7.57157 3.31106 1
4.09465 3.85598 1
9.13896 3.81936 1
8.51121 3.72142 1
6.93204 4.2293 1
7.19591 3.58138 1
9.34705 4.22631 1
9.63293 3.44185 1
7.1168 2.18449 1
9.68181 2.87071 1
8.07068 4.92156 1
6.55569 4.44114 1
8.88744 3.07865 1
13.1081 2.83181 1
5.72836 3.77263 1
10.5261 3.13571 1
11.473 3.37193 1
7.56923 4.74667 1
7.18374 5.06298 1
7.83045 2.83916 1
7.93905 5.62252 1
11.9055 3.68453 1
12.6387 4.76463 1
6.21089 3.49924 1
4.60096 3.70993 1
10.3126 3.81225 1
9.39455 3.24695 1
8.20645 5.71505 1
8.86276 2.42178 1
5.99257 4.42001 1
11.5448 4.85882 1
9.74699 3.74763 1
8.43131 3.93272 1
9.81072 4.10692 1
10.287 3.30786 1
11.8016 2.09317 1
7.2474 5.64496 1
8.53486 3.90988 1
6.85384 4.30967 1
7.90678 3.18656 1
7.93243 5.25444 1
9.32599 3.38834 1
13.4029 4.30415 1
7.12397 2.85777 1
8.79808 2.40621 1
10.8435 3.67841 1
13.1825 4.54792 1
10.7713 4.45466 1
9.75476 3.171 1
4.95342 4.12176 1
11.3871 4.41526 1
9.1502 2.3366 1
8.29868 2.80207 1
9.03973 3.2499 1
8.24324 4.0787 1
10.303 5.34869 1
10.6794 2.89293 1
5.72309 2.94495 1
8.20587 3.90305 1
12.382 3.50971 1
9.46772 4.63494 1
9.34675 1.08299 1
14.0638 4.57456 1
9.58716 4.26865 1
7.5345 4.26815 1
7.98869 1.11107 1
8.16054 3.89471 1
9.3709 3.58262 1
11.0514 4.57622 1
7.8381 2.54875 1
4.75143 3.5281 1
9.9992 3.39287 1
8.91011 2.90744 1
7.14033 2.94281 1
9.68201 2.74024 1
6.34504 3.14864 1
11.1636 2.97108 1
12.2637 2.8888 1
8.93586 3.42286 1
14.844 2.90296 1
7.94875 4.87404 1
11.5222 4.78475 1
5.13345 2.26825 1
8.87873 3.8716 1
5.50792 2.29238 1
7.49013 3.64849 1
9.67939 2.57007 1
8.25164 3.50601 1
8.5816 3.85098 1
8.2846 2.70877 1
11.6131 2.17142 1
13.1189 3.11521 1
11.2963 2.81721 1
7.30784 3.21428 1
4.02233 2.82459 1
9.30879 2.54899 1
10.1268 2.98888 1
5.7319 3.64769 1
9.13376 4.12276 1
4.4504 3.76202 1
8.19174 3.91496 1
11.3847 3.90733 1
9.63698 2.76569 1
14.3036 4.64747 1
6.49221 3.13759 1
12.3373 4.05819 1
8.21558 -6.52714 2
7.25867 -4.26223 2
7.80436 -3.84063 2
6.91273 -4.32015 2
7.21214 -4.75931 2
8.46934 -7.30341 2
7.36573 -5.33016 2
7.37852 -4.43183 2
8.25411 -6.48414 2
7.49205 -3.76039 2
7.97526 -4.99248 2
6.91436 -4.245 2
8.24176 -6.10717 2
8.12001 -3.82843 2
7.67562 -4.47616 2
7.24972 -4.11716 2
8.41056 -5.8478 2
7.01563 -3.98099 2
8.79986 -6.54848 2
7.07765 -4.29934 2
7.4763 -5.0505 2
8.15516 -5.89663 2
7.4436 -4.57856 2
7.23116 -5.9856 2
7.68327 -5.96785 2
6.66737 -5.51569 2
9.43858 -5.79594 2
5.39423 -2.17073 2
6.92688 -3.85266 2
7.94686 -5.97091 2
6.03438 -4.29236 2
8.69675 -5.20222 2
8.49274 -4.41055 2
8.36182 -5.68465 2
8.15982 -4.20952 2
7.62562 -6.48198 2
7.78927 -4.995 2
7.25214 -4.72584 2
7.64992 -4.77274 2
7.5338 -5.01047 2
7.86226 -7.07814 2
6.95261 -4.69284 2
8.2638 -5.66129 2
9.44843 -5.94666 2
6.48763 -4.0547 2
9.5684 -7.29435 2
8.09887 -6.18299 2
6.59258 -3.98006 2
7.96023 -6.21648 2
8.80685 -5.82333 2
6.9069 -4.60366 2
6.53908 -4.9293 2
8.347 -6.88364 2
7.83851 -5.06257 2
8.1494 -5.285 2
8.29445 -4.82172 2
7.81479 -5.20044 2
8.76263 -5.77886 2
8.87022 -5.39842 2
7.2142 -3.02557 2
7.10486 -4.11215 2
7.73117 -5.32423 2
7.33996 -4.62561 2
8.64864 -5.62549 2
8.82884 -5.52683 2
7.93466 -3.84635 2
6.37871 -5.05147 2
6.87469 -5.42998 2
7.59899 -4.72222 2
8.77199 -4.17253 2
7.57282 -5.57515 2
7.11273 -4.2749 2
8.14867 -6.59259 2
7.20905 -4.71906 2
7.55504 -5.47976 2
8.29952 -5.90418 2
7.70585 -5.55009 2
6.71898 -4.95492 2
7.95066 -4.58953 2
7.98235 -7.12362 2
7.89906 -4.84191 2
8.2506 -5.51881 2
7.69606 -4.13853 2
7.68225 -6.85553 2
6.68248 -3.89266 2
8.28742 -5.86917 2
8.18565 -7.32373 2
8.99689 -5.25791 2
8.12891 -6.2902 2
7.41482 -4.57254 2
9.26152 -4.4814 2
7.462 -5.51848 2
7.48379 -3.97456 2
8.57599 -6.30195 2
7.18144 -3.91636 2
7.92344 -5.39403 2
8.50802 -6.06545 2
7.73448 -5.37262 2
7.50168 -3.80082 2
7.72431 -3.61801 2
7.42221 -4.15033 2
7.21299 -4.03401 2
7.42043 -5.683 2
6.4918 -4.88122 2
7.3669 -5.08995 2
7.32418 -4.57092 2
7.51918 -3.18269 2
7.63751 -3.95128 2
9.45317 -7.69963 2
7.18989 -5.18113 2
7.41252 -3.00611 2
6.77677 -4.18454 2
7.46463 -5.33187 2
7.67432 -4.7474 2
8.12209 -4.68337 2
8.33842 -6.88803 2
6.73327 -4.36745 2
6.42128 -3.48153 2
6.95926 -4.32904 2
7.49485 -5.06222 2
7.60707 -4.61305 2
8.64915 -5.9028 2
8.02029 -3.75276 2
7.52839 -4.29204 2
7.80238 -4.80038 2
8.62892 -4.87818 2
8.99566 -6.51429 2
6.58688 -3.00383 2
8.14506 -5.64129 2
8.9485 -6.34127 2
6.93472 -5.02641 2
8.20162 -6.6672 2
7.00103 -5.18032 2
8.76341 -6.05168 2
9.14243 -7.41284 2
7.97253 -3.76909 2
9.1234 -5.62478 2
8.29005 -5.16139 2
7.68964 -4.02875 2
6.72702 -3.57463 2
7.3028 -6.20282 2
7.12063 -5.39387 2
7.82379 -5.65318 2
6.84114 -4.34255 2
6.93408 -3.94846 2
8.86009 -4.92375 2
9.28262 -7.47602 2
8.9767 -6.07887 2
6.84218 -3.38741 2
7.29485 -5.02131 2
8.28565 -6.38638 2
7.81089 -5.11985 2
8.2301 -5.77983 2
7.42068 -6.28628 2
6.45574 -3.44049 2
8.07705 -4.19251 2
9.16992 -5.13206 2
8.55188 -5.29978 2
7.54507 -5.45404 2
8.80225 -5.76065 2
6.92267 -6.05484 2
8.64899 -5.6136 2
6.18193 -2.85691 2
6.79502 -4.30102 2
6.51379 -5.49728 2
9.32299 -6.39295 2
8.03661 -5.22456 2
8.19439 -5.67989 2
7.90917 -6.44099 2
7.6994 -5.7014 2
6.66353 -4.89497 2
7.56658 -4.67699 2
7.8648 -4.56454 2
7.99463 -4.92241 2
8.0545 -5.01577 2
7.76179 -5.30448 2
7.20365 -6.07004 2
5.78738 -3.97098 2
8.22661 -6.09629 2
7.58517 -4.45087 2
7.99945 -5.19689 2
7.47618 -6.35126 2
7.89967 -6.04771 2
9.83191 -6.72144 2
7.38241 -5.13821 2
8.02382 -5.68879 2
7.85113 -4.41963 2
6.98771 -3.2161 2
7.11917 -5.0342 2
7.62182 -6.02219 2
8.7577 -5.81783 2
8.55257 -5.35858 2
8.36812 -6.36993 2
6.96463 -4.52723 2
8.62338 -5.65426 2
6.54302 -2.7819 2
7.76317 -4.33037 2
8.68297 -5.95632 2
8.33462 -5.5957 2
6.68367 -4.02869 2
8.57601 -5.28294 2
8.13468 -5.40191 2
6.77564 -4.58886 2
7.79874 -6.08763 2
7.91266 -4.52563 2
8.61527 -5.61614 2
8.11893 -6.25358 2
8.60432 -7.48193 2
8.08743 -4.13159 2
8.91303 -6.91813 2
6.7369 -3.93896 2
7.84607 -4.76658 2
8.19455 -4.99379 2
6.5046 -3.22624 2
7.74714 -5.19566 2
7.24306 -4.64577 2
6.67712 -4.38192 2
7.624 -6.72347 2
6.17205 -3.51381 2
7.57652 -5.19709 2
7.77062 -6.76155 2
6.76822 -5.07442 2
7.91587 -5.304 2
7.14604 -4.56815 2
7.7271 -5.31715 2
7.70084 -5.43181 2
8.85749 -5.90463 2
8.06269 -5.5288 2
8.01415 -4.39344 2
6.66313 -4.45948 2
8.49503 -4.10553 2
7.47742 -4.08359 2
7.49555 -6.1321 2
6.85648 -3.62792 2
6.91266 -4.04578 2
8.73962 -8.64102 2
9.27027 -6.84691 2
8.05271 -5.47392 2
9.40193 -6.11488 2
7.67902 -5.07298 2
8.43973 -7.31658 2
6.61367 -4.44298 2
8.24509 -4.47934 2
8.00671 -5.47328 2
7.2652 -4.7433 2
6.90168 -3.5815 2
9.15876 -4.93803 2
7.87283 -5.43584 2
8.10582 -5.35298 2
7.47366 -4.72901 2
8.58472 -5.28628 2
7.70379 -5.78497 2
6.13137 -1.89535 2
6.92535 -4.12175 2
6.20932 -2.24639 2
7.07708 -5.01275 2
7.13085 -4.35147 2
7.13845 -6.46362 2
8.52459 -5.15314 2
7.52534 -5.47878 2
8.88022 -5.52651 2
7.8162 -5.38012 2
9.13303 -6.42477 2
5.69001 -1.77761 2
8.00189 -3.99455 2
7.93297 -5.40459 2
7.65405 -5.73359 2
8.62692 -3.51199 2
7.96324 -5.09939 2
8.59292 -6.88572 2
8.45745 -5.49147 2
9.687 -6.29964 2
-3.08722 -11.3163 3
-1.55992 -7.46493 3
1.0848 -7.97573 3
0.978531 -8.42806 3
-1.11736 -8.1798 3
-0.864763 -7.38423 3
-0.863911 -9.46986 3
-1.83273 -8.78197 3
0.329635 -7.17936 3
-3.38597 -9.23148 3
-3.5595 -8.7162 3
-2.21009 -9.4642 3
-1.78889 -9.54793 3
-0.903339 -6.8431 3
-1.53792 -8.18133 3
-2.45547 -8.25838 3
-2.19204 -8.89803 3
-4.05872 -9.26238 3
0.620865 -7.91013 3
-3.90058 -10.0914 3
-2.73382 -9.50378 3
-1.69903 -7.50205 3
-0.856244 -8.81509 3
0.283741 -6.8633 3
0.811628 -8.41525 3
1.02622 -8.34919 3
-1.9486 -6.5346 3
0.599389 -10.5031 3
-2.05523 -8.03211 3
-3.38086 -8.5311 3
-3.23366 -9.9707 3
-2.92798 -9.0649 3
-1.06477 -7.92725 3
-3.06272 -7.5749 3
-1.71918 -10.1516 3
-0.0838494 -8.08798 3
-1.60501 -10.296 3
-2.27933 -8.81424 3
-1.42969 -7.60464 3
-0.923051 -7.82317 3
-1.41061 -9.07793 3
-2.45966 -8.94702 3
-1.98079 -9.31162 3
-1.79302 -8.78565 3
-1.54368 -9.01565 3
-1.30637 -8.63264 3
-3.49856 -8.32311 3
-1.02911 -8.19721 3
-1.80768 -10.6677 3
-2.73345 -8.35195 3
-3.1641 -10.4562 3
-3.67334 -10.331 3
-3.14048 -7.09323 3
-2.90165 -9.66255 3
-1.0887 -7.95198 3
-4.48569 -8.83529 3
-1.52435 -10.1671 3
-2.43334 -10.9916 3
-2.36363 -9.22947 3
-2.17616 -11.0936 3
-3.64424 -9.58955 3
1.22694 -6.79802 3
-0.935448 -9.91538 3
-1.27013 -9.9894 3
-0.702646 -8.84355 3
1.07401 -7.90562 3
-2.36303 -9.37728 3
-3.19163 -8.07197 3
-2.86916 -7.6001 3
3.5549 -7.64583 3
-3.03394 -7.92741 3
-2.17387 -10.1671 3
-0.606414 -8.81243 3
-0.0492434 -9.84081 3
-2.95424 -9.78068 3
-0.19529 -9.85156 3
0.823221 -9.49214 3
-0.353059 -8.30723 3
-2.3654 -8.04759 3
-2.23505 -9.04582 3
-2.96603 -9.27117 3
-1.25481 -8.59245 3
-0.919063 -8.20406 3
-1.79447 -9.7669 3
-2.40313 -9.62364 3
-0.928034 -7.64415 3
0.77843 -8.11006 3
-0.964856 -11.0059 3
-0.880335 -9.56716 3
-2.9011 -10.7883 3
-2.9053 -8.24635 3
-3.13759 -9.39044 3
-3.41722 -9.12064 3
-1.22554 -9.74755 3
-1.98579 -10.0878 3
-2.08367 -8.41884 3
0.252787 -9.7594 3
-2.55963 -8.26998 3
-1.7558 -8.77713 3
-4.26271 -9.60116 3
-2.91784 -8.46743 3
-2.68942 -10.258 3
0.937815 -11.2198 3
0.360312 -9.74987 3
-2.31052 -9.42561 3
-1.56178 -8.10437 3
-2.57115 -10.0446 3
-0.331503 -9.06852 3
-0.869099 -6.98846 3
0.333032 -9.63648 3
-4.43899 -10.1975 3
-3.62705 -7.41555 3
-4.62967 -8.49918 3
-1.74985 -8.38124 3
-2.25578 -8.96838 3
-1.62638 -9.64009 3
-1.83288 -8.96747 3
-2.50826 -8.82485 3
-1.70181 -10.6542 3
-2.17346 -7.75802 3
-0.485027 -9.12549 3
-3.32415 -9.20188 3
-0.457384 -7.75011 3
-2.83577 -7.92291 3
-3.36151 -10.4762 3
-2.1783 -9.93612 3
-1.15932 -8.89144 3
-0.296779 -8.84361 3
-0.351932 -7.57431 3
-1.61519 -9.9141 3
-0.583794 -9.41098 3
-0.420176 -8.93137 3
-2.61441 -7.28778 3
-1.65947 -5.64902 3
-0.263613 -6.54272 3
-0.851905 -8.93746 3
-2.18385 -9.65628 3
-2.56819 -9.87586 3
-0.108995 -7.36973 3
-0.85734 -10.6999 3
-0.237863 -7.2834 3
1.1397 -9.91917 3
-1.14041 -8.30923 3
-2.07011 -8.32072 3
-2.34365 -9.59675 3
-1.76794 -8.64456 3
-0.655486 -8.9426 3
-2.45129 -9.654 3
-1.87817 -8.75562 3
-2.44583 -9.28585 3
-2.03801 -6.5939 3
-2.96082 -6.54896 3
-1.73086 -10.8846 3
-1.47397 -9.84111 3
-1.25244 -9.23214 3
-0.602144 -9.69346 3
-1.73351 -8.79836 3
0.2995 -10.5386 3
-2.67115 -11.1077 3
-0.647781 -8.77173 3
-1.54729 -7.43095 3
-3.44396 -8.5983 3
-2.06545 -9.84591 3
-1.98302 -8.74811 3
-0.090807 -9.41068 3
-2.36819 -9.05715 3
0.226543 -10.5042 3
-1.63059 -8.66167 3
0.418709 -8.75639 3
-1.51106 -8.29306 3
-2.7497 -9.3171 3
-3.76188 -9.11713 3
-2.46301 -9.66235 3
-0.686668 -9.51306 3
-2.34717 -8.41953 3
-3.81282 -8.67752 3
-4.27863 -9.10111 3
-3.39484 -8.02973 3
-0.599346 -8.65831 3
-2.29812 -10.9887 3
-1.50869 -8.62808 3
-4.34964 -7.33605 3
-1.81273 -9.29071 3
-0.588848 -8.41315 3
-1.30697 -10.4984 3
-4.78315 -8.97384 3
-1.38734 -7.21933 3
2.99548 -9.296 3
-2.86897 -8.65952 3
-1.92968 -8.81252 3
1.22331 -7.04032 3
-1.92557 -8.55396 3
0.831845 -8.45417 3
-1.37699 -8.45593 3
-2.90173 -7.20471 3
-0.0406822 -9.20743 3
-0.87765 -7.09608 3
-2.62544 -9.01623 3
-3.39861 -7.43357 3
-2.73257 -8.19263 3
-4.43518 -10.1011 3
-2.03433 -9.52792 3
-4.15103 -8.33544 3
-0.760785 -8.81805 3
-1.81819 -9.35091 3
-1.37618 -8.98631 3
-2.63525 -7.5582 3
1.19981 -8.28926 3
-0.381956 -10.5051 3
0.434884 -9.10807 3
-5.26957 -9.15449 3
-0.617792 -6.77096 3
-1.12734 -8.58702 3
1.65256 -7.87345 3
-1.9908 -7.94218 3
-0.776566 -8.91521 3
-3.56856 -8.78493 3
-1.11456 -8.31509 3
-1.01963 -9.22062 3
-2.41713 -6.88364 3
-5.30237 -9.19147 3
0.695277 -8.85285 3
-1.34428 -8.27408 3
0.408512 -9.06857 3
-2.90346 -9.87387 3
-0.894112 -9.84139 3
-1.90077 -7.8203 3
-1.90159 -9.12189 3
0.784432 -7.43431 3
-1.92985 -10.3668 3
-0.300654 -9.2996 3
-2.03714 -10.6138 3
0.521377 -8.71399 3
-2.15062 -9.47954 3
-3.14594 -9.38094 3
-4.16569 -9.04248 3
-0.406079 -7.88529 3
-1.8721 -10.7636 3
-1.38036 -8.8796 3
-1.61832 -8.2879 3
-2.1394 -8.91359 3
-1.95503 -7.17057 3
-3.31056 -8.36991 3
-2.66219 -8.72072 3
-0.804375 -10.309 3
-0.239002 -6.92819 3
-1.63164 -10.2355 3
-3.62571 -9.9221 3
-0.699815 -9.12172 3
-3.33761 -8.36567 3
-0.963471 -9.42069 3
-2.72341 -10.2886 3
-0.102795 -5.94126 3
-0.571838 -8.40691 3
2.01463 -9.21876 3
-0.893192 -8.09069 3
-2.90048 -8.61335 3
-0.534634 -8.96457 3
-0.694584 -8.51406 3
-1.97191 -9.30325 3
1.17428 -6.36882 3
-1.94248 -9.85923 3
-1.37397 -5.78145 3
-2.14326 -9.16061 3
-0.0290257 -6.01717 3
-1.80404 -7.65966 3
-2.23761 -11.3367 3
-3.3373 -10.5954 3
2.25794 -8.51498 3
-1.27929 -8.67815 3
-4.13967 -8.32523 3
-0.660765 -9.07286 3
-0.579644 -7.28025 3
-1.99181 -9.26566 3
-2.03714 -6.02244 3
-0.0174721 -7.41837 3
-1.51894 -9.23806 3
-1.61876 -6.76192 3
0.179311 -7.81555 3
-4.17529 -8.07478 3
-2.03129 -9.56438 3
-2.54827 -8.56984 3
-3.53129 -10.0016 3
-3.58472 -10.4487 3
-1.95402 -5.33486 3
-3.46517 -7.63229 3
-2.1353 -8.33075 3
-1.52827 -10.1666 3
-3.12668 -8.82884 3
-2.35421 -8.12298 3
0.148593 -8.97645 3
0.938534 -6.51843 3
-2.02254 -9.54809 3
-2.47034 -8.10176 3
-2.21755 -7.6834 3
0.0161056 -7.95345 3
-2.61462 -8.13114 3
-0.855326 -8.5413 3
0.272322 -7.74084 3
-3.25789 -7.21165 3
2.63307 -7.69224 3
-1.37681 -8.05198 3
1.5254 -9.98256 3
-2.1419 -9.99824 3
0.0921041 -8.57183 3
-2.25977 -8.75612 3
-0.39816 -7.78295 3
-1.24404 -8.24556 3
-2.44774 -8.46637 3
-2.04656 -8.97722 3
-0.961992 -9.74512 3
-0.838849 -7.66573 3
-1.4461 -9.96775 3
-2.47699 -7.83306 3
-0.635329 -7.71572 3
-2.82823 -8.37868 3
-4.40041 -7.69745 3
-2.65722 -8.5171 3
-2.0333 -9.37287 3
-1.88096 -10.2758 3
-1.67649 -7.01935 3
-3.87922 -10.5368 3
0.119466 -7.85621 3
-2.60973 -9.42923 3
-3.55688 -9.4339 3
0.263811 -7.71571 3
1.40827 -10.277 3
-1.07012 -8.43972 3
-3.7645 -9.06148 3
-0.30874 -8.74158 3
0.818152 -8.26703 3
-0.26972 -10.3375 3
0.102038 -7.13101 3
0.338975 -8.1359 3
-0.902775 -10.2144 3
-2.82254 -8.97851 3
0.821742 -8.12634 3
-1.74176 -8.12673 3
-0.660645 -8.43978 3
-2.96037 -8.88708 3
-1.84661 -10.6947 3
-1.0411 -5.98851 3
0.220269 -8.40096 3
-0.948066 -11.4983 3
-0.226583 -9.64632 3
-1.33428 -9.22311 3
-1.59593 -7.57671 3
-4.73192 -8.44007 3
0.961264 -9.29214 3
1.15986 -8.5284 3
-4.89669 -9.93636 3
-1.14465 -8.00065 3
0.341058 -9.6254 3
-2.7898 -9.31694 3
-1.47916 -10.3251 3
-3.44186 -10.1414 3
-1.38114 -8.6383 3
-2.82147 -8.91738 3
0.978495 -9.18707 3
-1.02177 -9.13735 3
-1.75631 -8.72848 3
-1.31732 -7.39283 3
-2.90833 -8.2771 3
-1.11241 -8.49116 3
0.618313 -7.83528 3
-1.93657 -8.58614 3
-1.30715 -11.3488 3
-4.5989 -7.80165 3
-1.73944 -9.70491 3
-3.85567 -8.88985 3
-3.45531 -8.3506 3
-2.64542 -10.9264 3
-2.0026 -9.32567 3
-0.842715 -7.0566 3
-2.76426 -8.68988 3
-2.54044 -9.95289 3
-0.849246 -7.46894 3
0.892522 -6.80723 3
-0.496785 -8.12154 3
-1.9726 -8.18764 3
0.076754 -8.48046 3
-1.27852 -9.40435 3
-2.84654 -9.56274 3
-1.17058 -10.2488 3
-0.998264 -8.44524 3
-1.71498 -7.73685 3
-0.00818366 -7.2751 3
0.0720528 -8.2357 3
-2.56595 -9.65399 3
-2.86718 -8.79813 3
-0.421974 -8.91956 3
-3.09129 -8.11512 3
-2.1785 -10.2002 3
0.945763 -8.72478 3
-3.38363 -7.92731 3
-1.72628 -9.4983 3
-1.74504 -9.5224 3
-3.00413 -10.2027 3
-0.539047 -8.34994 3
-2.13176 -8.71674 3
1.34851 -8.62998 3
-2.74144 -9.88959 3
-4.24341 -9.85086 3
-1.12123 -10.4743 3
0.31284 -10.3374 3
-4.81035 -9.71433 3
0.147325 -8.93516 3
-0.189725 -9.34608 3
-0.60931 -9.65639 3
0.413978 -7.51913 3
-2.036 -9.01689 3
-2.32153 -9.70107 3
-3.66012 -9.36259 3
-0.352916 -8.79728 3
-2.2366 -9.94587 3
-0.4946 -11.1823 3
-1.98382 -9.26884 3
-3.04177 -10.4178 3
-0.311026 -11.4087 3
-1.85275 -7.65505 3
-0.882141 -9.33313 3
0.364815 -8.07657 3
-0.247553 -8.30315 3
-2.8361 -9.82205 3
