-1.62741 3.94888 0
-2.16701 3.57949 0
-0.935392 3.81251 0
-1.47153 4.14213 0
-3.31358 2.97489 0
-3.66772 2.29327 0
-3.36636 2.15992 0
-2.47827 3.42478 0
-3.39471 2.42997 0
-0.197957 4.64162 0
-4.55782 3.17246 0
0.0784633 5.0256 0
-2.15476 3.17216 0
-2.37546 3.0535 0
-2.51825 2.91106 0
-4.23164 2.79687 0
-3.41063 1.52772 0
-2.7304 2.24776 0
-3.3577 2.36678 0
-2.64332 3.38775 0
-2.37418 2.62156 0
-1.4276 3.00297 0
-3.93273 3.2517 0
-2.94105 2.84236 0
-0.944899 3.75491 0
-2.74664 2.91303 0
-2.56407 3.35946 0
-3.93382 2.19997 0
-1.71949 4.06998 0
-2.48392 3.28046 0
-1.08146 4.47812 0
-1.91052 3.46755 0
-1.93167 3.2233 0
-0.970735 4.50444 0
-1.80563 4.80931 0
-3.78522 2.80526 0
-1.44482 3.29621 0
-4.36839 1.90679 0
-1.81392 2.76607 0
-1.91523 2.69833 0
-1.91617 3.94019 0
-2.83178 3.14764 0
-2.54917 4.58445 0
-2.63205 2.57107 0
-3.36389 2.91319 0
-2.72362 3.24352 0
-4.69074 2.09228 0
-1.70727 3.7674 0
-2.99365 2.55514 0
-1.47035 3.71781 0
-0.885458 3.05049 0
-2.24019 3.95792 0
-3.3479 2.60454 0
-3.34239 3.45356 0
-2.02923 2.78741 0
-2.52303 3.22225 0
-0.882793 3.29704 0
-2.01409 3.50369 0
-1.8167 3.61687 0
-4.13319 2.18365 0
-4.31252 2.23874 0
-3.14651 2.72662 0
-2.56528 2.95684 0
-3.83666 2.19029 0
-3.00694 2.95034 0
-3.73057 1.85624 0
-4.6156 1.87477 0
-3.34943 2.99765 0
-0.0173926 -6.98565 1
0.0404278 -6.89969 1
-1.10868 -8.30607 1
-1.37555 -7.46717 1
-0.850672 -7.74051 1
-0.477793 -8.29472 1
-0.512089 -7.14435 1
-1.16912 -7.16078 1
-0.527062 -7.50824 1
-1.09435 -7.03771 1
-0.922701 -7.85493 1
-0.214404 -7.34605 1
-0.0857442 -7.31449 1
0.805948 -6.65292 1
-0.753662 -8.48048 1
0.380797 -7.85733 1
-1.04697 -6.74333 1
-0.976007 -7.29762 1
-0.072016 -7.12981 1
-0.642179 -7.88072 1
-0.152602 -6.09806 1
-0.121156 -7.98096 1
-0.318759 -7.99673 1
-0.919368 -7.16822 1
-0.0827272 -6.98001 1
-1.35618 -6.42058 1
0.0586484 -6.00446 1
-0.0748607 -6.78512 1
-0.385868 -7.73912 1
0.41644 -7.17861 1
0.146012 -5.56002 1
-0.650886 -7.05342 1
-0.323345 -5.17356 1
0.574698 -7.17846 1
0.070921 -6.56987 1
-0.15648 -6.2473 1
0.197627 -7.63775 1
-0.113121 -6.01273 1
-0.809897 -7.73515 1
0.0422854 -6.75231 1
0.302774 -6.98146 1
-0.331691 -8.16122 1
-0.472859 -8.09327 1
-0.362135 -6.93198 1
0.471284 -6.29282 1
-0.0514174 -7.71182 1
-0.350462 -8.21859 1
-0.0916074 -8.46845 1
1.39988 -5.51481 1
0.230761 -7.58188 1
0.446823 -5.97964 1
0.476808 -6.0067 1
-0.315214 -7.30959 1
-0.198959 -6.76715 1
-0.56775 -7.3035 1
0.381288 -6.25318 1
-0.682788 -9.50265 1
-0.482291 -8.12597 1
0.168299 -7.54062 1
-0.186042 -6.87779 1
-0.392556 -6.96501 1
-0.997034 -8.13531 1
0.509412 -7.42473 1
0.930216 -5.91012 1
0.728807 -6.27264 1
-0.600897 -6.1543 1
-0.618686 -7.11802 1
-1.10373 -7.07435 1
-0.247407 -7.11732 1
-0.17189 -6.91891 1
0.614356 -7.73767 1
-0.158174 -7.34989 1
0.279164 -7.08717 1
-0.44981 -8.21603 1
-0.262897 -6.90227 1
0.0125821 -6.91447 1
-0.488605 -7.42769 1
-0.738171 -7.54077 1
0.0879992 -6.41412 1
-0.472186 -7.11916 1
-0.210254 -7.8212 1
-0.450402 -6.12333 1
-0.739033 -8.5441 1
-0.177547 -8.21885 1
-0.0609259 -7.77267 1
1.07666 -5.12057 1
-0.689738 -7.68688 1
-0.850474 -6.72593 1
0.6976 -6.25209 1
0.397412 -7.23372 1
-0.73942 -7.71437 1
-0.485413 -7.42099 1
3.08785 -0.59507 2
3.8042 -1.28255 2
4.50535 -2.15443 2
6.20051 -3.10485 2
3.25292 -1.83274 2
3.61275 -1.91713 2
3.78555 -2.83216 2
3.8062 -2.83864 2
2.58199 -2.78434 2
4.02572 -1.78407 2
2.34855 -1.91516 2
4.25899 -2.27352 2
3.75869 -2.46521 2
2.74872 -1.90981 2
3.93212 -1.67114 2
2.92106 -1.24305 2
5.77495 -3.98936 2
1.84286 -1.3948 2
4.69664 -0.998176 2
3.88583 -2.91583 2
5.71959 -3.42974 2
3.31435 -2.09907 2
3.72317 -1.87277 2
2.55918 -1.33567 2
3.81364 -1.08031 2
3.5012 -0.944627 2
4.95519 -2.29109 2
2.6789 -0.699912 2
3.15595 -0.711283 2
3.9043 -0.91404 2
3.41532 -1.2664 2
3.21646 -2.64514 2
3.23575 -1.42795 2
4.20103 -2.98891 2
2.5549 -0.549352 2
5.30493 -2.6156 2
4.19505 -2.08257 2
3.08731 -1.54766 2
3.3551 -0.934811 2
4.28504 -3.18273 2
3.30179 -1.3282 2
2.60447 -1.54489 2
3.56472 -2.38414 2
3.42165 -0.814972 2
3.29593 -0.412858 2
5.8959 -2.22157 2
3.67239 -1.81758 2
3.80441 -1.37933 2
2.78391 -0.340169 2
3.68802 -2.38555 2
3.92883 -3.51678 2
4.73126 -2.44615 2
2.88185 -1.6125 2
4.98411 -2.88187 2
3.06706 -1.67437 2
3.36962 -0.803207 2
3.75112 -2.79748 2
4.93599 -1.23204 2
3.60149 -2.19168 2
2.70167 -1.50969 2
4.42338 -2.43807 2
3.33358 -2.05013 2
3.96641 -1.36723 2
1.37202 -0.544137 2
3.66746 -2.74805 2
2.51444 -0.511035 2
1.12317 -1.98297 2
3.88869 -0.936841 2
3.93672 -3.17595 2
4.92046 -2.38135 2
4.54444 -1.94985 2
5.13931 -2.33482 2
4.25584 -2.80026 2
3.29138 -2.20966 2
4.67375 -1.60584 2
3.36599 -1.97563 2
2.98999 -1.90616 2
4.61308 -2.49015 2
3.99098 -2.55813 2
3.35873 -1.62433 2
3.67082 -2.91825 2
4.05169 -1.78055 2
3.96264 -1.57754 2
5.78318 -3.07559 2
3.67445 -1.73378 2
4.23081 -1.78485 2
4.37056 -1.00427 2
3.27223 -2.36942 2
2.732 -1.24059 2
1.28622 -3.04291 3
3.74102 -5.64587 3
1.33323 -4.01954 3
3.98477 -6.0319 3
-0.434041 -1.9747 3
3.47131 -6.13971 3
3.74129 -5.61043 3
2.639 -3.97206 3
0.65838 -3.83011 3
3.06742 -5.07726 3
3.71228 -5.91927 3
3.34302 -5.05218 3
2.77847 -4.57695 3
3.51831 -5.94741 3
4.24681 -5.96622 3
4.1348 -5.68742 3
2.17216 -4.77927 3
0.306819 -2.21929 3
4.05833 -5.58587 3
4.62729 -6.49135 3
2.20974 -4.31563 3
1.48138 -2.79452 3
3.30571 -5.08313 3
2.68115 -5.23127 3
3.77358 -6.18044 3
3.12049 -5.17252 3
2.24421 -4.39367 3
3.8885 -5.29562 3
0.312432 -2.96335 3
3.25945 -5.33214 3
2.5094 -5.64019 3
3.07288 -4.82211 3
8.08177 3.46546 4
8.06343 3.49324 4
7.5105 3.2341 4
8.60283 3.5267 4
9.28303 3.9745 4
7.69282 4.07756 4
7.68506 2.26364 4
8.74844 3.57463 4
7.47637 2.77505 4
7.50663 2.19141 4
9.09448 2.47545 4
8.15095 3.29157 4
6.94972 2.99887 4
7.16517 3.36727 4
8.61538 3.9022 4
6.98139 2.82114 4
8.33602 2.78485 4
6.91929 3.16024 4
7.20889 3.14634 4
8.17942 3.45927 4
6.45548 2.82458 4
8.35936 3.86053 4
7.81199 3.44765 4
6.94345 3.16314 4
9.0998 3.68334 4
8.27315 4.33235 4
7.64027 3.51975 4
6.39009 2.58736 4
7.24681 3.43685 4
7.10662 3.22525 4
7.67852 2.87373 4
7.82652 2.88307 4
8.66119 3.85447 4
8.29781 3.40443 4
9.37908 4.46753 4
7.70737 3.20889 4
7.77159 2.9042 4
7.19309 3.32484 4
8.7749 3.64717 4
7.98234 2.80599 4
10.0176 4.5188 4
6.95989 3.58652 4
7.43984 3.89111 4
7.29972 3.02453 4
7.5672 3.01728 4
8.70699 2.92685 4
6.94061 3.04433 4
8.53956 3.44223 4
8.802 3.58486 4
7.45031 3.13217 4
8.0369 3.49474 4
6.91681 2.66612 4
6.7536 3.11907 4
8.48547 3.28323 4
10.0514 -3.60072 5
9.54842 -2.43638 5
10.7343 -3.5753 5
10.6832 -3.74228 5
10.2977 -3.82758 5
10.1682 -3.79747 5
9.81168 -3.74823 5
10.1883 -3.38938 5
9.65681 -3.23741 5
9.74209 -3.48748 5
8.82582 -2.66379 5
10.9936 -3.39515 5
9.83647 -2.78905 5
9.6769 -3.95867 5
10.5132 -3.04892 5
9.47417 -3.74542 5
9.76127 -4.39625 5
9.63209 -2.79132 5
10.0776 -4.11388 5
9.82934 -3.0938 5
10.6682 -3.61525 5
9.75587 -3.01996 5
10.3152 -3.68667 5
9.92809 -3.33699 5
9.46718 -3.30217 5
10.1306 -3.14685 5
10.3483 -3.27913 5
10.8613 -2.91711 5
9.37211 -3.61463 5
9.78522 -3.20042 5
10.371 -3.38917 5
9.41784 -4.11242 5
9.23722 -3.282 5
10.5738 -3.31636 5
10.2488 -2.99836 5
10.2822 -3.18588 5
9.39657 -4.02943 5
9.57437 -3.54807 5
9.59649 -4.304 5
9.68845 -3.63499 5
11.2236 -3.17423 5
9.71291 -2.95109 5
9.59032 -3.62991 5
9.64106 -2.66938 5
9.25714 -4.06023 5
9.84884 -4.38257 5
9.99595 -3.39618 5
9.58194 -4.03034 5
9.79177 -3.52673 5
10.1907 -3.37822 5
9.20523 -3.15621 5
10.3864 -3.19176 5
9.72479 -3.84539 5
9.13082 -3.61387 5
9.86392 -3.03928 5
10.1799 -2.92536 5
10.2469 -3.2041 5
10.0592 -3.73502 5
9.86305 -3.52593 5
9.57148 -2.83234 5
9.40805 -3.02254 5
6.04178 4.16752 6
5.03451 3.93249 6
5.14835 6.11714 6
3.4949 5.23612 6
6.36173 4.05657 6
5.22909 3.79948 6
3.23148 3.55147 6
5.7244 3.84571 6
5.49798 3.94704 6
5.2997 5.0328 6
5.71208 4.65097 6
5.40006 4.00941 6
4.09979 5.77707 6
5.11046 4.33181 6
5.06824 4.74283 6
5.04612 3.6692 6
3.93047 4.37567 6
5.55653 2.91356 6
5.26744 5.20644 6
6.31257 5.34833 6
4.64472 4.7719 6
5.71849 5.35681 6
5.82035 4.33169 6
6.52581 4.91925 6
5.31749 5.08663 6
4.63653 5.09299 6
4.84592 4.73335 6
4.98794 4.63452 6
3.60021 3.73174 6
6.12062 3.46385 6
-10.3332 -3.6939 7
-10.3312 -3.31537 7
-10.2403 -3.43858 7
-9.83491 -3.58544 7
-9.55404 -2.99848 7
-9.29501 -3.70244 7
-9.17683 -3.95783 7
-9.61172 -3.61636 7
-9.94901 -3.62786 7
-9.46472 -3.6843 7
-10.4562 -3.28617 7
-10.0645 -3.09247 7
-10.0216 -3.27026 7
-9.51206 -3.99591 7
-10.052 -4.03571 7
-10.3474 -3.51676 7
-10.1832 -3.50107 7
-9.37396 -3.49386 7
-9.10713 -4.03151 7
-9.74569 -3.17517 7
-10.36 -3.18571 7
-10.2728 -3.31444 7
-9.95413 -3.33543 7
-9.96874 -3.35896 7
-10.0964 -3.44501 7
-9.45048 -3.59562 7
-10.4937 -3.61126 7
-8.8534 -3.91625 7
-8.98896 -3.87707 7
-9.70482 -3.45625 7
-10.8227 -3.40343 7
-8.90858 -3.62974 7
-8.63942 -3.19281 7
-9.07529 -3.61481 7
-10.2636 -3.38829 7
-9.4362 -3.75737 7
-10.0364 -3.42188 7
-9.32922 -3.77859 7
-9.06311 -3.7213 7
-8.98743 -3.86874 7
-10.1257 -3.74757 7
-9.99901 -3.55265 7
-9.69052 -3.39451 7
-9.56093 -3.27712 7
-9.20417 -3.47066 7
-9.63935 -3.30031 7
-10.8337 -2.99119 7
-10.4521 -3.20118 7
-9.44495 -3.06418 7
-9.03357 -4.28414 7
-10.4654 -3.09906 7
-9.95283 -3.64788 7
-9.93693 -3.35771 7
-9.96439 -3.50833 7
-10.4993 -3.85773 7
-9.94277 -3.72329 7
-10.3717 -3.64346 7
-10.0455 -3.66262 7
-10.6243 -3.18175 7
-9.26286 -3.94344 7
-9.24561 -3.91678 7
-9.84157 -3.78983 7
-9.90805 -3.57356 7
-9.63862 -3.44103 7
-9.73326 -3.62068 7
-8.99709 -3.64863 7
-10.6162 -3.02921 7
-10.8913 -3.12362 7
-10.5404 -3.35759 7
-9.42286 -3.45506 7
-10.3935 -3.40306 7
-10.1459 -3.70699 7
-10.5247 -3.56408 7
-9.42813 -4.2568 7
-0.16012 -0.335455 8
0.58276 -0.39798 8
0.094458 -0.315575 8
0.466261 -0.340508 8
0.218498 -0.384852 8
-0.123823 -0.393303 8
-0.0653207 -0.351999 8
-0.572506 -0.42292 8
0.353888 -0.385803 8
0.61205 -0.359601 8
-1.42719 -0.359142 8
-0.0614522 -0.277644 8
-0.0703663 -0.326976 8
0.356766 -0.346485 8
0.762358 -0.354106 8
-0.419779 -0.401562 8
-0.0123496 -0.374202 8
-0.261234 -0.354157 8
-0.181397 -0.31582 8
-0.185037 -0.474126 8
-0.767429 -0.334134 8
-0.775583 -0.374346 8
-0.152207 -0.343173 8
-0.607058 -0.354051 8
-0.16356 -0.381828 8
-0.312965 -0.302644 8
-0.410906 -0.362799 8
0.676608 -0.355055 8
0.526589 -0.277353 8
-0.187477 -0.337945 8
0.285549 -0.356684 8
0.49667 -0.373867 8
-0.282738 -0.342735 8
-0.140751 -0.398015 8
0.252315 -0.318005 8
0.497949 -0.432509 8
-0.648445 -0.374686 8
0.236353 -0.298679 8
-0.267851 -0.372605 8
-0.236308 -0.411863 8
0.052246 -0.398244 8
0.0339636 -0.350937 8
0.529213 -0.328655 8
-0.569647 -0.298748 8
0.388719 -0.28744 8
0.263616 -0.330737 8
0.152756 -0.357659 8
0.360424 -0.362242 8
-0.149042 -0.431938 8
0.140602 -0.416827 8
0.00763974 -0.299185 8
0.0142156 -0.302218 8
0.189628 -0.3632 8
0.882928 -0.423459 8
0.0937402 -0.336598 8
1.02062 -0.352838 8
0.128256 -0.374244 8
0.00360939 -0.425142 8
0.637938 -0.288525 8
0.105203 -0.415204 8
-0.11073 -0.313437 8
-0.158953 -0.277172 8
-0.1008 -0.39963 8
0.234899 -0.353977 8
0.381188 -0.3562 8
0.273376 -0.499726 8
-0.199027 -0.354906 8
0.89481 -0.314636 8
0.303264 -0.454331 8
0.205034 -0.415939 8
0.565419 -0.439147 8
-0.226953 -0.268864 8
-0.0751727 -0.278221 8
0.0782961 -0.310599 8
-0.703616 -0.327108 8
0.777649 -0.305633 8
0.40784 -0.447934 8
-0.191314 -0.410494 8
-0.284562 -0.476852 8
0.485162 -0.276557 8
0.457676 -0.284075 8
-1.0549 -0.376651 8
0.0868647 -0.211032 8
0.318749 -0.266696 8
-0.0763598 -0.336327 8
-0.0619965 -0.344803 8
-0.295329 -0.345882 8
-0.221308 -0.423474 8
-0.710535 -0.41415 8
-0.288466 -0.350314 8
0.126132 -0.332869 8
0.651166 -0.386228 8
0.0518394 8.61971 9
0.737502 8.53432 9
0.19406 7.80815 9
0.414464 8.12371 9
0.357206 10.8959 9
-0.18978 8.62308 9
-0.622588 8.60959 9
1.37346 7.08667 9
0.324047 8.73527 9
0.511249 6.92144 9
0.577262 7.57456 9
-0.0852894 8.62074 9
0.4854 7.78028 9
0.409803 7.38816 9
0.115456 9.13642 9
0.417599 8.1123 9
0.475197 8.30186 9
0.298534 7.86495 9
0.28017 7.01539 9
0.661471 6.74475 9
0.162029 9.33367 9
-0.136106 8.34997 9
0.0962827 7.732 9
0.400404 8.49017 9
0.360945 10.4091 9
0.213118 9.12734 9
0.230804 8.96277 9
0.739341 7.29356 9
0.277053 6.46478 9
-0.219229 8.90193 9
0.482312 8.59476 9
0.143164 7.59958 9
-0.499425 8.59023 9
0.0890089 8.24629 9
-0.0666266 7.4881 9
1.15129 8.62464 9
-4.39283 9.61498 10
-4.7274 9.30049 10
-3.73848 6.46735 10
-5.19682 8.16414 10
-5.53497 8.77303 10
-3.99641 7.85363 10
-3.35627 7.39477 10
-4.56207 7.75037 10
-4.6292 8.37673 10
-5.33231 9.1437 10
-4.78361 11.5013 10
-4.56233 9.42131 10
-4.44369 7.45484 10
-3.18606 5.59938 10
-3.18378 8.78809 10
-3.9564 7.29028 10
-3.1581 7.25462 10
-4.98825 9.39701 10
-3.65401 6.63667 10
-4.25722 6.57414 10
-4.70169 7.15638 10
-4.90437 7.74687 10
-4.81882 9.40291 10
-2.8071 7.40389 10
-5.98036 8.43225 10
-3.94501 9.25825 10
-4.16022 9.93228 10
-3.26673 6.12358 10
-3.00991 5.7471 10
-6.13875 10.4704 10
-5.05068 9.34672 10
-4.77618 8.44191 10
-3.80437 6.07272 10
-3.94075 9.63385 10
-4.3833 8.21883 10
-5.4481 10.5566 10
-4.08162 9.3542 10
-4.07609 10.1329 10
-4.08669 10.0088 10
-3.6926 7.39389 10
-2.78854 7.87229 10
-2.92248 6.8362 10
-5.51106 8.46981 10
-3.80241 9.62913 10
-4.938 7.767 10
-4.15778 9.16199 10
-4.15634 8.37023 10
-3.40466 9.41585 10
-4.60349 8.53187 10
-3.62186 8.92416 10
-2.79478 8.10849 10
-4.08323 7.86299 10
-4.67607 9.63957 10
-5.19467 10.4234 10
-4.74464 9.30505 10
-4.82604 8.23196 10
-5.01014 10.7029 10
-3.44708 7.95197 10
-4.12921 6.96049 10
-3.12007 7.5656 10
-3.16361 8.24718 10
-4.8053 9.8538 10
-4.0587 7.64332 10
-5.07804 8.96724 10
-5.16143 9.02563 10
-3.35263 5.61452 10
-4.46688 9.33212 10
-5.01005 8.73241 10
-4.95341 9.40253 10
-3.82017 6.74995 10
-3.48461 5.09607 10
-3.04838 6.39548 10
-3.68586 6.65444 10
-5.02136 9.302 10
-3.19397 6.05013 10
-3.57595 8.37343 10
-4.99329 9.07093 10
-3.15347 7.38712 10
-4.83198 7.04309 10
-5.10491 9.64146 10
-3.79353 9.03043 10
-5.31632 8.21475 10
-3.67691 7.44079 10
-3.50717 7.14607 10
-3.57272 8.91272 10
-3.64419 7.37929 10
-5.45726 9.82341 10
-4.07174 10.6007 10
-5.18709 7.53801 10
-4.50281 8.44628 10
-3.77023 7.19022 10
7.64346 -9.19928 11
7.61461 -9.17306 11
8.24666 -9.9219 11
6.38547 -9.30853 11
7.64417 -10.3596 11
8.32387 -9.71984 11
7.82916 -8.02251 11
6.76844 -9.81358 11
8.26632 -9.63893 11
7.37455 -10.6319 11
7.9277 -8.68129 11
6.69311 -8.60718 11
8.85695 -11.27 11
7.11577 -8.16144 11
6.29112 -12.3558 11
8.14162 -9.0454 11
7.353 -9.89586 11
8.97622 -10.493 11
5.34491 -8.51465 11
6.93102 -9.45156 11
7.57913 -10.221 11
6.62276 -9.29581 11
5.82235 -9.15166 11
8.09426 -8.79551 11
8.19361 -9.92966 11
10.2673 -10.4333 11
6.64667 -10.2489 11
6.79169 -10.3715 11
7.94288 -11.3549 11
8.95377 -10.2687 11
9.81551 -9.73974 11
7.62635 -11.0906 11
6.11397 -9.67513 11
7.18944 -9.54131 11
7.98202 -8.59488 11
6.65101 -9.37847 11
7.0088 -11.5157 11
7.69535 -9.22558 11
7.34927 -11.7002 11
6.49326 -10.7242 11
8.47005 -11.0992 11
7.19555 -9.35473 11
7.2257 -9.45702 11
5.89022 -10.3629 11
7.59858 -11.0816 11
7.50473 -8.67577 11
5.252 -7.91507 11
7.231 -11.4453 11
7.25241 -7.91435 11
7.08385 -9.19063 11
5.32264 -8.49271 11
5.02661 -9.52053 11
6.04149 -7.50904 11
9.10948 -11.0408 11
7.22062 -9.78095 11
8.58435 -7.92715 11
5.46384 -7.58092 11
7.22632 -8.66713 11
7.77166 -12.746 11
7.93776 -11.5075 11
8.69765 -11.331 11
7.10585 -9.81675 11
4.83432 -9.06319 11
9.368 -9.92376 11
5.91633 -9.6251 11
7.98904 -9.01335 11
-2.73651 1.34585 12
-2.37556 1.29586 12
-2.57882 1.37032 12
-1.82419 1.83704 12
-2.44587 1.29807 12
-2.01879 1.38536 12
-2.17983 1.51378 12
-2.34029 1.67271 12
-2.38702 1.28656 12
-3.50605 1.32199 12
-1.0138 1.49088 12
-2.12299 1.34302 12
-4.06841 0.980188 12
-2.55901 1.59798 12
-2.59556 1.77206 12
-2.78849 1.53629 12
-2.93502 1.28992 12
-3.12076 1.83867 12
-2.52456 1.60763 12
-1.64298 1.86927 12
-2.10686 1.57006 12
-1.95374 1.87163 12
-2.27552 1.23426 12
-2.90007 1.16179 12
-2.46101 1.47096 12
-3.10057 1.2219 12
-2.57607 1.37122 12
-1.45022 1.64893 12
-2.42314 1.66797 12
-2.53739 1.17705 12
-3.28297 1.79755 12
-2.58512 1.37703 12
-1.58046 1.75537 12
-3.05923 1.01439 12
-2.22461 1.63764 12
-2.97757 1.32333 12
-2.14014 1.83759 12
-2.23046 1.67563 12
-2.25684 1.18606 12
-3.51875 1.4171 12
-2.83486 1.45847 12
-3.33447 1.79617 12
-2.26778 1.68599 12
-3.03955 1.1362 12
-2.61571 1.49308 12
-2.6001 1.19968 12
-3.05721 1.3926 12
-2.66582 1.72075 12
-3.66906 1.00447 12
-3.44965 1.06896 12
-2.84552 1.50906 12
-1.62868 1.72873 12
-2.08139 1.12712 12
-2.10602 1.40883 12
-2.8227 1.07345 12
-2.92933 1.42963 12
-2.98025 1.56533 12
-2.6031 1.0168 12
-2.51089 1.46288 12
-2.85021 1.25447 12
-1.72432 1.49004 12
-2.67301 1.35464 12
-1.95295 1.60326 12
-1.78851 1.93812 12
-3.63996 0.9403 12
-2.36436 2.01947 12
-2.01471 1.52916 12
-2.55801 1.4808 12
-2.46066 1.24236 12
-2.38896 1.57981 12
-3.65862 1.39115 12
-2.76676 0.976799 12
-3.65838 0.853638 12
-3.23909 1.28442 12
-2.38943 1.39123 12
-3.07428 1.56468 12
-2.50279 1.37237 12
-2.00503 1.0682 12
-3.1332 1.23264 12
-2.49465 1.9647 12
-2.84302 1.27986 12
-2.52503 0.995877 12
-1.9708 1.54715 12
-2.00989 1.99709 12
-1.6485 2.09172 12
-1.63397 1.88571 12
-2.24377 1.6622 12
-8.04394 -10.6092 13
-6.49867 -9.94627 13
-5.11068 -9.04578 13
-4.13991 -10.2168 13
-6.25377 -10.2524 13
-4.68731 -10.5935 13
-7.81275 -9.9517 13
-5.44095 -10.2148 13
-7.07063 -9.91284 13
-6.81779 -9.45896 13
-4.08427 -9.45898 13
-6.18191 -9.19553 13
-5.8729 -9.09091 13
-4.28983 -8.88809 13
-6.12935 -10.0093 13
-4.59832 -8.96231 13
-7.14335 -9.54041 13
-2.67011 -1.47882 14
-3.0449 -2.47747 14
-3.06659 -3.09272 14
-3.44973 -2.71424 14
-2.29889 -2.13959 14
-2.60763 -2.64226 14
-2.46254 -2.3694 14
-3.1252 -1.91477 14
-2.94215 -1.59443 14
-3.51459 -2.5407 14
-3.04706 -1.76356 14
-2.67543 -2.35281 14
-3.23238 -2.03522 14
-3.40038 -2.17678 14
-3.55252 -2.24846 14
-3.80787 -1.87023 14
-2.83288 -1.60148 14
-3.40307 -2.30213 14
-3.11378 -0.844632 14
-3.14605 -1.847 14
-2.83063 -2.65377 14
-2.92542 -2.29084 14
-2.18077 -2.25611 14
-3.08986 -2.41102 14
-2.5167 -3.13312 14
-3.05446 -2.22006 14
-3.10367 -3.20629 14
-2.59914 -2.87805 14
-3.60001 -2.32944 14
-2.95989 -2.46504 14
-2.33119 -1.33064 14
-3.00932 -2.41995 14
-2.87958 -1.60944 14
-3.35592 -2.46966 14
-3.07413 -3.28688 14
-2.83575 -2.36931 14
-2.50663 -2.73327 14
-2.55994 -3.49057 14
-3.13029 -2.92043 14
-3.29991 -2.53476 14
-3.03676 -2.5582 14
-2.8397 -1.70829 14
-3.25218 -3.30516 14
-3.78075 -2.4226 14
-2.26097 -2.29793 14
-3.02299 -2.81567 14
-2.54724 -1.89863 14
-3.03594 -1.64856 14
-2.35479 -2.10348 14
-3.89082 -1.65109 14
-4.03767 -2.35555 14
-2.22951 -3.02467 14
-3.0147 -1.98864 14
-2.86014 -2.39309 14
-3.44116 -1.50016 14
-2.42773 -3.12837 14
-2.81571 -3.13112 14
-2.75303 -2.89002 14
-3.37082 -3.22291 14
-3.10274 -2.8191 14
-3.19336 -0.771107 14
-2.50196 -2.53625 14
-3.03723 -1.96553 14
-2.73239 -2.6069 14
-2.91339 -2.68317 14
-3.33621 -2.60512 14
-2.81319 -1.95656 14
-1.96849 -2.18493 14
-2.34937 -1.51144 14
-3.25685 -2.61829 14
-2.92907 -2.18614 14
-3.54491 -2.72477 14
-3.00065 -2.23658 14
-2.14363 -1.50749 14
-2.62556 -3.61374 14
-2.98245 -2.65441 14
-3.22396 -1.59182 14
-2.57397 -2.03795 14
-3.4402 -2.17665 14
-3.47768 -2.51445 14
-3.28846 -2.63836 14
-2.63819 -2.80451 14
-2.99397 -1.48117 14
-3.23306 -2.42005 14
-3.11707 -2.01742 14
-3.40071 -2.5974 14
-3.10415 -2.10428 14
-3.27617 -1.75703 14
-2.50083 -1.28898 14
-2.50253 -1.16587 14
-2.82994 -2.81117 14
-2.45787 -2.16743 14
-3.44001 -1.74754 14
-3.66849 -2.53092 14
-2.87331 -3.02286 14
-3.53541 -1.61719 14
-3.48934 -1.77208 14
-2.44485 -2.20037 14
-3.41909 -2.7208 14
-3.85202 -1.66206 14
-2.56442 -2.86237 14
-3.17752 -3.55699 14
-3.93864 -2.11806 14
-2.62813 -2.17862 14
-2.75597 -2.58039 14
-3.08212 -1.88647 14
-2.76115 -2.25659 14
-9.4148 7.14421 15
-9.19571 8.00413 15
-9.76305 7.5153 15
-9.72002 6.82425 15
-8.8476 9.44977 15
-10.4343 6.12276 15
-9.33129 6.19277 15
-9.6916 7.28957 15
-9.29003 8.79528 15
-9.40713 7.03379 15
-9.34128 6.01231 15
-9.26061 8.61785 15
-9.44774 7.74486 15
-9.25229 8.4767 15
-9.09362 6.45054 15
-9.55997 6.50441 15
-9.75547 6.27931 15
-9.42234 7.52699 15
-9.11184 7.68407 15
-8.40493 8.08886 15
-8.75637 6.8765 15
-9.04593 7.23486 15
-9.09395 10.6841 15
-8.40558 7.69403 15
-9.0407 8.38385 15
-9.45689 8.07361 15
-9.49379 8.62687 15
-9.79191 7.27364 15
-9.5403 7.07834 15
-9.43845 8.16826 15
-8.52851 9.90525 15
-9.84629 5.02433 15
-9.12473 6.40395 15
-8.94371 7.16281 15
-9.60618 7.93087 15
-9.85173 8.36197 15
-9.37184 5.78637 15
-9.46599 7.64677 15
-9.68711 7.48486 15
-9.7696 4.65913 15
-8.69428 8.33341 15
-9.65932 7.13304 15
-9.43623 4.41263 15
-9.814 6.46638 15
-9.84311 6.11682 15
-9.58999 6.57685 15
-9.85389 7.75061 15
-8.74324 7.07554 15
-9.78908 8.01571 15
-9.55233 7.39209 15
-9.54288 7.0213 15
-9.33224 6.34526 15
-9.11246 8.57533 15
-9.41766 7.86765 15
-9.49964 8.26536 15
-9.97379 9.99446 15
-9.57594 7.83093 15
-9.25084 9.77132 15
-9.57967 6.99029 15
-9.24736 8.26455 15
-9.1651 6.65222 15
-10.2029 5.75886 15
-9.35439 6.23907 15
-9.38542 8.32841 15
-8.57532 8.41603 15
-9.60252 6.95322 15
-9.40079 7.92927 15
-9.11548 9.01749 15
-8.99419 7.78938 15
-8.93028 8.47717 15
-9.50272 6.4843 15
-9.61793 7.28277 15
-9.58364 5.00263 15
-9.30236 9.39549 15
5.12654 -7.27971 16
5.34603 -7.25727 16
5.07675 -7.2789 16
4.84212 -7.27936 16
4.79558 -7.26823 16
5.24112 -7.23196 16
4.76411 -7.27959 16
4.89414 -7.30409 16
5.20521 -7.29163 16
4.67755 -7.2968 16
5.31386 -7.23051 16
5.43374 -7.29813 16
5.1455 -7.25722 16
4.73821 -7.26266 16
4.5363 -7.26685 16
4.99075 -7.24496 16
4.56963 -7.29116 16
5.14017 -7.24341 16
5.30271 -7.3151 16
4.63585 -7.28944 16
5.22088 -7.24755 16
5.16823 -7.2635 16
4.69214 -7.27477 16
5.3896 -7.28695 16
4.5982 -7.27952 16
4.69403 -7.29272 16
5.00459 -7.25377 16
4.34376 -7.24478 16
5.09272 -7.22981 16
4.93281 -7.27813 16
5.11811 -7.27432 16
4.82352 -7.21938 16
4.87762 -7.2458 16
4.69468 -7.29078 16
4.33445 -7.28308 16
4.96958 -7.29964 16
5.13816 -7.28211 16
4.85752 -7.23872 16
4.93019 -7.29166 16
5.01506 -7.27786 16
5.54607 -7.27261 16
5.10313 -7.29198 16
5.07478 -7.27903 16
4.60997 -7.25912 16
4.89215 -7.30325 16
5.4397 -7.30398 16
4.35296 -7.27569 16
4.75566 -7.24 16
5.19457 -7.29508 16
4.98161 -7.20787 16
4.84829 -7.25071 16
4.81486 -7.26957 16
4.70907 -7.28917 16
5.0017 -7.24061 16
4.79254 -7.23676 16
1.27122 -3.64417 17
1.64051 -3.68135 17
1.41196 -3.51639 17
1.35663 -3.54534 17
1.69336 -3.45631 17
1.73176 -3.2187 17
1.60067 -3.53683 17
2.23419 -3.52681 17
1.80139 -3.36362 17
1.80156 -3.78808 17
1.9465 -3.47087 17
1.76023 -3.62231 17
1.58009 -3.47515 17
1.80662 -3.61651 17
0.91735 -3.5569 17
1.97081 -3.25343 17
1.8409 -3.65963 17
1.53108 -3.6427 17
2.4119 -3.52291 17
1.19528 -3.43868 17
2.08413 -3.24947 17
1.65635 -3.43099 17
2.04757 -3.59002 17
1.62906 -3.54508 17
1.3818 -3.52244 17
2.23745 -3.73007 17
1.69172 -3.52009 17
1.56383 -3.47741 17
1.85523 -3.54039 17
1.72306 -3.38188 17
2.26215 -3.70266 17
1.53106 -3.32544 17
1.72361 -3.5282 17
1.38951 -3.47154 17
2.11115 -3.58379 17
1.61295 -3.40482 17
2.17769 -3.61006 17
1.62849 -3.46216 17
2.0633 -3.59075 17
1.82346 -3.72793 17
0.713583 -3.49017 17
1.87263 -3.57014 17
1.83511 -3.40335 17
1.67619 -3.62407 17
1.40567 -3.55499 17
1.11033 -3.52819 17
1.27024 -3.46861 17
1.21692 -3.91847 17
1.45684 -3.78552 17
2.2309 -3.34179 17
1.42833 -3.67232 17
1.28725 -3.69065 17
1.95628 -3.52792 17
1.66176 -3.5 17
0.81681 -3.66014 17
1.64476 -3.28223 17
1.62222 -3.49409 17
1.67707 -3.41809 17
1.52167 -3.61287 17
1.74492 -3.5417 17
1.22859 -3.6636 17
1.72009 -3.40585 17
0.96186 -3.81296 17
1.9603 -3.45746 17
1.58377 -3.41094 17
2.42241 -3.47373 17
1.37804 -3.5627 17
2.37831 -3.66864 17
1.29475 -3.79884 17
1.50529 -3.64676 17
1.42361 -3.63646 17
-7.12882 -0.616974 18
-6.74693 0.0627042 18
-6.15788 0.967547 18
-7.80856 -0.867677 18
-6.84271 0.376524 18
-6.81385 0.0674162 18
-6.648 -0.178442 18
-6.6737 0.511317 18
-8.63873 -1.33264 18
-6.76279 0.819876 18
-7.13594 -0.381181 18
-5.23114 1.33484 18
-5.46619 1.38654 18
-7.42718 -0.385783 18
-6.92627 -0.500508 18
-6.30955 1.42607 18
-8.25438 -0.761022 18
-8.51044 -1.05747 18
-6.37116 0.467027 18
-6.30472 0.985759 18
-6.04724 0.986618 18
-6.48526 1.55758 18
-5.1253 1.52017 18
-6.70657 0.570311 18
-6.71146 0.943062 18
-6.38887 0.772718 18
-7.80474 -0.817977 18
-6.14536 1.37863 18
-5.79541 0.359433 18
-6.50498 1.38476 18
-7.2278 -0.248531 18
-7.43183 -0.557957 18
-8.0852 -0.729548 18
-5.96007 1.21303 18
-5.3648 2.36757 18
-6.46411 0.128186 18
-7.9831 -1.23476 18
-7.73251 -0.600712 18
-5.87393 0.34255 18
-7.07948 0.183712 18
-7.45055 -0.0906314 18
-6.45504 0.815612 18
-7.60338 -0.494661 18
-5.54662 1.26949 18
-7.15801 -0.991136 18
-6.21092 -0.115854 18
-4.94153 2.69481 18
-6.69567 0.513977 18
-6.73228 -0.0243498 18
-7.49796 -0.108623 18
-6.1287 1.26747 18
-5.9369 1.16457 18
-6.41113 1.03775 18
-8.24869 -0.94365 18
-6.21778 0.234094 18
-6.47156 -0.360038 18
5.94111 0.473336 19
6.27894 1.15948 19
6.3731 1.13553 19
5.84406 0.648082 19
5.4755 0.808437 19
6.00685 1.35299 19
5.99235 0.331041 19
6.2408 -0.638882 19
6.1075 0.695238 19
6.16764 1.27188 19
6.22455 0.385721 19
5.80475 0.799361 19
5.8426 1.41842 19
6.20554 1.92957 19
-7.47051 -7.59394 20
-6.60005 -8.32567 20
-6.73793 -7.84916 20
-6.38281 -7.99974 20
-5.78357 -6.16521 20
-6.448 -6.77049 20
-5.86547 -6.99132 20
-6.87091 -7.37511 20
-6.47091 -5.81888 20
-5.96135 -8.43886 20
-5.28226 -7.17778 20
-6.32716 -6.99184 20
-6.31995 -7.99465 20
-6.05704 -6.65993 20
-8.47899 -7.03662 20
-6.0375 -7.09891 20
-7.0002 -7.79932 20
-5.43343 -6.70982 20
-7.21073 -8.34523 20
-6.46604 -8.76767 20
-6.21368 -7.12652 20
-7.48759 -8.58563 20
-6.24536 -6.86063 20
-5.86431 -6.83895 20
-6.17203 -7.0591 20
-6.9082 -8.04328 20
-6.96233 -8.21256 20
-5.98954 -7.75571 20
-2.6248 -5.13244 21
-4.85288 -5.91877 21
-1.99591 -5.25971 21
-4.01928 -5.33698 21
-4.61593 -5.44477 21
-3.40675 -5.64929 21
-3.33962 -5.2937 21
-3.43954 -5.24009 21
-2.89208 -5.27598 21
-4.99438 -6.21622 21
-3.49735 -5.90763 21
-5.00773 -6.20436 21
-4.0279 -5.90817 21
-3.0663 -5.00887 21
-3.5218 -6.04605 21
-3.36072 -5.38674 21
-2.76024 -6.48354 21
-4.89046 -6.01102 21
-2.86774 -5.48699 21
-5.24477 -5.83619 21
-4.58764 -5.57576 21
-4.84749 -5.79648 21
-3.60617 -4.94055 21
-3.54947 -5.76595 21
-5.45817 -5.13743 21
-2.93096 -5.40359 21
-3.05463 -4.92103 21
-4.1007 -6.84512 21
-4.72576 -5.15164 21
-5.63604 -5.39919 21
-2.39725 -5.52145 21
-3.83185 -5.53724 21
-5.04997 -6.02209 21
-4.94534 -6.51483 21
-3.40649 -6.20039 21
-3.31945 -5.9363 21
-3.71318 -5.7498 21
-5.58267 -5.59673 21
-5.65085 -5.87245 21
-5.31464 -6.08172 21
-2.73826 -5.8133 21
-5.0775 -6.15928 21
-2.63288 -5.43808 21
-5.57874 -5.93755 21
-4.71797 -5.98439 21
-3.98284 -5.05551 21
-3.30319 -6.06519 21
-4.2727 -5.73235 21
-4.29424 -5.80323 21
-5.24 -5.45009 21
-5.46892 -5.68959 21
-4.26754 -5.29354 21
-4.83995 -5.73042 21
-4.50665 -5.39794 21
-3.45948 -5.08777 21
-3.84705 -5.79902 21
-8.99348 1.58839 22
-8.52882 1.35285 22
-8.48929 1.62361 22
-8.6866 1.45926 22
-8.31564 1.15937 22
-8.86198 1.566 22
-8.01098 1.87673 22
-8.02794 2.31362 22
-7.79835 1.75653 22
-7.94508 1.56706 22
-7.48144 1.74031 22
-8.05208 1.82378 22
-9.16162 2.15942 22
-8.62213 1.58804 22
-8.72286 1.59913 22
-8.24883 1.81018 22
-8.16518 1.40697 22
-8.43662 1.61804 22
-8.04785 1.59123 22
-8.11208 1.49099 22
-8.59742 1.46977 22
-8.2244 1.5006 22
-7.78671 2.05749 22
-9.04709 1.48248 22
-7.70797 1.78279 22
-8.51358 1.56826 22
-9.16448 1.47466 22
-8.50951 2.0735 22
-8.90876 1.99425 22
-8.26672 1.64287 22
-8.99943 1.55365 22
-7.97841 1.66792 22
-7.89199 1.54519 22
-8.53699 1.66426 22
-8.53172 1.75106 22
-8.1007 1.91022 22
-8.1361 1.90192 22
-8.9445 1.41227 22
-8.62417 1.88373 22
-8.82133 1.70629 22
-7.99398 1.46806 22
-7.89109 1.618 22
-9.16218 1.24369 22
-8.36434 1.89378 22
-8.27033 1.43336 22
-8.43658 1.76134 22
-7.95795 1.92393 22
-8.355 1.48994 22
-9.16048 1.49577 22
-8.63254 1.57817 22
-8.17136 1.93595 22
-8.24898 1.82081 22
-7.94786 1.634 22
-8.14646 1.9303 22
-8.58578 1.29366 22
-8.22045 1.72237 22
-7.96329 1.56316 22
-8.20634 1.8173 22
-9.24141 1.42912 22
-7.25508 1.603 22
-8.80028 1.24045 22
-8.38316 1.30868 22
-8.57241 1.47689 22
-7.91157 1.52352 22
-9.20201 1.35673 22
-7.93564 1.46514 22
-8.36353 1.66817 22
-8.29265 1.42317 22
-7.46427 1.92762 22
-8.12153 1.85198 22
-8.07521 1.64605 22
-8.26184 1.62005 22
-8.65354 1.84014 22
-8.85676 1.02453 22
-8.85933 1.66027 22
-7.98059 1.66086 22
-8.79952 1.57686 22
-8.96163 1.33132 22
-8.37394 2.03858 22
-0.318778 -9.49583 23
-0.276104 -9.54875 23
-0.252246 -9.63149 23
-0.207332 -9.66097 23
-0.359888 -9.6369 23
-0.186163 -9.6241 23
-0.243819 -9.65014 23
-0.332983 -9.61419 23
-0.445886 -9.41753 23
-0.0543353 -9.64577 23
-0.0898469 -9.67942 23
-0.0803185 -9.55083 23
-0.154502 -9.61173 23
-0.217989 -9.6689 23
-0.468375 -9.49465 23
-0.293213 -9.55998 23
-0.430569 -9.49486 23
-0.208248 -9.60868 23
-0.148344 -9.56458 23
-0.386593 -9.44522 23
-0.254032 -9.4899 23
-0.316424 -9.43065 23
-0.391647 -9.39353 23
-0.204227 -9.64612 23
-0.434987 -9.20615 23
-0.157436 -9.64744 23
-0.0553851 -9.49404 23
-0.108333 -9.62135 23
-0.392657 -9.42538 23
-0.470946 -9.44303 23
-0.220948 -9.56895 23
-0.168761 -9.65836 23
-0.203159 -9.47126 23
-0.452543 -9.52107 23
2.86241 4.81865 24
2.88527 4.48627 24
3.00618 4.44666 24
3.11527 4.38758 24
3.33694 4.13123 24
2.93157 4.49501 24
3.34002 4.42459 24
2.62369 4.91748 24
3.25614 4.39621 24
2.88629 4.63342 24
3.05663 4.53686 24
2.68671 4.8514 24
3.01616 4.6776 24
3.18383 4.3546 24
3.24053 4.42051 24
3.08081 4.484 24
2.79135 5.0238 24
2.73114 4.93736 24
3.26641 4.27849 24
3.0502 4.54764 24
3.20931 4.43378 24
2.57725 4.96086 24
3.31155 4.22586 24
2.70192 4.71294 24
2.7928 4.80077 24
3.26621 4.43654 24
3.48528 4.1814 24
3.17876 4.47961 24
2.81371 4.97941 24
2.97242 4.73968 24
2.36666 5.11263 24
2.69021 4.99359 24
3.18114 4.50084 24
2.96453 4.6417 24
3.20457 4.44847 24
2.59693 4.86354 24
3.31166 4.34547 24
2.9041 4.66912 24
3.23679 4.3185 24
2.84134 4.62726 24
3.21127 4.27718 24
3.1376 4.39132 24
5.47244 6.71675 25
5.16097 6.74599 25
5.13168 6.64419 25
4.2587 6.29297 25
4.74675 6.46642 25
4.23387 6.4742 25
5.66037 7.11801 25
5.82145 7.96849 25
4.79868 6.4837 25
5.43108 7.02659 25
4.53365 6.37256 25
4.86092 6.31512 25
-9.62648 -0.808215 26
-9.73537 -1.2333 26
-9.60859 -1.20265 26
-9.88107 -1.74809 26
-9.7228 -1.91014 26
-9.91176 -1.29909 26
-9.59443 -0.704235 26
-9.50304 -1.54718 26
-9.78986 -1.3278 26
-9.84528 -0.636772 26
-9.80563 -1.51012 26
-9.90392 -0.924216 26
-10.0148 -1.3702 26
-9.86789 -1.44453 26
-9.742 -1.03999 26
-9.53447 -1.94257 26
-9.77759 -1.37086 26
-9.86087 -0.6552 26
-9.6743 -0.764096 26
-9.82835 -0.718848 26
-9.66352 -1.55079 26
-9.58902 -1.03233 26
-9.69849 -1.96177 26
-9.91654 -1.48737 26
-9.8808 -1.84297 26
-9.89356 -0.261175 26
-9.78699 -1.42965 26
-9.66441 0.223849 26
-9.92819 -0.311621 26
-9.86641 0.101501 26
-9.75169 -0.555733 26
-9.59732 -1.10379 26
-9.78752 -1.76234 26
-9.64529 -0.609985 26
-9.74739 -1.81296 26
-9.73965 -2.05691 26
-9.78526 -1.84044 26
-9.96056 -1.74948 26
-9.64474 -1.03224 26
-9.8001 -2.22634 26
-9.8235 -1.23081 26
-9.56651 -1.22727 26
-9.6478 -1.67583 26
-9.93553 -1.28852 26
-9.66874 -2.17113 26
-9.49074 -1.01024 26
-10.032 -1.47347 26
-9.56851 -2.19312 26
-9.85847 -1.89339 26
-9.87862 -0.972221 26
-9.57169 -0.898999 26
-9.45894 -0.386285 26
-9.8395 -2.38259 26
-9.85827 -1.77359 26
-9.69618 -5.60753 27
-9.70238 -5.55891 27
-10.0079 -5.6019 27
-9.91389 -5.62576 27
-10.6459 -5.48344 27
-10.3581 -5.42657 27
-10.0772 -5.59633 27
-9.05491 -5.57442 27
-8.9972 -5.58279 27
-10.1535 -5.42543 27
-9.00207 -5.49616 27
-10.2058 -5.57732 27
-10.3428 -5.43929 27
-10.4748 -5.46548 27
-9.49403 -5.56866 27
-10.3638 -5.65027 27
-12.6618 -5.59073 27
-10.0377 -5.59749 27
-9.3218 -5.59681 27
-8.79817 -5.62899 27
-10.1837 -5.44664 27
-9.59355 -5.57837 27
-9.61605 -5.5378 27
-8.13312 -5.60036 27
-10.1833 -5.56827 27
-9.61076 -5.60175 27
-9.50667 -5.64429 27
-11.3378 -5.62382 27
-9.65125 -5.56866 27
-10.3091 -5.6645 27
-10.4554 -5.53224 27
-9.63592 -5.64471 27
-9.68801 -5.45395 27
-10.0524 -5.60274 27
-9.43938 -5.51928 27
-8.48361 -5.53337 27
-10.3615 -5.42733 27
-9.80485 -5.64483 27
10.5053 -4.93725 28
11.025 -4.97945 28
10.2194 -6.12585 28
11.6395 -5.61676 28
10.1001 -5.77047 28
8.75444 -4.69065 28
8.45195 -6.50444 28
9.00101 -5.9465 28
8.01155 -6.6624 28
10.8655 -5.75192 28
11.0029 -5.90511 28
9.74864 -6.09871 28
9.00705 -6.80016 28
9.63156 -6.2067 28
8.28542 -5.34308 28
9.20371 -5.12292 28
9.72856 -6.2225 28
9.06578 -6.19859 28
8.58316 -5.03823 28
7.15513 -5.59891 28
1.77367 4.00239 29
2.64353 3.79629 29
3.00482 3.65436 29
2.52325 3.67972 29
2.70363 4.15181 29
2.7087 3.07645 29
0.190622 4.11639 29
2.35791 4.61637 29
1.0108 4.27109 29
2.77056 4.17525 29
2.58438 3.80124 29
0.397597 4.32528 29
2.92324 3.43103 29
2.32405 3.94715 29
1.06719 4.35602 29
3.2349 2.58793 29
2.83586 3.07397 29
1.7015 3.96375 29
2.41042 4.13781 29
1.96412 3.96113 29
1.95944 4.53049 29
2.33565 4.09721 29
1.95906 3.61882 29
1.80472 4.22063 29
2.79367 3.24819 29
1.62948 3.62032 29
3.2903 2.9549 29
2.29095 4.30953 29
2.43858 4.12963 29
1.50929 3.86151 29
1.56329 4.28519 29
1.6814 4.17328 29
2.18493 4.41321 29
1.30406 4.60083 29
2.32483 4.52682 29
2.76237 4.10493 29
1.73055 3.93706 29
0.933871 4.28065 29
1.41761 4.6681 29
2.13724 3.87243 29
2.53633 3.52403 29
2.68803 4.01635 29
1.82805 3.7795 29
1.38102 3.83462 29
1.82943 4.62306 29
1.67008 3.96945 29
2.13454 3.64693 29
1.91109 4.13223 29
1.79167 3.72196 29
3.4551 3.24949 29
2.8886 2.85186 29
1.97441 3.68781 29
2.3617 3.2222 29
2.94586 4.04866 29
3.77073 2.90889 29
2.25243 3.35223 29
1.35453 3.90194 29
2.22145 3.96871 29
2.19136 4.47828 29
3.92165 3.2711 29
0.565722 4.14581 29
1.38437 3.98418 29
1.6488 3.97075 29
2.06133 3.47369 29
2.39636 3.90208 29
2.44512 3.6301 29
2.75515 3.67375 29
1.11581 4.16812 29
2.64454 4.13876 29
1.76823 3.85002 29
2.35628 4.12736 29
2.41838 3.67248 29
1.83371 4.12519 29
1.83348 -8.65509 30
3.92869 -9.86594 30
1.53812 -8.92084 30
2.01726 -10.1827 30
2.39611 -9.83336 30
2.30695 -9.22057 30
2.26992 -8.88609 30
2.14184 -9.31276 30
3.14726 -9.61786 30
2.22113 -9.29093 30
2.32414 -9.13085 30
2.65597 -9.52345 30
0.943483 -9.56059 30
3.70851 -10.4359 30
1.36461 -10.6403 30
2.25007 -9.01929 30
2.11753 -10.4753 30
2.05826 -9.66816 30
3.22579 -10.8017 30
2.3959 -8.41674 30
1.56638 -9.18865 30
1.87915 -10.0268 30
2.24542 -10.4429 30
1.84567 -10.1873 30
1.63944 -9.15566 30
2.17025 -9.88179 30
1.3871 -8.11388 30
7.39547 9.68577 31
7.35885 9.55987 31
6.24597 9.20954 31
6.15413 8.50255 31
6.74758 9.787 31
6.88769 9.49241 31
6.32736 9.11086 31
6.41808 9.5388 31
6.89364 9.53556 31
6.33033 9.12857 31
6.53794 8.78047 31
6.19942 8.84652 31
6.55473 8.94728 31
6.49534 9.27301 31
6.45256 9.26735 31
6.68465 9.51534 31
6.82975 9.99458 31
7.03266 9.89328 31
6.57981 9.41876 31
6.29595 8.87654 31
6.5451 9.57679 31
6.42482 9.00998 31
6.54034 9.72365 31
7.00846 9.89917 31
5.88296 8.73433 31
6.11915 9.00867 31
5.87452 8.66559 31
6.87629 9.46821 31
6.74234 9.37528 31
6.59082 9.42325 31
6.76699 9.72691 31
6.9971 10.2232 31
6.79249 9.5439 31
5.90336 8.9536 31
6.91924 9.84761 31
7.01119 9.73731 31
6.81327 9.5731 31
6.1173 9.10244 31
5.86859 8.59166 31
6.56251 9.62172 31
6.61002 8.85684 31
6.18263 8.9897 31
6.84866 9.33563 31
6.77356 9.46447 31
6.33849 9.19483 31
6.528 9.47924 31
6.36685 9.02036 31
6.46361 9.08823 31
6.71971 9.64565 31
6.90699 9.7777 31
6.05703 8.90008 31
6.90352 9.40365 31
6.78902 9.51541 31
6.32626 8.8765 31
6.9124 9.45857 31
6.61219 9.32788 31
6.8946 9.81804 31
7.16521 9.44859 31
7.92056 10.2658 31
6.43853 9.55976 31
7.11992 9.56052 31
6.40794 9.28478 31
6.31993 9.17957 31
6.1039 8.90056 31
7.0527 9.71766 31
6.75275 9.47324 31
6.23959 9.04114 31
7.22152 9.68873 31
7.12663 9.99881 31
6.43555 9.47483 31
6.39285 9.05943 31
6.24906 8.2867 31
6.94754 9.90413 31
6.18762 9.51034 31
5.61072 8.54299 31
6.16605 8.76903 31
5.87963 8.52997 31
-4.83254 -0.757728 32
-4.58518 -1.19002 32
-4.43166 -1.60428 32
-4.46016 -2.07472 32
-4.80364 -2.4719 32
-4.73924 0.694113 32
-4.33105 -1.76491 32
-4.52285 -1.278 32
-5.09888 -1.57422 32
-4.47479 -2.52139 32
-4.23171 -1.84064 32
-4.63604 -0.621071 32
-4.6651 -1.89332 32
-4.824 -2.16387 32
-4.45985 -0.816246 32
-4.18024 -1.21107 32
-4.60617 -1.74694 32
-4.85709 -2.49479 32
-4.61332 -1.96706 32
-4.70876 -1.65518 32
-4.27316 -1.86248 32
-4.67745 -0.495008 32
-4.55681 -1.35598 32
-4.73143 -1.94676 32
-4.9166 -0.685209 32
-5.02332 -0.439246 32
-4.79464 -2.69417 32
-4.9959 -1.6326 32
-4.56209 -2.75805 32
-4.88815 -3.00731 32
-4.40374 -1.89584 32
-4.61845 -1.71153 32
-4.51037 0.0613181 32
-4.74915 -1.98547 32
-4.73125 -2.61254 32
-4.60326 -0.277304 32
-4.58583 -1.2512 32
-4.99349 -2.22738 32
-4.88112 -1.18366 32
-4.49048 -2.13735 32
-4.7395 -1.42452 32
-4.42072 -1.11757 32
-4.54647 -3.31507 32
-4.69432 -3.00388 32
-4.60676 -1.36389 32
-4.87785 -1.40663 32
-4.76715 -2.59115 32
-5.02055 -1.86731 32
-4.35433 -2.76539 32
-4.61899 -1.18851 32
-4.41773 -1.77378 32
-4.67858 -1.41901 32
-4.69862 -2.31321 32
-4.73323 -2.64044 32
-4.61258 -2.83466 32
-4.97814 -2.5334 32
-4.89361 -1.52262 32
-4.61165 -2.1457 32
-4.62153 -2.50488 32
-4.43398 -2.98783 32
-4.47013 -0.555199 32
-4.55606 -2.92927 32
-4.67946 -3.16143 32
-4.76595 -4.1409 32
-4.5202 -1.62567 32
-4.57362 -0.969921 32
-4.77635 -2.89548 32
-4.48028 -1.05243 32
-4.7055 0.127158 32
-4.60999 -0.854716 32
-4.70177 -3.26844 32
-4.93984 -1.64172 32
-4.74444 -1.64786 32
-4.82483 -1.577 32
-4.90336 -0.312442 32
-4.70399 -0.173137 32
-4.76637 -1.78395 32
-4.48452 -0.176365 32
-5.12504 -1.11536 32
-4.85475 -1.70961 32
-4.77851 -0.740538 32
-4.47546 -0.61427 32
-4.48872 -2.38584 32
-4.58432 -2.21937 32
-4.5972 -1.29457 32
-4.70935 -2.869 32
-4.86225 -0.981247 32
1.83532 8.35188 33
2.35236 8.66476 33
2.52285 8.67988 33
2.67944 8.24008 33
3.10947 9.27502 33
2.81621 8.15674 33
2.7862 8.88856 33
3.246 7.85592 33
2.45034 8.42082 33
2.42953 7.95033 33
3.39478 8.99868 33
2.91614 7.92117 33
1.9334 8.60608 33
2.74643 8.99935 33
2.44276 8.16027 33
2.22031 7.68171 33
2.25874 7.5459 33
2.43413 8.11186 33
2.63127 8.79114 33
1.80745 7.7799 33
2.00403 8.25766 33
3.03165 8.2386 33
3.23535 8.37055 33
2.80015 8.73195 33
1.49281 7.58865 33
3.01951 8.13077 33
2.91337 8.5685 33
2.22169 8.5902 33
1.62618 7.97323 33
2.47 7.79858 33
2.12312 8.94621 33
1.69498 8.50125 33
2.02971 8.73741 33
2.44575 8.71033 33
2.27594 8.21707 33
2.52918 8.42757 33
2.55626 8.86429 33
2.74966 8.1834 33
1.9922 8.71001 33
2.44478 7.68573 33
3.11313 8.89963 33
1.82398 9.25209 33
2.06074 8.13335 33
2.40246 8.76099 33
2.93097 9.26055 33
1.86612 7.99837 33
2.1793 7.80133 33
2.46721 8.88552 33
2.1374 7.54773 33
2.07022 8.49467 33
3.05602 8.14275 33
2.73567 7.90767 33
-5.39778 4.64598 34
-4.50325 5.16272 34
-4.50624 4.97554 34
-5.64329 4.8217 34
-5.36884 5.22411 34
-4.74743 5.02418 34
-5.77327 5.01393 34
-5.16569 5.66034 34
-4.59957 5.17786 34
-5.28136 5.0729 34
-5.09087 4.69343 34
-5.12257 4.6153 34
-5.18986 4.96427 34
-5.55873 5.05522 34
-5.52785 4.91465 34
-5.48587 5.05239 34
-5.63917 4.92527 34
-5.46338 5.34091 34
-5.76233 5.53723 34
-4.84631 4.90223 34
-5.20683 4.96604 34
-5.08185 5.01014 34
-5.42235 5.28781 34
-4.77285 5.07166 34
-5.81468 5.16524 34
-5.12317 5.13901 34
-4.9955 4.83697 34
-5.08651 5.59589 34
-5.15559 4.23008 34
-5.06031 4.49766 34
-5.18631 5.33414 34
-5.0565 5.10809 34
-4.79057 4.77308 34
-4.4867 4.98699 34
-5.25248 4.73484 34
-5.08906 5.09252 34
-4.97404 5.48994 34
-5.27614 5.01113 34
-5.91746 4.94912 34
-5.05964 4.42105 34
-4.89536 4.81971 34
-5.58615 5.46366 34
-5.35587 4.96415 34
-5.16507 5.24864 34
-5.66007 4.56784 34
-5.43641 4.97815 34
-5.12442 4.94905 34
-5.83711 4.90135 34
-5.13831 4.82735 34
-5.44853 5.3817 34
-5.30093 5.07022 34
-5.32534 4.78794 34
-4.68056 4.90993 34
-5.62161 5.56875 34
-5.18934 4.83392 34
-4.90794 5.4664 34
-5.55321 4.88904 34
-5.63249 5.01858 34
-5.22094 5.23032 34
-5.05957 4.67358 34
-5.35566 5.21808 34
-5.12748 4.7488 34
-5.23747 5.32903 34
-5.02084 5.26035 34
-5.38823 4.95156 34
-5.12562 5.13786 34
-4.69842 4.894 34
-5.34508 4.4183 34
-5.04648 4.75914 34
-5.55566 5.23605 34
-6.19248 5.20564 34
-5.08594 5.00802 34
-5.14908 4.35568 34
-5.04298 5.44009 34
-4.96188 4.76081 34
-5.44515 4.88493 34
-5.67984 5.26889 34
-4.80379 5.16399 34
-5.03754 4.57153 34
-5.03369 5.58899 34
-5.24083 4.90574 34
-5.849 4.93825 34
-5.4729 4.99528 34
-5.42256 4.82358 34
-4.9867 5.17349 34
-5.38159 5.21633 34
-5.40461 5.05584 34
-5.11385 4.77402 34
-6.06948 5.13278 34
-5.33173 5.30677 34
-5.50702 4.14801 34
-5.32276 5.22479 34
-4.94496 4.86904 34
-5.23301 4.55036 34
10.7076 6.12874 35
8.95586 7.422 35
7.47072 6.6451 35
7.54326 5.60697 35
7.70115 7.85781 35
7.31328 6.13391 35
10.342 7.78017 35
10.2208 5.72132 35
8.6063 5.52435 35
8.59739 6.52982 35
9.48626 7.06144 35
7.06895 6.45754 35
9.29735 6.37255 35
8.78254 6.29724 35
8.55461 6.20868 35
9.58241 7.48771 35
9.17961 6.26112 35
10.2827 6.3969 35
8.47697 5.57918 35
7.86532 7.0243 35
8.77708 6.75118 35
9.69321 6.50284 35
10.5097 6.15797 35
9.13744 6.74958 35
7.11942 6.46603 35
8.70917 7.84003 35
7.99297 7.39935 35
9.49987 5.57967 35
7.41256 6.30731 35
9.21137 6.20568 35
8.692 7.08979 35
9.79689 5.29669 35
7.88903 6.13258 35
8.39542 6.85043 35
8.63343 6.90345 35
9.80104 6.50905 35
8.51311 7.2491 35
9.31423 6.00026 35
7.85535 5.67044 35
9.25871 5.26793 35
9.41341 6.21964 35
-7.86048 -4.3231 36
-8.24747 -2.26421 36
-7.9611 -4.72361 36
-8.52682 -3.07914 36
-8.10562 -3.29108 36
-8.04885 -2.83102 36
-8.35223 -2.87435 36
-8.25466 -3.3971 36
-8.28932 -2.93588 36
-8.3627 -2.6535 36
-8.31946 -3.06046 36
-8.14733 -2.9217 36
-8.37506 -3.4885 36
-8.27098 -3.04337 36
-8.17363 -3.57574 36
-8.19607 -4.02576 36
-7.81548 -4.45316 36
-7.97896 -3.77518 36
-8.02188 -3.43859 36
-7.99346 -3.46663 36
-8.27351 -2.94793 36
-8.19068 -3.67104 36
-8.28844 -2.75852 36
-8.52334 -2.23945 36
-8.2922 -3.86316 36
-8.4452 -3.29465 36
-8.18946 -3.15676 36
-8.23349 -4.02385 36
-8.16551 -3.48426 36
-8.36358 -3.3064 36
-8.39868 -3.04568 36
-8.33023 -3.11704 36
-8.49484 -3.44643 36
-8.41152 -3.34088 36
-8.21187 -3.57013 36
-8.56413 -3.64579 36
-8.0154 -4.00883 36
-8.24458 -3.38177 36
-8.22839 -3.00817 36
-8.36981 -2.03134 36
-8.032 -3.10378 36
-8.37807 -3.99146 36
-8.21832 -4.46746 36
-8.34302 -3.05121 36
-8.11683 -2.72261 36
-8.29868 -3.46818 36
-7.99583 -4.5866 36
-8.61422 -2.69794 36
-8.56376 -3.11449 36
-8.3018 -2.83571 36
-8.0277 -4.46292 36
-7.97204 -2.91018 36
-8.46661 -2.9756 36
-8.36428 -3.62259 36
-8.71205 -2.16658 36
-8.4211 -3.5091 36
-7.8612 -3.27124 36
-8.10169 -3.31112 36
-8.35636 -2.80177 36
-8.1465 -3.61537 36
-8.1294 -2.88798 36
-8.07246 -2.65246 36
-8.34762 -3.33536 36
-7.92544 -3.62359 36
-8.18953 -3.32042 36
-8.14359 -3.41883 36
-8.26504 -3.46243 36
-8.03898 -3.01081 36
-8.23809 -3.13047 36
-8.18628 -3.36764 36
5.69895 -6.5406 37
5.78375 -6.22862 37
6.06228 -6.48559 37
6.59716 -6.51735 37
5.7116 -6.57171 37
5.73031 -6.77698 37
6.30577 -6.70434 37
5.49597 -6.59176 37
6.03176 -6.68839 37
5.87379 -5.9487 37
6.19786 -6.56463 37
5.72897 -6.58002 37
5.49973 -6.67788 37
5.78114 -6.54704 37
5.04904 -6.43937 37
5.93279 -6.83414 37
6.6222 -7.16593 37
5.61583 -6.4722 37
5.78013 -6.38166 37
5.91235 -6.44923 37
5.93823 -6.43205 37
5.44724 -6.43564 37
5.85513 -6.4364 37
-6.19119 6.00059 38
-7.03239 5.91687 38
-7.54618 5.95426 38
-6.93603 5.88244 38
-6.75855 5.54861 38
-7.88782 6.02266 38
-7.40236 6.08183 38
-8.18507 5.51803 38
-7.39388 5.67275 38
-6.51043 5.93303 38
-7.29114 6.02329 38
-7.4814 5.57006 38
-6.85254 5.77308 38
-7.93798 5.91545 38
-7.33189 5.72482 38
-6.59573 5.66645 38
-7.90804 5.94311 38
-6.48965 5.88994 38
-8.2747 5.86418 38
-8.09277 5.6016 38
-6.81414 6.28983 38
-7.21888 5.75781 38
-7.50754 5.86336 38
-8.17225 5.9016 38
-7.521 5.86521 38
-7.7072 5.55448 38
-7.75478 5.85398 38
-7.14041 6.1501 38
-6.95389 6.18752 38
-7.22875 6.1388 38
-7.06669 6.02216 38
-6.70897 5.64868 38
-7.20403 5.78493 38
-6.7804 5.73803 38
-7.01661 5.55872 38
-6.59783 5.82124 38
-8.02264 5.80356 38
-6.44305 5.84437 38
-7.08891 5.45652 38
-7.75984 6.14317 38
-7.71922 6.23056 38
-6.84382 6.03194 38
-7.56236 5.65614 38
-8.00346 6.04754 38
-7.40349 6.03962 38
-7.1196 5.72655 38
-7.12057 6.17738 38
-7.50963 5.90282 38
-7.19959 5.53066 38
-6.62389 5.66848 38
-7.51618 5.89482 38
-7.55553 5.63953 38
-7.16299 6.02599 38
-8.31595 6.13403 38
-6.94717 6.11407 38
-7.54087 6.22458 38
-7.52843 6.5776 38
-7.39995 5.8441 38
-7.34756 6.20821 38
-7.48187 6.06496 38
-7.78727 5.67453 38
-7.63921 5.73611 38
-7.61743 6.23133 38
-7.62143 6.18486 38
-8.0319 5.99021 38
-7.6272 5.81222 38
-7.61846 5.56342 38
-7.02554 5.53963 38
-7.1973 5.60463 38
-7.54617 6.02922 38
-6.78909 6.06922 38
-7.20973 5.73055 38
-6.71101 5.41573 38
-8.26921 5.69554 38
-6.91064 5.88082 38
-6.39677 5.8143 38
-7.2102 5.72679 38
-8.23777 6.13042 38
-7.64638 5.94717 38
-6.75588 5.60864 38
-7.61043 5.93734 38
-7.58942 5.97581 38
-6.16308 5.76437 38
-6.81618 5.76117 38
-7.5136 5.77202 38
-6.93019 5.69274 38
-6.76355 5.66188 38
-8.2373 6.353 38
-8.19628 5.93616 38
-6.7699 6.26717 38
-6.93356 5.96756 38
-7.92732 5.72587 38
-8.67214 6.10168 38
-7.03842 5.91793 38
-7.47666 5.93764 38
-6.74986 5.50369 38
-7.36502 6.17173 38
-7.1971 5.88445 38
-7.24554 6.02473 38
-8.26481 6.15999 38
-7.81168 6.16567 38
-6.37181 5.47163 38
1.69712 -7.48967 39
1.74573 -7.51549 39
1.59841 -7.59435 39
1.71267 -7.68885 39
1.75962 -7.56148 39
1.69682 -7.49183 39
1.7067 -7.57526 39
1.60431 -7.64318 39
1.64074 -7.59243 39
1.61613 -7.61483 39
1.68245 -7.60789 39
1.55808 -7.53941 39
1.67082 -7.66263 39
1.59083 -7.56534 39
1.73424 -7.40879 39
1.84307 -7.59732 39
1.71866 -7.63277 39
1.65152 -7.65269 39
1.73909 -7.4423 39
1.53635 -7.58439 39
1.76585 -7.50464 39
1.78542 -7.61467 39
1.86748 -7.43653 39
1.63427 -7.62626 39
1.63075 -7.67056 39
1.68579 -7.65575 39
1.6457 -7.49339 39
1.6403 -7.4981 39
1.76399 -7.58594 39
1.67661 -7.56259 39
1.61045 -7.64183 39
1.81069 -7.53983 39
1.77513 -7.45969 39
1.60141 -7.61739 39
1.58086 -7.67494 39
1.68784 -7.57997 39
1.76728 -7.57035 39
1.81903 -7.5958 39
1.5385 -7.67515 39
1.71103 -7.31853 39
1.67581 -7.62266 39
1.53084 -7.64497 39
1.50006 -7.74917 39
1.71339 -7.49558 39
1.84676 -7.57565 39
1.69864 -7.56024 39
1.70896 -7.57686 39
1.50631 -7.68552 39
1.59789 -7.62787 39
1.63328 -7.63209 39
1.66699 -7.64866 39
1.74073 -7.5225 39
1.74791 -7.63537 39
1.5498 -7.71817 39
1.65539 -7.55117 39
1.83305 -7.518 39
1.79668 -7.46128 39
1.66042 -7.67496 39
1.67966 -7.49603 39
1.77311 -7.61879 39
1.56135 -7.64685 39
1.54409 -7.57941 39
1.72619 -7.67482 39
1.6759 -7.49662 39
1.79269 -7.45277 39
1.66036 -7.55598 39
1.64623 -7.58838 39
1.57577 -7.67376 39
1.75214 -7.59658 39
1.66683 -7.45283 39
1.76727 -7.42443 39
1.62097 -7.64871 39
1.83036 -7.50186 39
1.68812 -7.51455 39
1.55442 -7.72512 39
1.62915 -7.57728 39
1.73997 -7.57104 39
1.74071 -7.51395 39
1.60171 -7.56816 39
1.5913 -7.66214 39
1.67632 -7.66325 39
1.56046 -7.77442 39
1.65395 -7.63015 39
1.60712 -7.67181 39
1.64998 -7.467 39
1.56611 -7.67591 39
1.87035 -7.41477 39
1.67768 -7.54516 39
1.62504 -7.74494 39
1.54359 -7.63324 39
1.63507 -7.63459 39
1.63303 -7.60545 39
1.52547 -7.68294 39
1.7691 -7.47579 39
1.67579 -7.49029 39
1.5463 -7.66973 39
1.53721 -7.67348 39
