6.02477 -0.811015 0
5.86859 0.34307 0
5.79658 1.38448 0
6.15737 -0.972481 0
5.67088 -1.36531 0
6.29528 -2.27708 0
5.63478 -1.28771 0
6.7993 0.378719 0
5.92112 1.71093 0
5.18476 -0.0992333 0
4.89522 1.16163 0
6.41415 0.181643 0
5.07546 0.507576 0
5.79046 0.472621 0
6.57817 -0.877446 0
6.33531 -0.715313 0
6.06336 -0.500264 0
6.44365 -0.646756 0
6.20283 -0.507782 0
6.01499 -0.697574 0
6.42213 0.04895 0
6.45681 -0.0244505 0
4.63555 -0.935988 0
6.03014 -0.553976 0
7.53074 -1.02876 0
5.04504 0.731934 0
5.84543 -0.818138 0
5.77998 1.21329 0
5.60518 0.314208 0
6.91135 -0.215696 0
6.88658 0.0824794 0
6.51701 -1.49187 0
5.28035 0.245579 0
5.64678 1.39658 0
5.76805 1.29975 0
6.67549 -1.1215 0
5.18325 -0.438688 0
6.18768 1.08736 0
7.56563 -0.193662 0
5.19813 -0.348361 0
5.3145 2.84053 0
6.26477 0.624466 0
5.24777 -0.741517 0
7.02244 0.462961 0
4.97834 -0.46416 0
4.73644 0.950266 0
6.86411 0.289455 0
6.23157 -0.900315 0
6.20832 -0.671445 0
5.68878 0.522932 0
6.63325 -1.56284 0
6.06884 0.01474 0
7.47377 -1.61958 0
5.45702 -0.757385 0
5.23288 -0.914383 0
7.0302 -0.413602 0
4.71727 0.597953 0
5.88271 1.13792 0
4.8154 -0.0744062 0
6.30696 -0.269344 0
5.44866 1.80297 0
6.13023 -1.32166 0
5.91339 0.511223 0
5.55545 -1.57683 0
6.04103 -1.12665 0
6.4368 -0.542899 0
6.0502 -2.16291 0
6.39928 -1.31126 0
6.26916 -0.887521 0
6.4881 -0.315858 0
7.04054 0.222838 0
6.78685 0.68329 0
6.3771 0.117145 0
6.56213 -1.52258 0
6.2823 -1.10847 0
7.04071 0.461897 0
5.6253 0.930566 0
5.49026 -0.433757 0
5.60548 -0.604618 0
6.4911 -1.03676 0
4.85515 -0.650252 0
6.01627 0.93819 0
5.36455 0.748035 0
4.9012 1.73562 0
6.50999 0.0444688 0
5.4072 1.08663 0
5.65048 -0.660992 0
6.15693 -1.07481 0
6.61674 -0.570018 0
6.6211 -1.40874 0
6.22521 -0.0347834 0
5.16469 0.126523 0
5.16316 1.631 0
6.33508 -2.19553 0
6.39084 -1.10637 0
5.22532 1.81838 0
5.97125 0.168224 0
5.65251 0.468267 0
6.23849 -0.327013 0
5.41059 -0.383247 0
6.95606 -0.793937 0
6.75914 0.444536 0
4.40175 0.254103 0
7.07501 -5.57189 1
7.00324 -6.74499 1
6.76986 -5.55942 1
6.60803 -7.39237 1
6.80162 -6.82605 1
6.86477 -6.29424 1
6.004 -6.22063 1
6.79903 -5.18474 1
6.76131 -6.72406 1
6.72076 -6.24011 1
6.59255 -5.09656 1
7.01571 -4.88114 1
6.6721 -5.70395 1
6.40751 -4.4781 1
6.79742 -3.73495 1
6.34152 -6.58239 1
6.17174 -5.24378 1
6.20804 -6.25365 1
6.90816 -6.74406 1
6.28654 -5.84902 1
6.61917 -7.20137 1
6.20235 -5.10928 1
6.37048 -5.00507 1
7.02641 -6.28119 1
5.86677 -6.30091 1
6.70259 -5.75968 1
6.31492 -5.57905 1
5.93177 -5.05659 1
6.11082 -5.62371 1
6.22998 -4.53911 1
6.33322 -5.83075 1
-5.88147 -7.73536 2
-5.74994 -9.1477 2
-5.55505 -7.3692 2
-5.71843 -9.05434 2
-5.74918 -7.88568 2
-5.75891 -8.00071 2
-5.76709 -8.53978 2
-5.82499 -10.3604 2
-5.78284 -7.17768 2
-5.63949 -7.99404 2
-5.89736 -9.204 2
-5.85449 -9.80241 2
-5.905 -8.22362 2
-5.8484 -9.88449 2
-6.13672 -8.25688 2
-5.88195 -5.84864 2
-5.79345 -9.94047 2
-5.75884 -8.75448 2
-5.65445 -6.55346 2
-5.69839 -8.34057 2
-5.74817 -5.74242 2
-5.75813 -7.34583 2
-5.70963 -8.86165 2
-5.81867 -7.34568 2
-5.87023 -7.57093 2
-5.77254 -7.80415 2
-5.87246 -8.83083 2
-5.6703 -8.37177 2
-5.94695 -8.39239 2
-5.93856 -8.62974 2
-5.59714 -8.46155 2
-5.64562 -8.01065 2
-5.62065 -7.00722 2
-5.75387 -7.10086 2
-5.68745 -7.49098 2
-5.93462 -7.9882 2
-5.81506 -9.37887 2
-5.73124 -6.38966 2
-5.74136 -8.1265 2
-5.86139 -7.33901 2
-5.93859 -9.9135 2
-5.93752 -9.35412 2
-6.03729 -7.63196 2
-5.80669 -7.59776 2
-5.68763 -6.27355 2
-5.85442 -9.44465 2
-5.79542 -8.12408 2
-5.90755 -7.42631 2
-5.92639 -9.14244 2
-6.10611 -7.17211 2
-5.79515 -7.69007 2
-5.93547 -8.82866 2
-5.70768 -8.02159 2
-5.75981 -8.55464 2
-5.73612 -7.44995 2
-5.93475 -6.06329 2
-5.85596 -9.3356 2
-5.60887 -6.69034 2
-6.01947 -9.36531 2
-5.82145 -8.80017 2
-5.74074 -9.09044 2
-5.77544 -7.40241 2
-5.79731 -8.33668 2
-5.95878 -11.1253 2
-5.85143 -8.69016 2
-5.76547 -6.82721 2
-5.80849 -6.98561 2
-5.9774 -8.77538 2
-5.8723 -9.02195 2
-5.91516 -7.89485 2
-5.82007 -6.92145 2
-5.71421 -6.00439 2
-5.94185 -8.8605 2
-5.80772 -7.05939 2
-5.99003 -9.54674 2
-5.66029 -7.61731 2
-5.92698 -8.98597 2
-5.72343 -9.63924 2
-5.83494 -9.44118 2
-5.67147 -9.57483 2
-5.90303 -8.03964 2
-5.4942 -8.48852 2
-5.91209 -4.48728 3
-4.98284 -5.17945 3
-5.64943 -4.8295 3
-6.42093 -4.12858 3
-5.86942 -4.52463 3
-6.53573 -3.75106 3
-6.28227 -4.59833 3
-4.83573 -5.95442 3
-7.19477 -3.23202 3
-5.62155 -4.55861 3
-5.2946 -5.32915 3
-6.4022 -4.03636 3
-5.62138 -4.39746 3
-5.95425 -4.54735 3
-5.40679 -5.30146 3
-4.70669 -5.43984 3
-5.93152 -4.99518 3
-5.86802 -4.61138 3
-5.49302 -4.658 3
-5.80698 -4.51471 3
-5.58622 -4.84098 3
-5.02696 -5.52815 3
-6.98756 -3.77355 3
-5.46396 -5.22688 3
-5.31476 -5.36647 3
-5.91855 -4.39761 3
-4.79436 -5.97985 3
-6.32992 -3.67674 3
-5.69727 -4.94323 3
-6.1261 -4.98249 3
-5.93449 -4.06223 3
-6.16742 -3.90461 3
-6.05235 -4.18758 3
-6.1204 -4.02998 3
-6.63656 -3.50109 3
-4.78057 -5.52604 3
-5.63633 -4.71053 3
-5.91986 -4.61944 3
-6.04737 -4.52186 3
-5.53406 -4.49172 3
-6.35731 -3.89053 3
-6.05719 -4.19187 3
-5.89571 -4.82593 3
-6.16169 -4.05608 3
-6.00885 -4.10652 3
-4.45642 -6.36532 3
-5.99816 -4.83173 3
-5.48122 -4.95446 3
-5.2318 -5.37648 3
-5.66788 -5.17182 3
-5.83521 -4.94703 3
-6.37117 -4.21327 3
-5.08372 -5.1976 3
-6.36909 -3.95261 3
-5.76656 -4.45196 3
-6.09218 -4.40874 3
-6.26715 -4.32039 3
-4.91825 -5.33215 3
-6.10477 -4.19499 3
-6.32161 -4.10136 3
-5.32722 -5.08952 3
-6.44674 -4.17332 3
-5.75021 -4.55195 3
-5.29381 -5.14358 3
-5.16927 -5.05061 3
-6.00929 -4.46021 3
-5.49473 -4.81398 3
-5.37177 -4.91614 3
-6.73187 -3.99271 3
-5.11865 -5.21443 3
-5.75552 -4.9831 3
-5.06554 -5.67286 3
-6.32305 -3.88961 3
-5.80754 -4.42851 3
-6.33371 -4.35132 3
-5.38974 -4.87091 3
-5.62211 -4.95424 3
-6.07267 -3.96137 3
-4.81299 -5.4901 3
-5.18275 -4.90248 3
-6.07049 -4.06905 3
-5.66226 -4.67515 3
-5.94156 -4.54883 3
-5.67765 -4.25415 3
-5.8565 -4.61077 3
-4.59143 -6.19478 3
-6.29376 -4.29786 3
-6.20768 -4.36302 3
-5.95451 -4.67079 3
-4.5797 -5.8104 3
-6.37171 -3.68356 3
-5.09976 -5.36664 3
-6.51773 -3.86266 3
-5.66657 -4.83691 3
-5.75406 -4.91809 3
-5.43022 -5.17247 3
-5.61539 -4.94398 3
-6.26314 -3.8583 3
-5.96985 -4.62061 3
-5.0055 -5.78299 3
-6.06946 -4.23932 3
-6.17397 -4.18907 3
-4.86762 -5.51654 3
7.46642 8.66613 4
7.7208 7.96202 4
6.16613 9.60655 4
6.16858 8.39044 4
5.72499 8.77297 4
7.78156 9.26073 4
5.99975 8.14414 4
5.86607 9.51021 4
6.70622 9.02282 4
6.18305 8.56202 4
6.61243 7.74876 4
6.25957 8.23201 4
7.76788 7.6231 4
7.27296 9.72257 4
7.26829 8.60272 4
9.04384 9.05205 4
6.47047 8.62512 4
7.4527 8.69432 4
7.91889 9.07067 4
10.284 9.34818 4
7.40029 9.74905 4
7.95539 9.19031 4
6.67468 9.4914 4
4.69073 8.21057 4
7.8223 9.27064 4
6.3614 7.98358 4
7.14621 9.70132 4
7.19353 9.30125 4
6.45185 8.64014 4
7.9559 9.14836 4
6.0944 8.95993 4
6.92453 9.47773 4
6.9876 9.18688 4
7.92558 9.36589 4
7.35484 8.75435 4
7.13939 8.41872 4
8.833 8.5302 4
5.57572 8.91656 4
5.0107 8.17605 4
5.96101 9.0842 4
6.90727 9.23938 4
6.03953 9.19873 4
5.78238 8.87939 4
5.69702 9.41079 4
6.32646 8.91288 4
7.12884 9.43502 4
6.97504 9.44416 4
6.22965 9.02461 4
7.44164 9.96153 4
5.9102 8.09175 4
7.22866 8.58313 4
7.96014 9.00447 4
7.75886 7.58624 4
7.03756 9.14688 4
6.93523 9.17634 4
7.67728 9.43312 4
7.65037 8.60606 4
6.91849 9.33002 4
6.48592 8.64352 4
6.42127 8.78029 4
6.3297 9.1427 4
7.69156 9.15848 4
8.26971 9.51684 4
6.05431 8.7118 4
6.38518 8.41644 4
6.4908 8.86365 4
6.24106 9.8217 4
6.96712 8.01692 4
7.71743 7.99883 4
6.8966 9.37701 4
7.00839 9.05404 4
7.87845 8.94891 4
7.42544 9.37421 4
6.17042 9.29176 4
6.59862 8.97209 4
6.91903 8.44755 4
7.9681 9.58587 4
5.96407 8.76798 4
7.66679 10.553 4
7.20959 7.68072 4
5.32412 8.59784 4
7.05477 8.48749 4
7.43586 9.61979 4
8.18981 9.32003 4
7.86123 8.7576 4
7.76867 9.61096 4
6.28779 9.10336 4
7.90969 8.74702 4
6.18159 9.22138 4
7.93501 9.09008 4
6.58557 9.24122 4
5.77364 8.14334 4
7.53764 9.24235 4
7.56312 9.1493 4
6.53878 8.39973 4
7.77788 8.75881 4
-0.360079 -9.10905 5
0.189487 -10.0127 5
0.466433 -8.71963 5
-0.244291 -8.47783 5
-0.0213972 -7.31281 5
0.362512 -8.87841 5
-0.0592932 -10.2135 5
-0.0144287 -9.5498 5
-0.394984 -9.38708 5
-0.0352047 -9.25598 5
0.330199 -9.87978 5
-0.217853 -9.24414 5
0.134232 -8.55685 5
0.241913 -10.46 5
-0.300872 -9.3386 5
-0.224115 -9.58212 5
0.0987458 -8.31684 5
-0.293652 -9.64939 5
-0.147468 -7.27939 5
0.0354401 -10.0261 5
0.0250468 -9.01663 5
-0.0438126 -8.41466 5
-0.0227575 -9.13348 5
-0.126983 -7.99618 5
-0.3387 -10.309 5
0.0563702 -10.1045 5
-0.211387 -8.71576 5
0.283177 -9.50513 5
0.212293 -10.406 5
-0.197549 -10.5999 5
0.117629 -10.0036 5
-0.246541 -9.847 5
0.433331 -6.81036 5
0.0532821 -10.1144 5
0.0624942 -8.86987 5
0.220495 -10.4419 5
-0.0264542 -9.56595 5
-0.0583169 -10.2306 5
0.373342 -9.02553 5
0.195768 -10.1341 5
-0.32356 -9.56951 5
0.170482 -10.8776 5
0.226746 -9.65227 5
-0.222707 -12.1738 5
-0.132745 -10.5524 5
-0.397009 -10.1517 5
0.0730119 -9.30096 5
0.246038 -9.29351 5
0.169522 -8.59864 5
-0.00775006 -9.4215 5
0.270835 -8.77276 5
-0.305014 -9.68731 5
0.209435 -10.3207 5
0.0450721 -10.6904 5
0.213347 -10.7834 5
0.00760431 -11.0774 5
0.181243 -9.26386 5
-0.0516218 -11.6015 5
0.0910957 -10.5012 5
-0.396151 -10.7932 5
0.337323 -9.04065 5
-0.455781 -9.42125 5
-0.125515 -10.1005 5
-0.410986 -10.8622 5
0.258673 -9.09305 5
-0.190972 -11.1573 5
0.385721 -8.27397 5
0.14716 -8.40058 5
-0.115939 -9.99192 5
0.162597 -8.76874 5
-0.42427 -10.8142 5
-0.0826373 -11.2815 5
0.25496 -9.86732 5
0.127504 -8.36316 5
-0.23813 -10.6236 5
-3.89451 10.0049 6
-6.66815 9.6068 6
-5.79708 9.62319 6
-7.34222 10.1504 6
-7.54912 10.3293 6
-6.03931 10.0047 6
-4.95747 8.32263 6
-7.00026 9.43484 6
-6.15077 11.5369 6
-6.35326 11.0589 6
-4.55434 10.0855 6
-6.49777 9.27373 6
-6.81477 10.3811 6
-8.53208 9.4649 6
-5.32513 8.97462 6
-3.43367 8.21394 6
-4.81093 10.1034 6
-6.56257 11.3214 6
-8.03013 8.89183 6
-6.06928 11.499 6
-6.07394 9.5634 6
-5.98092 10.7295 6
-7.24728 10.1023 6
10.1821 -5.47865 7
9.80605 -8.62338 7
10.0539 -6.74189 7
10.068 -8.62703 7
9.30355 -6.36685 7
9.17457 -7.67822 7
9.17858 -7.18112 7
9.85912 -6.41208 7
10.6322 -6.60055 7
9.57732 -8.48092 7
9.63082 -6.3365 7
9.86239 -7.91016 7
10.1148 -6.39906 7
10.0828 -8.21926 7
10.0833 -6.70325 7
8.98222 -6.16194 7
9.23051 -6.64242 7
11.0146 -6.88599 7
9.92273 -6.18495 7
9.43055 -6.45706 7
9.86414 -7.82009 7
8.60391 -8.24643 7
8.85279 -8.0652 7
9.22838 -6.7878 7
9.80838 -6.539 7
8.36032 -6.9825 7
9.72523 -8.14286 7
10.0299 -4.7916 7
8.88695 -6.18742 7
9.31948 -8.65162 7
-9.04092 7.11924 8
-9.40269 6.96701 8
-9.06148 7.15652 8
-9.26235 6.90784 8
-10.0406 7.10054 8
-9.13509 7.17815 8
-9.18392 6.9931 8
-10.0458 7.18368 8
-9.20701 7.10657 8
-9.02546 7.11879 8
-8.73731 7.05259 8
-8.9681 7.11326 8
-8.89903 7.08672 8
-8.57375 7.03734 8
-9.28405 7.12095 8
-8.90434 7.06984 8
-8.75909 7.00272 8
-8.76591 7.06417 8
-9.43724 7.0956 8
-8.58758 7.1995 8
-8.83544 7.04897 8
-8.7576 7.04904 8
-10.1057 7.15278 8
-9.41344 7.09584 8
-9.47088 7.03671 8
-9.41217 6.8914 8
-9.02425 7.19979 8
-9.71686 7.02112 8
-9.08072 7.09561 8
-9.10273 7.0035 8
-9.10123 7.21674 8
-9.49177 7.02522 8
-9.6334 7.10306 8
-9.95863 7.07808 8
-9.40497 7.11825 8
-9.4561 7.11712 8
-8.02828 7.1642 8
-8.50207 6.8981 8
-9.24907 7.00251 8
-10.5364 7.14957 8
-9.0591 7.15223 8
-9.57434 7.05106 8
-8.95465 6.88896 8
-9.54886 7.17547 8
-9.05078 7.07775 8
-8.63382 7.09645 8
-9.68417 7.19588 8
-8.50797 6.99113 8
-8.85443 7.01852 8
-9.41091 7.16643 8
-9.1766 7.24759 8
-8.72466 6.96114 8
-9.0535 7.17734 8
-8.71705 7.12891 8
-9.03283 7.1392 8
-9.38083 6.96428 8
-9.36423 7.01068 8
-8.79673 7.08421 8
-9.83969 7.16562 8
-9.6172 7.12401 8
-8.17767 7.17841 8
-8.58902 7.02151 8
-9.4753 6.96774 8
-8.46286 7.07455 8
-10.3521 7.15641 8
-9.40559 7.00715 8
-9.2201 7.10121 8
-9.38268 7.12975 8
-8.64541 7.10552 8
-8.84263 7.08252 8
-9.22967 6.99264 8
-9.21844 7.03263 8
-8.86183 7.09493 8
-10.07 7.04295 8
-9.50068 7.03299 8
-9.15391 7.14722 8
-9.14934 6.93226 8
-6.56135 -0.45191 9
-7.05723 -0.242684 9
-6.40078 -0.0904936 9
-7.35266 -0.91892 9
-7.01804 0.005599 9
-6.51782 -0.368259 9
-6.11638 -0.685496 9
-7.73949 -0.663405 9
-6.92171 -0.54119 9
-5.28405 -0.643296 9
-5.74592 -0.892168 9
-6.59939 -0.437571 9
-7.69045 -0.711742 9
-6.43201 -0.812607 9
-5.83668 -0.726941 9
-7.25616 -0.320833 9
-6.25153 -0.445703 9
-6.51822 -0.666903 9
-6.32404 -0.7346 9
-4.84288 -0.738815 9
-6.88718 -0.795331 9
-7.27146 -0.286834 9
-6.79284 -0.124852 9
-6.78309 -0.360775 9
-6.81914 -0.513982 9
-6.57191 -0.568349 9
-6.49891 -0.706999 9
-5.78636 -0.792745 9
-6.91475 -0.169704 9
-6.67964 -0.427389 9
-6.34324 -0.264619 9
-6.53511 -0.280942 9
-7.475 -0.701643 9
-6.70344 0.0556892 9
-7.2476 -0.642863 9
-6.07765 0.0547844 9
-6.05972 -0.245684 9
-6.45905 -0.889601 9
-7.1827 -0.316932 9
-6.46995 -1.23222 9
-6.49872 -0.289979 9
-7.01532 -0.452963 9
-7.12536 0.276629 9
-6.04366 0.0152996 9
1.79129 6.89437 10
1.733 7.04057 10
2.06139 7.65402 10
0.89491 7.77607 10
1.05685 7.25394 10
1.95472 7.34619 10
0.53019 8.55593 10
0.827763 7.67641 10
1.01268 6.70558 10
0.477239 8.11916 10
0.879179 7.75666 10
1.20819 7.66189 10
1.72751 6.89901 10
1.53263 7.10659 10
3.41354 6.06746 10
1.59512 8.00844 10
1.07982 7.92899 10
2.23908 7.29397 10
2.03081 6.60647 10
1.90811 6.37626 10
0.283204 8.80608 10
1.08417 8.4713 10
3.16901 6.41095 10
2.72791 6.33051 10
-0.123398 7.97553 10
1.5223 8.04244 10
0.00861061 7.68026 10
0.67832 7.81264 10
0.274392 8.77254 10
1.57214 7.33663 10
1.52246 7.74562 10
2.02618 7.34656 10
0.230607 8.10319 10
0.640121 8.22058 10
0.10764 8.30583 10
0.514637 7.73484 10
0.726729 7.66407 10
1.07788 8.40956 10
0.756021 8.1602 10
2.4852 6.07744 10
3.08534 5.71268 10
1.17374 7.63406 10
1.3246 6.7636 10
1.40286 7.31434 10
1.48362 7.62152 10
2.02694 6.6634 10
1.69909 7.26872 10
1.16882 7.38826 10
1.58145 7.55281 10
1.64851 7.56368 10
1.88524 6.49528 10
2.30695 7.25694 10
1.47129 7.28391 10
1.22112 7.93812 10
0.983787 7.49248 10
-0.238296 8.8602 10
1.56984 7.62551 10
1.46773 7.41882 10
0.0955975 8.36804 10
0.65373 8.23068 10
0.322024 8.81831 10
0.973596 8.08588 10
1.2928 7.36073 10
-7.45768 8.28238 11
-7.74673 8.78174 11
-7.45375 8.0225 11
-7.45309 8.03286 11
-7.47299 8.00461 11
-7.42575 9.05436 11
-7.58217 6.17621 11
-7.5794 9.04235 11
-7.54857 7.79695 11
-7.59993 8.20284 11
-7.39446 8.06543 11
-7.61507 9.42922 11
-7.49301 8.35405 11
-7.49755 8.91781 11
-7.56282 8.73705 11
-7.64101 9.04944 11
-7.46568 7.25113 11
-7.57704 8.20613 11
-7.51483 9.36699 11
-7.30631 8.98422 11
-7.53264 9.85676 11
-7.48306 8.27841 11
-7.58528 8.34728 11
-7.6834 8.59535 11
-7.57253 8.3223 11
-7.39738 8.51875 11
-7.55941 9.00335 11
-7.42609 8.13236 11
-7.38214 9.38892 11
-7.50921 7.89977 11
-7.62079 9.45534 11
-7.5193 9.68804 11
-7.30978 8.23759 11
-7.51159 8.6316 11
-7.59159 9.76561 11
-7.6424 8.3493 11
-7.51482 8.41989 11
-7.6139 7.85521 11
-7.61897 8.6447 11
-7.52041 7.54643 11
-7.50511 9.44007 11
-7.48661 9.50115 11
-7.44463 8.87326 11
-7.42008 9.4253 11
-7.70583 9.06459 11
-7.45868 8.9104 11
-7.5657 7.49885 11
-7.58006 9.17731 11
-7.69214 8.21059 11
-7.64102 7.45649 11
-7.65237 10.0183 11
-7.4318 8.64106 11
-7.4634 8.04995 11
-7.55109 8.50022 11
-7.60701 8.62574 11
-7.55158 9.23315 11
-7.53844 9.35562 11
-7.66655 8.05659 11
-7.44472 8.8138 11
-7.32678 8.68511 11
-7.71902 8.93051 11
-7.36226 8.49837 11
-7.45713 8.57941 11
-7.54403 8.99533 11
-7.70648 9.37295 11
-7.55783 8.84959 11
-7.6515 9.37714 11
-3.34897 0.489988 12
-4.25455 1.24118 12
-2.92466 3.16717 12
-2.14583 2.77334 12
-2.58311 1.3261 12
-1.78298 0.503936 12
-3.23533 0.451617 12
-1.77048 0.307011 12
-3.04237 0.279033 12
-2.31384 -0.340416 12
-2.34132 -0.0512271 12
-3.70195 1.63181 12
-3.23081 1.81847 12
-3.12017 -0.838272 12
-3.45865 -0.970525 12
-2.39614 -1.00251 12
-3.59285 -0.0146902 12
-2.64528 -0.763642 12
-2.90561 -0.817087 12
-2.90431 -1.11969 12
-3.03015 0.69611 12
-3.18551 1.32 12
-3.34913 0.36325 12
-1.94224 -0.849061 12
-2.97907 1.13872 12
-2.2746 0.689031 12
-2.16573 -0.738597 12
-4.16649 0.166935 12
-2.77682 -0.640579 12
-2.62985 0.395546 12
-3.02357 -0.698348 12
-2.99443 0.00860934 12
-4.12064 -0.574551 12
-2.03769 0.25035 12
-2.82803 0.516919 12
-3.88488 -0.590499 12
-2.38331 0.741953 12
-2.40771 -0.972533 12
-3.30229 -2.14482 12
-3.03118 -0.935715 12
-3.25299 -0.285253 12
-3.24495 -0.516456 12
-2.97464 1.60501 12
-3.85479 0.41828 12
-3.70977 1.41848 12
-3.67695 0.0353753 12
-3.37189 1.31263 12
-1.55944 -0.194946 12
-2.20267 0.106731 12
-2.69935 -0.211761 12
-2.90791 -0.485494 12
-2.83931 -1.65259 12
-3.07504 -0.615561 12
-1.60681 -0.392232 12
-2.87345 0.734044 12
-2.14551 -0.306325 12
-3.49833 -0.373932 12
-3.37178 -0.158106 12
-2.89352 0.950222 12
-3.88645 1.02037 12
-3.89641 1.11835 12
-4.11581 -0.774334 12
-2.62028 1.80244 12
-2.93155 -0.745863 12
-4.51575 2.91116 12
-2.53284 1.17502 12
-3.52021 0.452687 12
3.50002 -7.29002 13
2.47205 -5.94216 13
3.81895 -5.43127 13
3.01455 -4.42533 13
3.49822 -4.9805 13
3.03011 -6.34316 13
3.3622 -7.48624 13
4.03881 -7.70288 13
3.27574 -6.89353 13
3.86839 -6.66333 13
3.32421 -6.7045 13
3.6194 -4.74748 13
3.77146 -5.6336 13
3.77702 -4.71994 13
3.29758 -6.29823 13
3.78317 -7.20612 13
4.44821 -4.99811 13
4.71184 -4.82523 13
4.07557 -3.70027 13
3.27502 -5.4386 13
2.9902 -5.64914 13
4.33063 -5.99889 13
4.1174 -7.15249 13
3.39642 -7.71985 13
3.87227 -4.23469 13
3.18072 -4.30704 13
3.86418 -5.13567 13
3.35269 -7.21917 13
3.39845 -6.39317 13
3.46497 -4.83943 13
4.1421 -6.19335 13
4.28922 -5.61154 13
3.24317 -4.7089 13
4.06374 -5.50263 13
3.8567 -3.51737 13
3.48333 -5.33231 13
2.77622 -6.9426 13
3.38207 -8.10095 13
3.33129 -6.00228 13
3.63045 -5.09164 13
3.12062 -6.1353 13
4.3712 -4.16081 13
4.51608 -5.6749 13
3.30841 -6.63698 13
3.44211 -4.62169 13
3.90859 -4.54203 13
2.77256 -5.04918 13
3.99849 -5.47985 13
4.34526 -5.29754 13
3.04262 -5.70019 13
3.71587 -7.34322 13
3.01227 -5.89492 13
3.13411 -7.24699 13
2.93014 -6.38279 13
3.34586 -6.01377 13
3.77839 -4.13349 13
3.36022 -6.84148 13
4.02596 -4.67176 13
3.83093 -5.08066 13
3.31498 -6.12763 13
2.8895 -9.25216 13
3.22782 -5.13165 13
3.40147 -5.58427 13
3.15441 -6.98336 13
3.34314 -4.72684 13
4.33378 -6.27697 13
3.15755 -7.34889 13
3.56025 -5.0221 13
4.21443 -5.01914 13
2.89648 -6.3474 13
3.11761 -7.06489 13
3.37427 -3.33402 13
4.14337 -3.97883 13
3.03443 -5.74259 13
3.10373 -6.04161 13
4.67276 -4.28237 13
3.11727 -6.80188 13
2.69378 -6.84515 13
3.50759 -5.94247 13
2.90938 -5.71747 13
2.91729 -7.20864 13
3.73452 -6.37595 13
-2.74821 -5.13548 14
-3.13959 -5.41925 14
-1.6461 -3.71739 14
-3.45108 -3.74983 14
-2.66848 -5.74813 14
-2.39967 -4.09131 14
-2.95007 -6.00105 14
-3.43796 -3.88571 14
-1.77832 -4.61024 14
-2.47863 -4.81541 14
-1.96547 -3.67544 14
-1.2695 -3.65502 14
-2.16205 -4.34155 14
-2.75426 -4.15135 14
-2.83102 -4.30216 14
-2.29886 -4.20153 14
-2.94956 -4.37555 14
-2.5535 -4.31722 14
-2.61232 -5.01229 14
-3.79916 -4.68747 14
-2.74152 -5.11839 14
-2.17324 -4.79304 14
-3.23691 -4.66159 14
-3.80115 -4.85158 14
-2.70815 -4.94528 14
-3.09841 -5.36077 14
-1.58392 -5.11249 14
-4.79374 -4.38805 14
-2.22789 -4.47766 14
-2.64754 -4.91067 14
-2.16037 -4.61402 14
-3.03486 -4.59743 14
-1.66815 -4.99113 14
-3.88684 -4.78977 14
-1.41288 -4.21137 14
-2.90692 -4.27683 14
-3.65928 -4.02624 14
-3.72819 -5.04176 14
-2.87944 -4.05451 14
-3.26096 -4.37993 14
-3.59836 -4.42821 14
-2.05668 -4.62735 14
-2.69788 -3.28442 14
-2.71451 -5.50346 14
-2.35317 -5.25332 14
-2.79654 -4.84839 14
-1.64805 -4.05406 14
-2.45647 -4.76234 14
-1.90439 -5.3893 14
-2.87468 -4.12847 14
-1.15558 -5.09477 14
-1.64354 -4.39657 14
-2.9698 -5.38899 14
-1.73763 -4.40792 14
-2.30643 -5.37474 14
-0.411045 -4.88946 14
-2.86457 -5.15493 14
-2.81752 -5.33722 14
-1.60509 -4.3983 14
-3.53007 -5.26016 14
-4.24907 -4.71552 14
-2.42922 -4.95327 14
-2.90281 -4.6855 14
-1.41921 -3.27682 14
-2.21791 -5.23895 14
-2.35216 -4.9466 14
-11.8205 -7.75637 15
-10.4444 -6.28764 15
-11.4679 -7.10724 15
-9.8871 -6.47842 15
-8.75032 -4.78852 15
-9.92207 -6.41366 15
-8.06767 -4.60164 15
-12.1668 -7.39004 15
-9.50697 -6.19285 15
-8.75025 -5.07195 15
-11.432 -7.03314 15
-8.18273 -4.7229 15
-10.168 -7.03446 15
-9.51688 -6.68479 15
-9.80947 -7.0172 15
-10.3546 -6.9987 15
-7.98224 -4.02054 15
-8.89081 -5.62974 15
-10.7847 -6.74124 15
-8.81511 -4.68091 15
-10.0082 -6.06901 15
-8.8721 -5.32783 15
-10.7791 -7.08998 15
-10.1742 -6.55293 15
-9.9418 -6.17404 15
-7.54541 -4.19874 15
-10.7568 -6.63889 15
-10.8663 -6.80172 15
-8.77084 -5.90263 15
-9.07803 -4.89096 15
-8.33417 -4.91282 15
-10.1138 -6.66308 15
-9.84035 -6.50309 15
-9.55299 -5.98736 15
-9.87396 -6.26863 15
-7.55405 -4.05276 15
-9.9799 -6.41286 15
-10.7169 -7.22779 15
-10.6494 -6.66301 15
-10.5913 -6.7612 15
-9.60527 -5.69466 15
-8.65666 -6.02121 15
-8.78409 -5.30586 15
-9.91068 -5.80398 15
-9.94923 -6.5737 15
-10.264 -7.03998 15
-9.2278 -7.30912 16
-9.39199 -7.12535 16
-9.25863 -7.22803 16
-9.49187 -7.01902 16
-9.36253 -7.10629 16
-9.32208 -7.22665 16
-9.32288 -7.23541 16
-9.3168 -7.24782 16
-9.45459 -7.00823 16
-9.33461 -7.1416 16
-9.30367 -7.15696 16
-9.22869 -7.32816 16
-9.32368 -7.27789 16
-9.27732 -7.23023 16
-9.29293 -7.16544 16
-9.30446 -7.2709 16
-9.31378 -7.23629 16
-9.3415 -7.21236 16
-9.24888 -7.25695 16
-9.30893 -7.22299 16
-9.23457 -7.25976 16
-4.65978 4.09761 17
-5.04228 2.73408 17
-5.29143 2.32737 17
-5.00701 2.35914 17
-5.13393 1.85648 17
-5.60401 1.61038 17
-5.31019 1.70649 17
-4.89566 3.1187 17
-3.9345 3.84659 17
-5.18935 3.10223 17
-4.86716 2.02652 17
-5.86039 2.28551 17
7.55346 2.61316 18
7.50693 2.22984 18
7.56491 3.03703 18
7.60757 1.88354 18
7.602 2.84256 18
7.46599 2.2099 18
7.56007 2.87725 18
7.58063 2.57103 18
7.51032 2.06478 18
7.54081 2.0996 18
7.47737 2.38278 18
7.54595 2.50141 18
7.53587 2.36673 18
7.49761 2.82751 18
7.53236 2.81081 18
7.68346 2.4219 18
7.60387 3.14299 18
7.73132 2.55442 18
7.60674 2.06648 18
7.52098 2.29862 18
7.5551 2.15531 18
7.56407 2.29541 18
7.57759 1.95138 18
7.54572 2.27491 18
7.58798 2.73399 18
7.46781 2.17686 18
7.55887 2.27859 18
7.57293 2.19036 18
7.65992 2.25992 18
7.59494 2.29998 18
7.5371 2.69141 18
7.63424 2.19795 18
7.59287 2.72504 18
7.49405 2.38958 18
7.57353 2.13536 18
7.56997 2.98156 18
7.48163 2.02429 18
7.57816 2.48399 18
7.5923 2.487 18
7.44266 2.6651 18
7.55984 2.51205 18
7.62518 3.18235 18
-7.55445 1.6771 19
-8.99764 1.83457 19
-8.13904 1.5671 19
-7.82988 2.05323 19
-7.6472 1.61135 19
-7.5103 1.65952 19
-8.24205 1.66948 19
-7.12593 1.61643 19
-6.37573 1.71545 19
-7.86298 1.40298 19
-7.18764 1.39861 19
-8.68436 1.66305 19
-7.86964 1.45448 19
-8.15342 1.16567 19
-8.34345 1.50944 19
-7.97134 1.5879 19
-8.05869 1.46478 19
-6.56532 1.88711 19
-8.93971 1.84782 19
-6.92768 1.39911 19
-7.07953 1.42166 19
-8.19344 2.19138 19
-7.48082 1.86377 19
-7.91529 1.96755 19
3.60059 5.73594 20
2.9611 5.04536 20
3.39036 5.55322 20
3.56747 5.96746 20
3.81032 5.86914 20
3.41183 5.56855 20
3.13456 5.21308 20
3.72887 5.63718 20
3.26333 5.22118 20
3.53721 5.50622 20
2.84429 4.90551 20
3.27427 5.49448 20
3.30713 5.51631 20
3.64353 5.65188 20
3.89979 6.21029 20
2.48282 4.63655 20
3.20324 5.52704 20
2.95865 5.13755 20
3.04877 5.07753 20
3.69592 5.88128 20
3.31783 5.76117 20
3.48716 5.5967 20
3.22415 5.28976 20
3.18754 5.26938 20
3.17699 5.392 20
4.4776 6.64777 20
2.98709 5.00626 20
2.46152 4.4458 20
4.05952 6.22532 20
3.94812 6.08566 20
3.02081 5.36595 20
2.24814 4.37266 20
3.13547 5.27326 20
2.79553 4.94101 20
2.72732 4.64863 20
3.32961 5.5788 20
3.55687 5.20388 20
3.75063 5.97345 20
3.2398 5.46384 20
3.91972 6.12588 20
3.38219 5.45501 20
-9.61212 -1.90482 21
-9.79863 -3.40592 21
-9.62185 -3.18764 21
-9.57364 -3.19074 21
-9.81182 -2.96985 21
-9.46708 -2.11516 21
-9.5981 -3.22938 21
-9.60663 -3.43728 21
-9.58524 -2.81486 21
-9.58212 -3.23147 21
-9.62753 -3.0131 21
-9.65266 -2.79361 21
-9.77764 -3.13127 21
-9.67042 -3.40302 21
-9.64492 -3.27787 21
-9.70844 -3.13926 21
-9.73993 -3.12863 21
-9.55193 -3.28119 21
-9.50939 -2.72506 21
-9.62646 -3.53649 21
-9.64623 -3.05493 21
-9.61235 -2.60708 21
-9.72199 -4.43715 21
-9.69035 -3.28058 21
-9.70942 -3.03403 21
-9.61116 -2.80285 21
-9.67542 -3.33529 21
-9.58133 -3.26421 21
-9.6504 -2.90709 21
-9.70106 -3.51982 21
-9.60576 -3.42852 21
-9.66638 -2.61417 21
-9.52188 -2.57708 21
-9.67621 -2.61637 21
-9.58244 -3.21752 21
-9.61025 -3.0762 21
-9.71515 -3.55166 21
-9.74659 -4.07142 21
-9.69774 -3.27435 21
-9.57206 -2.77559 21
-9.83047 -3.12507 21
-9.78174 -2.55788 21
-9.65349 -2.9936 21
-9.68962 -3.66388 21
-9.56271 -3.4273 21
-9.65307 -3.21011 21
-9.7588 -3.02436 21
-9.63272 -2.77623 21
-9.60836 -2.92123 21
-9.56274 -3.14488 21
-9.6852 -3.47061 21
-9.66202 -3.59021 21
-9.62533 -3.19578 21
-9.86184 -2.70784 21
-9.64269 -3.49585 21
-9.62894 -2.76992 21
-9.63532 -2.65431 21
-9.81441 -3.09025 21
-9.6121 -2.70988 21
-9.69121 -2.49363 21
-9.63575 -3.29452 21
-9.61031 -3.43151 21
-9.62882 -2.65232 21
-9.54205 -2.21569 21
-9.65958 -3.45589 21
-9.64376 -2.6428 21
-9.58186 -3.32163 21
-9.67167 -2.85831 21
-9.68921 -2.95331 21
-9.68276 -2.31732 21
-9.72085 -2.41525 21
-9.79011 -2.63542 21
-9.68233 -2.85522 21
-9.66684 -3.56588 21
-9.62463 -2.48434 21
-9.62327 -3.41375 21
-9.65779 -2.98319 21
-9.6336 -3.22869 21
-9.70589 -2.97601 21
-9.77329 -2.98684 21
-9.7759 -2.47442 21
-9.57905 -3.43286 21
-9.54659 -3.22414 21
-9.65067 -2.82801 21
-9.69653 -3.33174 21
-9.7268 -2.78331 21
-9.70233 -2.6799 21
-9.67329 -2.94741 21
-9.6602 -3.13435 21
-9.681 -2.34475 21
-9.57792 -3.32627 21
-9.62868 -3.11076 21
-9.70444 -3.7169 21
-9.69174 -2.9404 21
-9.58487 -3.2962 21
-9.77138 -3.10295 21
-9.81179 -2.73904 21
-9.59557 -3.0145 21
-9.70474 -3.406 21
-9.63959 -2.59156 21
1.77469 -1.56975 22
0.752451 -1.90663 22
0.166912 -1.00831 22
2.11787 -2.05317 22
0.610058 -0.3181 22
-0.0124625 -1.19455 22
0.680886 -2.33503 22
0.804132 -2.56031 22
0.585833 -1.26043 22
0.683225 -1.88633 22
0.250509 -0.577436 22
1.16692 -1.83282 22
-0.483352 -0.528418 22
0.424364 -0.736871 22
-0.513818 -0.928671 22
0.619724 -2.18472 22
-0.603919 -1.61571 22
-0.826916 -1.62584 22
-0.754495 0.412787 22
-0.380919 -0.339172 22
-0.660692 -1.01462 22
1.02846 -1.15765 22
-0.913033 -1.57321 22
0.946356 -2.58989 22
-0.0456069 -1.7368 22
-0.820394 -0.107005 22
0.0113494 -1.88736 22
-0.0263591 -0.191011 22
0.571249 -1.32859 22
-0.823377 -1.96607 22
0.208624 -1.21572 22
-0.483996 -1.51833 22
0.944532 -1.84506 22
0.0950917 -1.54054 22
1.67721 -1.59536 22
0.916581 -2.08771 22
0.344367 -1.18757 22
-0.394087 -0.846661 22
-0.308502 -0.445119 22
-0.211466 -2.04342 22
1.02803 -1.43467 22
0.333689 -1.89977 22
1.02068 -3.32473 22
1.0814 -1.56607 22
-0.686896 -0.995375 22
-0.113999 -1.10793 22
0.340428 -1.302 22
-0.36109 -1.15217 22
-0.0246414 -1.87463 22
0.407364 -1.536 22
-0.531658 -0.836494 22
2.31987 -2.54024 22
-0.812905 -0.224179 22
-0.503826 -0.587844 22
-0.0856757 -1.11087 22
0.808778 -1.64427 22
0.568922 -1.96933 22
8.39321 6.42045 23
8.18142 4.30644 23
8.2605 4.73717 23
8.52517 2.44804 23
8.49776 4.11419 23
8.57462 6.01236 23
8.08797 4.19299 23
8.57093 2.21396 23
8.32526 5.06021 23
8.49157 4.84689 23
8.20463 4.84265 23
8.59359 4.13239 23
8.20154 6.52515 23
8.47229 3.09821 23
8.06277 -9.93893 24
7.70962 -7.64256 24
8.59117 -10.4122 24
8.87065 -10.3036 24
8.026 -9.04472 24
9.45942 -10.4196 24
8.66382 -10.7607 24
7.35827 -7.89225 24
7.82802 -10.5956 24
8.20384 -9.7392 24
7.77564 -9.78865 24
8.21135 -9.04156 24
8.31638 -9.38863 24
7.86236 -8.82966 24
8.87842 -10.1167 24
8.96336 -9.70951 24
8.14424 -10.93 24
-2.71564 -6.75246 25
-2.29506 -6.94244 25
-3.35345 -6.80555 25
-2.33317 -7.39362 25
-2.06839 -6.53994 25
-2.66374 -7.25098 25
-1.74658 -7.74393 25
-2.39028 -6.74666 25
-2.98229 -6.70474 25
-1.9788 -7.14506 25
-2.17928 -7.27918 25
-2.48769 -6.85904 25
-0.55046 -7.27753 25
-2.35648 -6.73653 25
-3.194 -6.65818 25
-1.47113 -7.1499 25
-2.63902 -7.15103 25
-2.33855 -7.12874 25
-2.56749 -6.86184 25
-1.5033 -6.68651 25
-2.97335 -6.79496 25
-2.62234 -6.60795 25
-2.34125 -6.89617 25
-2.48819 -6.69198 25
-2.50981 -6.87228 25
-2.94198 -6.63275 25
-2.65511 -6.8695 25
-1.75059 -7.37051 25
-1.18985 -7.5593 25
-2.41867 -7.14986 25
-0.965963 -7.46719 25
-1.1934 -6.90711 25
-1.98316 -7.04287 25
-1.52944 -7.17666 25
-1.77935 -6.94401 25
-1.66444 -7.15616 25
-1.35891 -7.78671 25
-1.52192 -6.8122 25
-2.20822 -6.76756 25
-3.06818 -7.05914 25
-1.32939 -7.08194 25
-0.757291 -7.00431 25
-1.81332 -6.61942 25
-1.88547 6.27425 26
-2.91679 6.05013 26
-3.40467 5.72716 26
-2.13782 5.91815 26
-3.04604 5.20909 26
-3.63137 5.31818 26
-1.73455 6.98374 26
-2.02362 6.18586 26
-2.61323 5.95923 26
-1.29008 6.51677 26
-2.26795 5.93093 26
-2.79555 5.35124 26
-2.07664 6.48004 26
-1.17268 6.74728 26
-2.66261 5.68775 26
-1.94393 6.70765 26
-0.620303 7.73862 26
-1.03186 7.64106 26
-2.67999 6.12259 26
4.07352 -0.911654 27
4.82262 -1.76504 27
4.76031 -1.50281 27
3.85066 -0.800558 27
4.12495 -0.846797 27
4.00933 -1.01017 27
4.04732 -0.904021 27
4.06444 -0.989486 27
4.13706 -1.18345 27
4.78899 -1.61673 27
4.11405 -1.07211 27
4.3759 -1.31817 27
4.45413 -1.21586 27
4.34637 -1.36238 27
4.50738 -1.23367 27
4.33819 -1.26054 27
4.2538 -1.32649 27
4.51118 -1.50559 27
4.61772 -1.45719 27
4.63708 -1.51018 27
4.0704 -0.922287 27
3.31552 -0.109909 27
3.93693 -0.956226 27
3.99009 -0.882551 27
4.4282 -1.18379 27
4.04004 -0.953295 27
3.94355 -0.876765 27
4.91553 -1.86164 27
4.10074 -1.00143 27
3.84413 -0.838548 27
4.22377 -0.954033 27
3.5547 -0.568219 27
4.6012 -1.50047 27
4.51682 -1.29923 27
4.54732 -1.48124 27
4.54077 -1.27396 27
4.67461 -1.29816 27
3.85757 -0.71304 27
3.94303 -0.892775 27
3.72963 -0.601107 27
4.288 -1.27744 27
3.21344 -0.433402 27
4.74996 -1.50455 27
4.42869 -1.43736 27
4.2275 -1.10935 27
4.73522 -1.73369 27
4.20881 -1.02263 27
3.96123 -0.746444 27
4.73202 -1.58124 27
4.30857 -1.25553 27
4.4204 -1.22194 27
4.75621 -1.76113 27
4.59262 -1.46244 27
4.2459 -1.44933 27
3.8276 -0.969529 27
4.49842 -1.53588 27
4.06403 -0.745366 27
4.43107 -1.24395 27
4.32081 -1.19958 27
4.22644 -1.14249 27
4.07263 -0.987845 27
4.33617 -0.939916 27
4.1528 -1.09849 27
4.0143 -0.890901 27
4.20877 -1.13889 27
3.66619 -0.559849 27
4.35054 -1.53885 27
4.44723 -1.24695 27
4.51455 -1.17259 27
4.24891 -1.25286 27
4.7047 -1.56306 27
4.97527 -1.77959 27
3.5646 -0.615164 27
4.58878 -1.52191 27
4.39848 -1.47601 27
4.04289 -0.972777 27
4.38311 -1.32709 27
4.24115 -1.27649 27
4.43018 -1.29686 27
4.62611 -1.46043 27
3.96652 -0.831335 27
4.63439 -1.42289 27
4.17395 -1.13218 27
4.53686 -1.48518 27
4.16193 -0.848626 27
4.29496 -1.33417 27
4.32167 -1.22933 27
4.33614 -1.24378 27
4.67241 -1.4609 27
4.27151 -1.13295 27
4.17692 -1.14333 27
4.22793 -1.07469 27
4.13043 -1.07357 27
4.18521 -1.01624 27
4.37925 -1.34248 27
-3.91632 3.3839 28
-4.03456 3.48261 28
-4.40223 3.60171 28
-4.55973 3.63383 28
-4.12253 3.61287 28
-4.18056 3.48998 28
-4.24437 3.43117 28
-4.32362 3.4668 28
-3.84336 3.23333 28
-4.28437 3.52576 28
-4.02485 3.42198 28
-4.32007 3.32346 28
-4.24834 3.40687 28
-4.34055 3.44516 28
-4.33777 3.61044 28
-4.20378 3.41902 28
-4.49074 3.53569 28
-4.4306 3.5229 28
-3.84339 3.43885 28
-4.21138 3.41365 28
-4.12656 3.41899 28
-4.1227 3.60593 28
-4.00135 3.32619 28
-4.17694 3.55555 28
-4.19084 3.41437 28
-4.14723 3.48787 28
-3.94841 3.2703 28
-4.156 3.53141 28
-4.27736 3.5295 28
-4.27192 3.74465 28
-3.89489 3.5278 28
-4.23237 3.49993 28
-4.19018 3.55757 28
-4.71974 3.47564 28
-4.10583 3.64483 28
-3.98393 3.37646 28
-4.39981 3.55725 28
-4.05889 3.40754 28
-4.04494 3.66747 28
-4.16092 3.50032 28
-4.38955 3.38233 28
-4.08525 3.36757 28
-4.37498 3.45 28
-4.18434 3.55323 28
-4.31696 3.43694 28
-4.40488 3.53402 28
-4.2106 3.31402 28
-4.20279 3.32991 28
-4.16084 3.50972 28
-4.08722 3.44114 28
-4.36906 3.58196 28
-4.39884 3.6559 28
-4.12621 3.48796 28
-4.06978 3.45384 28
-4.60999 3.56627 28
-4.32795 3.6946 28
-3.89386 3.4321 28
-4.32803 3.51863 28
-4.04422 3.41603 28
-4.40137 3.38495 28
-4.12777 3.40225 28
-4.09896 3.37153 28
-4.21801 3.5168 28
-4.37205 3.50054 28
-4.34901 3.50465 28
-3.92787 3.45039 28
-4.10225 3.53444 28
-4.23792 3.4806 28
-4.33291 3.49203 28
-4.31527 3.30983 28
-4.12117 3.51715 28
-4.13236 3.52837 28
-4.21427 3.50378 28
-4.21252 3.48436 28
-6.94584 4.52579 29
-6.90738 5.28187 29
-6.96298 4.38658 29
-6.98504 5.41635 29
-6.94289 5.34646 29
-7.03445 5.36571 29
-6.94476 4.39436 29
-6.93424 4.83711 29
-6.95334 4.95638 29
-6.9336 4.89962 29
-6.91605 4.54333 29
-6.97196 4.57101 29
-6.89169 5.7247 29
-6.93435 4.12159 29
-6.90255 5.50555 29
-7.01909 4.72833 29
-6.99225 4.47882 29
-7.0396 4.16776 29
-6.96772 4.48897 29
-6.86142 5.21029 29
-6.8921 5.2998 29
-6.9719 4.61552 29
-6.95156 4.39434 29
-7.00128 6.16165 29
-6.95543 4.62378 29
-6.87369 5.26886 29
-6.99174 4.03886 29
-7.01789 4.93519 29
-7.01202 4.54147 29
-6.93986 4.69841 29
-7.02843 4.14928 29
-7.03078 4.12316 29
-7.00245 4.91249 29
-6.7929 4.64493 29
-6.92174 5.09759 29
-6.93068 4.88161 29
-7.06847 4.54072 29
-6.90691 3.85663 29
-6.86628 4.5818 29
-6.91391 4.86635 29
-6.87819 5.5034 29
-7.02272 4.03763 29
-7.10871 4.57943 29
-6.89824 4.59536 29
-6.97727 4.88075 29
9.51077 0.930106 30
9.7154 1.55551 30
9.5736 2.29006 30
9.4878 1.85101 30
9.88889 1.93434 30
9.5048 0.893371 30
9.57124 1.22192 30
9.50354 1.22218 30
9.91568 1.62524 30
9.48034 1.46761 30
9.78072 1.19491 30
7.64456 0.804825 31
7.73376 0.626297 31
7.73351 0.488271 31
8.09148 0.317329 31
7.8511 0.57113 31
7.68716 0.430789 31
7.651 0.493576 31
7.97995 0.29209 31
7.79938 0.555235 31
7.56093 0.585243 31
7.81391 0.499269 31
7.75836 0.388572 31
7.67179 0.773583 31
7.95705 0.219318 31
7.61512 0.77117 31
7.86678 0.237683 31
7.7898 0.582808 31
7.73753 0.534414 31
7.69739 0.385735 31
7.82256 0.673373 31
7.63568 0.538329 31
7.73185 0.673658 31
7.63317 0.784751 31
7.82668 0.44395 31
7.70797 0.814232 31
7.81436 0.208153 31
7.9215 0.2101 31
7.53986 0.688062 31
7.65754 0.662913 31
7.57382 0.713869 31
8.06202 0.334709 31
7.83383 0.40914 31
7.78514 0.686712 31
7.38833 0.826445 31
7.67428 0.426145 31
7.64827 0.424129 31
7.85103 0.586767 31
7.79738 0.484959 31
7.9722 0.339878 31
7.73411 0.430819 31
7.81439 0.643456 31
7.52964 0.867308 31
7.74905 0.573684 31
7.81742 0.437109 31
7.45799 0.758056 31
7.99938 0.380815 31
7.61363 0.735379 31
7.63864 0.687577 31
7.83953 0.611413 31
7.63895 0.585267 31
7.48445 0.8222 31
7.86956 0.392906 31
7.7885 0.422654 31
7.69503 0.610044 31
7.57689 0.742588 31
7.60044 0.37202 31
7.8097 0.379719 31
7.89161 0.747348 31
7.80102 0.443283 31
7.76251 0.444909 31
7.83413 0.449506 31
7.82125 0.584476 31
8.05935 0.27084 31
7.71254 0.619371 31
7.62752 0.60464 31
7.58718 0.39583 31
7.88276 0.433474 31
7.61927 0.609677 31
7.81918 0.437427 31
7.78874 0.466406 31
7.64329 0.718652 31
7.82038 0.538244 31
7.68995 0.568216 31
7.86039 0.565273 31
7.90763 0.327961 31
7.83506 0.647399 31
7.66898 0.601164 31
7.55682 0.506993 31
7.6167 0.592964 31
7.70888 0.520892 31
7.85245 0.386753 31
7.99341 0.374249 31
7.55818 0.753425 31
8.15931 -2.25177 32
8.27654 -2.53664 32
8.17698 -2.2334 32
8.22768 -1.71947 32
8.22984 -1.86323 32
7.98855 -2.75442 32
8.20347 -2.338 32
8.24923 -2.91996 32
8.37232 -2.38387 32
8.29273 -2.68265 32
8.17599 -1.8994 32
-0.152422 -4.58254 33
0.0705848 -4.45177 33
-0.152903 -4.64739 33
0.301865 -4.4672 33
0.167257 -3.95711 33
-0.0374269 -4.09918 33
-0.17759 -4.87737 33
0.0534131 -3.648 33
0.0765102 -4.25566 33
-0.0207087 -4.98261 33
-0.0253167 -5.65722 33
-0.297327 4.40532 34
-0.2828 4.89518 34
-0.252378 5.95545 34
-0.326901 4.35399 34
-0.298044 4.1252 34
-0.292217 4.15831 34
-0.329159 4.06516 34
-0.28402 4.77406 34
-0.350099 4.41706 34
-0.317909 2.67949 34
-0.290926 3.76303 34
-0.326388 6.39836 34
-0.24917 6.72516 34
-0.33841 2.85536 34
-0.329927 4.3217 34
-0.251174 4.44092 34
-0.3467 2.9315 34
-0.29042 3.79424 34
-0.271464 5.45823 34
-0.326288 4.38103 34
-0.294497 3.89719 34
-0.354628 5.07471 34
-0.295755 4.92636 34
-0.266092 3.1525 34
-0.289617 1.95738 34
-0.291141 5.65056 34
-0.254447 7.38713 34
-0.281746 4.97839 34
-0.288567 4.82008 34
-0.29678 5.16876 34
-0.278416 4.38948 34
-0.362477 4.4196 34
-0.302429 5.31127 34
-0.299919 5.57479 34
-0.321509 5.349 34
-0.313734 7.24848 34
-0.282794 5.19655 34
-0.314122 3.29709 34
-0.331627 5.41126 34
-0.338624 5.29902 34
-0.306659 5.21705 34
-0.251606 4.48111 34
-0.33382 5.89506 34
-0.334719 3.36547 34
-0.316618 6.36291 34
-0.283897 3.93321 34
-0.332818 5.60114 34
-0.330287 3.90999 34
-0.289042 3.80066 34
-0.28257 4.22987 34
-0.330548 3.6697 34
-0.314366 4.24628 34
-0.321304 4.93725 34
-0.275482 4.88721 34
-0.29765 4.03119 34
-0.346259 5.52078 34
-0.326051 4.89513 34
-0.300559 5.52747 34
-0.309495 3.67044 34
-0.249288 6.4398 34
-0.279436 3.96623 34
-0.324549 5.02263 34
-0.281088 6.13707 34
-0.350482 5.19567 34
-0.374043 5.68206 34
-0.340687 3.09995 34
-0.285215 4.30521 34
-0.334786 5.32614 34
-0.31469 4.88109 34
-0.29423 6.307 34
-0.333313 5.55606 34
-0.295226 2.10571 34
-0.313141 5.15816 34
-0.277632 3.27438 34
-0.309286 5.10725 34
-0.336852 4.64658 34
-0.350191 5.33549 34
-0.338592 3.36473 34
2.14305 9.63346 35
2.08512 10.1101 35
2.02578 10.5466 35
1.99151 10.0972 35
2.23185 9.84851 35
2.06284 9.63445 35
1.95106 9.8151 35
1.54212 9.68199 35
2.05384 9.4549 35
2.29115 9.61377 35
2.39832 10.5016 35
2.66866 9.66511 35
1.94281 9.63297 35
2.08815 9.44058 35
2.24819 9.84794 35
2.00336 9.82178 35
2.27706 10.142 35
2.3678 9.88295 35
2.14797 9.2278 35
2.15171 9.68198 35
1.99012 10.4117 35
2.04735 10.4019 35
2.43351 9.96479 35
2.34809 9.86951 35
1.97105 9.51365 35
2.09652 9.8005 35
2.19271 10.8354 35
2.18007 9.41637 35
1.96281 9.55744 35
1.84772 10.078 35
2.1555 10.3413 35
1.89983 10.1427 35
2.5795 10.3528 35
2.16828 10.0202 35
1.67212 10.5297 35
2.04609 9.8622 35
2.04052 10.1118 35
1.96466 8.67622 35
2.3782 9.21984 35
2.51305 9.98767 35
2.356 10.676 35
2.01878 9.42581 35
1.83353 9.52364 35
1.76619 9.63493 35
1.93962 10.6879 35
1.91315 9.65357 35
1.96862 10.319 35
2.0868 8.85946 35
1.99562 9.84352 35
1.61131 9.17758 35
1.80965 10.616 35
1.99503 9.9296 35
1.87602 9.28577 35
4.3809 5.2909 36
3.93735 5.36441 36
3.51789 4.40593 36
2.79556 3.47913 36
4.53175 5.54111 36
4.52391 5.05535 36
4.83981 5.18619 36
5.38616 6.04182 36
4.14579 4.39768 36
4.18948 4.7147 36
3.72595 4.71594 36
3.48298 3.94999 36
4.55359 5.22786 36
4.11191 5.12932 36
4.48256 4.79522 36
3.75428 4.47181 36
4.20537 4.51424 36
3.4231 4.02013 36
4.05816 4.50575 36
4.41638 5.20486 36
4.12834 5.40436 36
4.56183 5.14261 36
4.18191 4.93071 36
4.1209 4.44602 36
4.01581 5.16061 36
4.96128 5.63303 36
3.66083 4.79942 36
3.97609 4.04048 36
3.3743 4.24189 36
3.87464 4.49467 36
3.59524 4.72004 36
4.01656 5.07607 36
3.80001 4.5101 36
4.06083 4.14006 36
5.0332 5.95014 36
2.65917 3.93123 36
4.47272 5.44239 36
3.62641 4.21569 36
5.06297 5.42006 36
4.19437 4.95252 36
3.24959 3.65392 36
3.32348 3.25919 36
4.78613 5.50432 36
3.96767 4.81724 36
4.09544 5.43069 36
4.27502 4.94709 36
4.59711 5.63323 36
4.15492 4.55652 36
4.24894 5.2206 36
3.69782 4.41351 36
4.10682 4.7464 36
3.06138 4.16695 36
3.91364 4.54532 36
4.80048 5.5642 36
4.78333 5.14605 36
3.73321 4.13818 36
4.37633 4.90136 36
4.27059 4.78472 36
4.45076 5.30522 36
3.74254 4.48488 36
5.17528 5.98271 36
3.47643 4.62069 36
3.55906 4.3674 36
3.23072 4.11006 36
4.4584 5.16707 36
3.1593 3.89988 36
3.95592 4.67583 36
4.59114 4.80182 36
4.47604 5.03589 36
4.81196 5.51571 36
4.77412 5.2166 36
3.92782 4.51448 36
3.4863 4.41117 36
3.54032 4.41572 36
4.51374 5.32227 36
3.79947 4.20629 36
3.11791 3.47968 36
3.69901 4.63793 36
4.34589 5.00881 36
4.37645 5.10428 36
3.26834 3.47992 36
4.07151 4.86318 36
3.88326 4.53522 36
3.79322 5.04554 36
3.46482 3.91863 36
5.11911 5.90495 36
4.21855 5.32466 36
3.95222 5.15107 36
4.24097 4.8589 36
4.44555 5.12019 36
3.69089 4.75446 36
4.0861 5.35793 36
4.3274 5.05066 36
4.00806 4.99082 36
3.74164 4.8658 36
4.45682 4.94439 36
3.52008 4.51589 36
3.93084 4.79773 36
1.068 5.78754 37
0.298616 7.23534 37
0.222441 5.9389 37
0.413639 6.4038 37
1.38278 5.96852 37
0.273137 5.49783 37
0.53768 5.31164 37
0.230754 6.69857 37
1.00551 5.73329 37
0.475275 7.21387 37
1.14822 5.88217 37
1.13805 5.96685 37
0.529892 6.39858 37
1.06905 5.11724 37
1.01635 4.66055 37
0.986533 5.70594 37
0.761042 5.69015 37
0.923655 5.03669 37
1.86151 5.6689 37
0.500313 6.05121 37
0.597069 5.77447 37
0.916813 6.37991 37
1.14839 6.4073 37
1.44143 5.30384 37
0.946051 5.69565 37
5.62462 -9.71709 38
4.97143 -9.68253 38
5.12661 -9.78908 38
5.21948 -9.54917 38
5.73439 -9.84807 38
5.0445 -9.58303 38
5.12107 -9.6727 38
4.71898 -9.50659 38
5.38192 -9.80027 38
5.51314 -9.75171 38
4.47724 -9.4604 38
5.38902 -9.55342 38
5.77255 -9.78312 38
5.31612 -9.92794 38
5.9105 -9.76928 38
5.43279 -9.48709 38
5.0831 -9.64328 38
5.57124 -9.79577 38
5.14204 -9.54307 38
5.26795 -9.30746 38
5.54039 -9.53594 38
5.45374 -9.75099 38
5.33646 -9.67655 38
5.52283 -9.80399 38
5.33782 -9.56593 38
5.17583 -9.8138 38
5.40867 -9.68223 38
5.82097 -9.67861 38
4.70658 -9.86689 38
5.55097 -9.62113 38
5.09771 -9.59197 38
5.81171 -9.83002 38
5.18862 -9.59631 38
5.72437 -9.8368 38
4.54525 -9.49899 38
5.05524 -9.90259 38
5.21971 -9.53168 38
5.59299 -9.83649 38
5.36667 -9.73997 38
5.27929 -9.52559 38
5.75895 -9.93426 38
5.45377 -9.58716 38
5.02206 -9.51849 38
5.26714 -9.60084 38
5.5366 -9.65629 38
4.84396 -9.75093 38
5.20905 -9.58936 38
5.61298 -9.80778 38
4.99365 -9.63879 38
5.77955 -10.1078 38
5.97408 -9.72248 38
5.38018 -9.47105 38
5.51897 -9.7304 38
4.93566 -9.68694 38
5.32952 -9.64991 38
5.84933 -9.60159 38
5.83832 -9.8766 38
5.69993 -9.73005 38
5.73515 -9.80435 38
5.61783 -9.53377 38
5.75713 -9.84499 38
5.50784 -9.79463 38
5.85535 -9.70558 38
5.61614 -9.48713 38
5.76326 -9.65994 38
4.83355 -9.53013 38
5.90175 -9.7393 38
5.57063 -9.75954 38
5.55716 -9.56791 38
6.27105 -9.91936 38
5.47707 -9.78755 38
5.51588 -9.78574 38
4.73763 -9.45238 38
4.8497 -9.27839 38
5.56887 -9.6693 38
5.34908 -9.53566 38
5.37314 -9.63607 38
5.23202 -9.38345 38
4.6329 -9.52943 38
5.14889 -9.75 38
5.51821 -9.71626 38
5.72991 -9.69231 38
4.68919 -9.28569 38
5.43556 -9.84069 38
-10.183 8.2122 39
-10.841 7.37598 39
-9.41492 8.19014 39
-9.3969 8.57423 39
-10.3501 8.33961 39
-10.3125 7.98339 39
-9.77355 8.18894 39
-10.5888 7.64343 39
-9.32006 8.88965 39
-9.9087 8.30004 39
-9.6922 8.77686 39
-9.15702 8.77536 39
-10.0048 8.78604 39
-9.94899 8.15395 39
-9.95509 7.96578 39
-10.1848 7.70079 39
-10.1617 8.54091 39
-10.0035 7.77389 39
-9.37618 8.20634 39
-9.05266 8.6397 39
-10.116 7.76384 39
-9.25474 8.61624 39
-10.4205 7.81329 39
-9.73842 8.24494 39
-8.85602 9.08278 39
-10.1416 8.01768 39
-10.4214 8.34604 39
-10.5311 7.72008 39
-9.28531 8.26206 39
-9.96296 8.25496 39
-9.78463 8.34139 39
-10.3117 8.23691 39
-9.11583 8.84028 39
-10.1874 7.54246 39
-9.7079 8.25236 39
-9.99972 8.48138 39
-9.76591 8.18421 39
-9.65256 8.34281 39
-9.17128 8.12918 39
-10.1045 8.4596 39
-9.11931 8.77526 39
-10.1197 8.18169 39
-10.1233 8.07686 39
-10.1227 8.21562 39
-9.61425 8.48049 39
-9.09932 8.79691 39
-10.2575 8.00603 39
-10.1691 8.57119 39
-10.1373 7.8904 39
-10.3642 8.11972 39
-10.2763 7.9065 39
-9.90762 8.07601 39
-9.38764 8.5587 39
-10.1947 8.52181 39
-9.55531 8.63957 39
-10.0341 7.6968 39
-9.22503 8.64958 39
-9.86567 8.45573 39
-9.48297 8.46304 39
-10.4568 7.61888 39
-10.2122 7.78627 39
-9.78521 7.98061 39
-9.68825 7.91654 39
-9.87002 8.32121 39
-10.1345 7.72542 39
-10.2434 8.24826 39
-9.94789 8.12809 39
-9.83019 8.51891 39
-9.66479 8.64384 39
-9.34409 8.35986 39
-9.87248 8.60526 39
-9.88818 7.98248 39
-9.27167 8.40964 39
-9.13779 8.73171 39
-9.45238 8.31177 39
-10.2786 8.00125 39
-9.25583 8.56344 39
-10.0375 7.95348 39
-10.7287 7.45918 39
-9.30461 8.2314 39
-10.4221 7.83511 39
-10.5898 7.76681 39
-9.06979 8.40997 39
-10.0609 8.42312 39
-9.68941 7.94927 39
-10.0937 8.3441 39
-9.34509 8.26758 39
-9.33012 8.56697 39
-10.2377 8.50418 39
-9.37379 8.51098 39
-9.7122 8.11197 39
-10.2087 7.83153 39
-10.5234 8.02363 39
-9.82979 7.5689 39
-10.0547 8.1732 39
-9.67041 8.26918 39
-9.65597 8.20117 39
-8.92077 9.28398 39
-9.80112 7.48319 39
-9.81302 8.69392 39
-10.0674 8.20391 39
-9.86456 8.37748 39
