-2.21252 7.63532 0
-0.838987 5.28668 0
-0.575688 6.04479 0
-1.15289 6.97376 0
-1.82131 5.40026 0
-0.1022 6.0886 0
-0.87863 5.87047 0
-1.94822 6.60594 0
-0.864451 6.88648 0
-0.866461 8.39528 0
-2.26714 5.25771 0
-1.17031 5.15536 0
-2.223 5.35035 0
-1.48004 8.09626 0
-2.57917 7.16293 0
-1.16198 3.59001 0
-0.926586 6.0624 0
1.19136 5.23277 0
-2.68755 5.51331 0
-3.25018 6.28546 0
-0.355963 6.36125 0
-1.24777 6.81904 0
-1.72637 5.55891 0
0.674526 7.7097 0
-2.21464 8.06127 0
-1.61375 7.09033 0
-1.3553 5.50257 0
-1.51128 6.23407 0
-2.7617 7.3817 0
-0.918704 7.44593 0
-2.75771 7.09459 0
0.421838 6.90978 0
-1.21041 5.6667 0
-2.36797 5.96096 0
-1.29015 4.89351 0
-0.525996 6.65283 0
-1.09878 4.40891 0
-1.79147 6.26913 0
0.0323935 6.06156 0
-0.365453 5.78821 0
1.09697 8.22707 0
-1.48836 6.41758 0
-1.59442 5.81861 0
-1.44293 5.0595 0
-1.63029 5.71188 0
-2.27152 7.07621 0
-0.832389 4.75077 0
-0.928455 6.22644 0
-1.47025 5.5866 0
-1.12888 6.68121 0
-1.87626 6.22944 0
0.172183 6.38736 0
-0.536098 5.01891 0
-1.34896 6.22271 0
-2.139 6.60948 0
-1.5923 7.12528 0
-0.103961 6.60904 0
-0.114421 6.98769 0
-1.14404 7.25726 0
-1.53725 8.38715 0
-2.71237 5.70787 0
-2.51042 5.82179 0
-1.31152 4.47421 0
-0.990102 4.23565 0
-1.7577 6.44099 0
-1.80577 8.33125 0
-0.0839769 7.12591 0
-0.703211 7.16695 0
-0.120859 5.86095 0
5.79094 4.14152 1
5.84208 4.10484 1
6.00745 3.92599 1
5.74524 3.50245 1
6.03509 3.43312 1
6.01352 3.6372 1
5.71965 4.13289 1
5.82783 4.2077 1
5.23411 4.81968 1
5.94249 4.64495 1
5.20954 4.29163 1
5.72623 4.58264 1
5.78251 3.96314 1
5.81079 3.82134 1
6.50745 3.43512 1
6.19504 3.42932 1
5.93918 4.29827 1
5.45149 3.8459 1
5.83984 4.18263 1
5.2292 4.29773 1
5.7616 4.20032 1
5.35877 4.66009 1
5.75243 4.36475 1
5.7338 3.95697 1
6.18638 3.92544 1
5.83433 4.10399 1
5.31551 4.8127 1
5.574 4.21442 1
6.49083 3.21513 1
5.8942 3.7238 1
5.85277 3.94698 1
5.83937 4.16675 1
6.4833 3.4132 1
6.35967 3.40877 1
-0.606595 -9.86529 2
-1.66434 -8.88168 2
-0.222425 -8.97878 2
1.06847 -10.9773 2
0.412157 -10.0914 2
-0.158498 -9.87337 2
-0.971877 -8.7392 2
-0.33758 -9.82149 2
0.0324736 -10.1103 2
-1.49625 -8.85006 2
0.33381 -10.1231 2
0.607733 -10.2792 2
-0.539989 -9.92146 2
-0.943569 -8.75832 2
-0.0363116 -9.29298 2
-0.524662 -9.4542 2
0.0126069 -9.61965 2
-0.11342 -9.73396 2
-0.103436 -9.57039 2
-1.43704 -8.28432 2
-0.887192 -9.21613 2
-1.0298 -9.31469 2
0.68081 -11.1975 2
-0.109042 -10.2312 2
0.657094 -10.7065 2
-0.508291 -9.70483 2
-1.59738 -8.51291 2
0.288781 -10.4531 2
0.738995 -10.4769 2
0.896927 -11.1155 2
0.970586 -10.6882 2
-1.31245 -8.83293 2
-1.23109 -8.5546 2
-0.401768 -9.74939 2
-0.58026 -9.88531 2
-0.571229 -9.26806 2
-1.65935 -9.15244 2
0.0621582 -10.1651 2
-0.624322 -9.42341 2
-1.34445 -9.14583 2
0.802948 -10.2574 2
0.92097 -10.793 2
0.138771 -10.2327 2
-2.10948 -7.39377 2
-0.519299 -9.95182 2
1.16626 -10.3837 2
0.171651 -10.0735 2
0.209601 -10.3419 2
0.0926873 -10.1639 2
0.651997 -10.5576 2
-0.660437 -9.85073 2
0.00524864 -10.3071 2
-0.611036 -9.93526 2
0.239483 -11.0229 2
0.30563 -10.9343 2
7.93122 -8.07259 3
9.07804 -11.1593 3
8.07554 -9.06869 3
6.68203 -6.73865 3
7.93782 -8.79599 3
8.1273 -8.74808 3
9.25783 -11.7477 3
8.74902 -8.18897 3
7.75829 -8.69644 3
7.85217 -9.3179 3
7.93409 -9.35507 3
6.7495 -10.3849 3
8.97896 -11.5303 3
7.567 -8.19784 3
7.91349 -10.8812 3
9.1274 -8.56439 3
7.9842 -10.0689 3
9.34075 -8.86742 3
9.07196 -9.09739 3
10.5089 -10.7337 3
8.95565 -9.77502 3
8.74014 -13.1774 3
7.79739 -9.07441 3
7.37774 -8.53425 3
10.6007 -10.8048 3
7.11091 -6.30813 3
8.98751 -10.6264 3
10.0009 -12.5716 3
9.11273 -8.57587 3
7.45461 -9.09309 3
8.45996 -10.6198 3
7.91541 -10.9001 3
7.91151 -9.77442 3
9.69273 -9.64183 3
8.16873 -9.24206 3
8.0604 -9.14212 3
7.94051 -10.0945 3
9.10481 -9.19451 3
8.49293 -9.73978 3
8.2397 -8.72088 3
8.97428 -10.4701 3
7.82791 -9.899 3
8.66464 -10.3003 3
8.21309 -8.98882 3
8.7836 -10.5065 3
9.29898 -9.29044 3
9.90775 -10.5032 3
7.85653 -8.4922 3
9.63288 -10.9705 3
8.41051 -7.86325 3
8.00021 -8.54642 3
9.4234 -11.3732 3
8.98732 -10.2642 3
7.97129 -8.22199 3
8.27323 -8.84991 3
10.1985 -12.5291 3
9.31161 -10.3851 3
9.26433 -10.4436 3
7.82108 -8.89924 3
9.20679 -8.84062 3
8.07509 -9.37998 3
8.7989 -9.46113 3
7.96676 -10.4791 3
9.98671 -10.2419 3
8.62885 -9.56615 3
8.65026 -11.3219 3
7.13303 -7.28568 3
7.53529 -8.82153 3
9.29195 -9.44496 3
8.82033 -10.8492 3
8.95296 -10.092 3
11.1671 -10.7879 3
9.88371 -10.8921 3
7.97991 -8.81617 3
8.29347 -8.54635 3
8.4254 -8.99331 3
8.22389 -10.0715 3
9.08495 -10.5698 3
10.2415 -11.7424 3
7.87354 -10.2589 3
9.4491 -9.22336 3
8.62846 -9.2613 3
9.31844 -10.5881 3
7.2933 -7.54951 3
8.57936 -9.05535 3
8.02093 -9.46701 3
8.31419 -8.03509 3
8.48437 -9.27485 3
9.18323 -9.63709 3
10.4264 -10.486 3
10.0947 -11.9221 3
7.78626 -9.64285 3
7.88459 -12.0151 3
8.57534 -9.39215 3
9.09453 -11.8107 3
-7.70652 7.73385 4
-7.82447 6.2375 4
-8.12858 6.88079 4
-7.93715 7.46152 4
-7.80215 5.3339 4
-7.94559 6.61162 4
-7.88508 7.07054 4
-7.786 5.70972 4
-7.80504 5.49965 4
-7.76159 5.98821 4
-7.87021 5.23069 4
-8.02355 6.46821 4
-7.85082 6.2627 4
-7.79843 5.40301 4
-7.84811 5.15801 4
-8.01155 7.07927 4
-7.78226 8.51955 4
-7.88906 6.73965 4
-7.90196 3.56855 4
-7.9895 5.67877 4
-8.01345 6.73421 4
-7.80168 5.75572 4
-8.0123 4.96726 4
-7.77881 6.17929 4
-7.68088 5.83519 4
-7.75559 7.66772 4
-7.83744 4.3218 4
-8.02331 6.1012 4
-8.05246 6.1115 4
-7.83442 5.3955 4
-7.80226 6.95839 4
-7.86532 7.74366 4
-7.7989 5.70136 4
-7.86854 5.73513 4
-7.90648 5.95522 4
-7.90122 3.55153 4
-7.88924 6.18866 4
-7.8386 6.20733 4
-7.74936 7.18827 4
-7.70863 5.37767 4
-7.91098 6.41042 4
-7.9909 5.23932 4
-7.66213 8.2438 4
-7.99103 4.74727 4
-7.76024 7.39039 4
-7.94099 6.53346 4
-7.76125 5.3726 4
-8.07438 7.79045 4
-8.0065 5.982 4
-7.86039 6.38 4
-7.6631 6.48388 4
-7.65007 5.26117 4
-7.90885 6.7809 4
-7.79941 5.93119 4
-7.77832 5.27421 4
-7.93387 4.45674 4
-7.89633 4.16622 4
-8.02773 5.53538 4
-7.73343 6.33295 4
-7.88637 6.77078 4
-7.7952 5.36588 4
-7.96913 6.08873 4
-7.88729 6.00622 4
-7.82438 5.88248 4
-7.67288 4.70246 4
-7.82763 5.90164 4
-7.94463 5.42876 4
-7.96545 6.2894 4
-7.90019 6.85995 4
-7.97983 7.0085 4
-7.76393 6.64882 4
-7.87496 7.39895 4
-7.85199 5.02017 4
-7.77983 4.42465 4
-7.90231 4.33607 4
-7.96207 6.06562 4
-7.92077 6.2689 4
-7.83428 5.42241 4
-7.98949 7.17976 4
-7.9734 5.62842 4
-7.89911 7.5722 4
-7.8793 6.68817 4
-7.80556 5.41045 4
-7.95817 7.48863 4
-7.86077 6.61417 4
1.31457 6.14583 5
1.61435 6.8164 5
1.98041 7.06557 5
2.27036 8.00241 5
2.26011 7.21263 5
0.790143 5.97319 5
1.67227 7.20705 5
1.53066 7.46759 5
1.99223 7.26311 5
2.17573 7.45946 5
1.33082 6.46828 5
1.56483 6.00497 5
2.34343 6.45255 5
2.04575 6.63829 5
1.95848 6.61566 5
1.71365 6.71912 5
1.94388 6.92204 5
2.11636 6.8906 5
1.75297 6.0626 5
2.10385 7.27724 5
1.90717 6.17678 5
1.92283 6.98865 5
1.50105 6.98148 5
1.71682 7.08496 5
2.24928 7.02348 5
2.51909 7.29831 5
1.4775 6.20646 5
1.10997 6.24313 5
2.07939 6.95275 5
1.01877 6.5557 5
1.30424 6.31176 5
2.0134 7.43466 5
1.76894 6.37338 5
1.76668 7.24712 5
1.54635 6.96598 5
2.18668 7.83631 5
2.23746 6.96166 5
1.80288 6.78163 5
2.10836 7.80735 5
1.62026 6.70115 5
1.45156 6.82412 5
2.78106 7.61935 5
1.07451 6.22425 5
1.9315 7.11029 5
1.71784 6.83483 5
1.80871 6.72847 5
1.69996 6.83379 5
0.782921 5.89061 5
2.00123 7.1556 5
1.51246 6.38192 5
0.924541 6.62071 5
1.69138 6.7671 5
1.5797 6.6705 5
2.13582 6.99118 5
1.77673 6.80187 5
1.12776 6.33671 5
1.34403 6.1936 5
2.6916 7.90683 5
1.53027 7.12731 5
2.37542 7.45269 5
1.22334 6.50425 5
0.383617 5.90237 5
1.03439 5.51456 5
0.969519 6.0343 5
1.32134 6.82896 5
1.1911 5.46554 5
1.75442 6.53321 5
1.62291 6.59346 5
0.628772 5.83706 5
1.28751 6.25157 5
1.86707 6.76653 5
0.687064 6.42175 5
1.63445 6.77486 5
4.06431 -3.1836 6
6.10364 -3.56049 6
3.63626 -2.77822 6
3.98648 -1.29051 6
3.23264 -2.13805 6
5.1326 -2.62022 6
5.40628 -2.09821 6
2.55235 -2.90117 6
2.00621 -2.35896 6
2.72464 -1.99833 6
2.68273 -1.50275 6
7.30221 -4.5017 6
3.23163 -2.93953 6
2.12775 -0.377265 6
4.97841 -3.44129 6
2.65306 -2.26953 6
3.71327 -3.04968 6
3.80154 -3.60607 6
6.79154 -2.73575 6
5.51806 -3.53338 6
6.58158 -1.4381 6
5.34696 -2.00856 6
4.02246 -2.86205 6
3.23819 -1.96308 6
4.15907 -1.89213 6
1.75167 0.534992 6
3.40866 -2.92752 6
5.22135 -2.85687 6
4.10491 -2.1402 6
3.59572 -1.59808 6
3.46079 -1.04783 6
2.67401 -3.60267 6
5.99927 -2.39229 6
4.88252 -1.47971 6
0.823506 -1.64452 6
6.80847 -3.77468 6
2.20296 -1.92049 6
2.67849 -1.51247 6
5.59183 -2.77093 6
2.3135 -1.95921 6
5.54697 -2.45145 6
2.88864 -1.31318 6
3.14747 -2.04391 6
2.59203 -0.920122 6
3.69707 -2.10369 6
4.28449 -5.11449 6
2.33159 -2.35658 6
2.5704 -2.17804 6
6.11548 -3.22797 6
1.76095 -0.900749 6
6.86849 -2.54646 6
3.16375 -0.658529 6
3.70881 -2.03116 6
4.67751 -1.78723 6
3.97448 -2.96881 6
2.97119 -1.66052 6
5.50585 -2.26949 6
2.83924 -1.80864 6
4.23905 -2.22595 6
2.05661 -0.862737 6
4.98615 -1.85814 6
3.5244 -3.11126 6
3.88132 -1.8663 6
3.04059 -2.37007 6
4.58564 -2.75961 6
3.44984 -2.031 6
2.54941 -2.35108 6
4.92245 -2.77519 6
2.09542 -0.287309 6
4.92801 -4.0584 6
3.41295 -3.07974 6
3.26563 -2.48489 6
4.51162 -0.923121 6
4.96534 -1.38727 6
5.01787 -2.46488 6
2.15131 -0.685942 6
4.99787 -1.68182 6
-7.29936 -1.16517 7
-8.23699 -1.6902 7
-7.96174 -3.25406 7
-7.7611 -2.1484 7
-8.94576 -1.00492 7
-7.85411 -2.59783 7
-7.8753 -2.99429 7
-8.0006 -0.614917 7
-8.34952 -1.63204 7
-8.56169 -2.1823 7
-7.67175 -0.502978 7
-8.62341 -3.93013 7
-8.11965 -2.81167 7
-7.33732 -2.57304 7
-8.737 -0.589411 7
-8.55786 -1.35868 7
-8.1607 -1.24748 7
-7.53228 -3.04445 7
-8.35623 -4.60952 7
-7.90781 -1.01079 7
-8.36666 -0.627423 7
-8.29045 -2.7755 7
-8.40081 -2.35809 7
-8.45234 -2.28114 7
-7.97739 -2.49145 7
-8.35016 -1.50002 7
-8.27669 -2.64128 7
-7.09238 -5.153 7
-8.21696 -1.78022 7
-7.6581 -1.66177 7
-8.31974 -4.10241 7
-8.59776 -1.24046 7
-7.49895 -1.95923 7
-8.77283 -0.465887 7
-7.80626 -1.81161 7
-8.52499 -2.00062 7
-7.51041 -2.32935 7
-7.0472 -0.818804 7
-8.04605 -1.6369 7
-8.89552 -3.36645 7
-7.45125 -3.69812 7
-8.16082 -2.22838 7
-7.46341 -2.57748 7
-8.02605 -2.79364 7
-6.95623 -1.77523 7
-8.04567 -0.840613 7
-8.3944 -3.02594 7
-7.86922 -0.28718 7
-8.18499 -2.06461 7
-8.1259 -2.66188 7
-8.61645 0.629423 7
-7.6615 -0.851659 7
-8.38533 -2.68195 7
-8.51341 -2.90582 7
-7.94813 -3.73613 7
-7.30721 -1.35207 7
-8.01056 -2.46178 7
-7.69264 -1.99891 7
-8.47198 -1.4989 7
-8.48259 -1.80391 7
-4.49957 3.74627 8
-5.50981 3.96265 8
-4.99338 3.70166 8
-3.69882 2.89116 8
-3.14805 2.50434 8
-5.71802 4.3469 8
-4.51396 3.91446 8
-5.01331 4.56031 8
-4.44208 2.95535 8
-6.32489 4.76463 8
-5.84481 5.15001 8
-4.72771 3.50831 8
-4.89154 3.60666 8
-4.31586 3.19137 8
-2.40718 -2.46359 9
-3.72095 -0.848571 9
-5.53581 -0.227224 9
-3.37375 -3.9629 9
-3.86342 -2.55535 9
-5.2349 0.482721 9
-2.81085 -2.63621 9
-3.29646 -4.02384 9
-4.19046 -3.76531 9
-1.25619 -2.57398 9
-6.89165 -0.376122 9
-5.75659 -2.45746 9
-3.22689 -1.8156 9
-4.21846 -2.80349 9
-2.43292 -0.589675 9
-2.32733 -5.20876 9
-3.75026 -2.81085 9
-3.65233 -3.01761 9
-3.96726 -1.87359 9
-4.32426 -2.24693 9
-4.85173 -1.91784 9
-2.68908 -3.13021 9
-3.50115 -2.13748 9
-3.93655 -0.672407 9
-2.56117 -3.23089 9
-3.83015 -1.83094 9
-2.59091 -2.84066 9
-4.55996 -3.56019 9
-4.02285 -3.03183 9
-3.49665 -2.31628 9
-3.06175 -3.67133 9
-4.27398 -3.09597 9
-5.25668 -0.97701 9
-1.92045 -3.46927 9
-2.76951 -3.73737 9
-2.63562 -1.2476 9
-6.77209 -0.0654285 9
-5.6884 -1.16737 9
-2.74134 -2.28546 9
-4.96291 -2.89277 9
-2.67199 -1.05628 9
-6.15702 -1.6339 9
-4.79479 -1.21828 9
-4.41201 -0.724148 9
-2.35008 -2.85426 9
-5.57359 -1.21902 9
-3.76623 -2.01548 9
-5.28494 -1.36083 9
-1.20699 -4.29299 9
-5.66004 -0.303156 9
-2.63604 -3.32934 9
-4.5999 -2.57858 9
-3.66206 -4.06473 9
-3.90148 -3.81338 9
-3.65238 -2.27263 9
-5.49757 -1.90203 9
-5.39456 -2.01689 9
-3.74823 -0.566842 9
-4.61478 -2.53293 9
-3.04024 -3.61275 9
-3.632 -2.50718 9
-4.16607 -1.60134 9
-2.52981 -2.43949 9
-6.20306 -1.7382 9
-3.45481 -2.12795 9
-3.15252 -3.00395 9
-2.38033 -1.42018 9
-3.94132 -1.25594 9
-3.68483 -3.04422 9
-3.74186 -4.34448 9
0.86783 3.74828 10
2.31957 4.29967 10
2.0932 4.45763 10
1.3627 3.71981 10
1.81116 3.71827 10
2.69386 5.27185 10
0.337325 3.0856 10
1.9296 4.2052 10
1.40281 4.13233 10
0.81011 3.65952 10
1.96923 4.49978 10
2.69681 4.32697 10
1.20798 2.80034 10
2.34111 3.98436 10
2.34407 3.87503 10
2.85042 5.05594 10
2.53951 4.36881 10
1.65912 4.20336 10
0.716571 3.37465 10
3.13733 5.01389 10
2.07504 4.04716 10
2.00191 4.13152 10
0.413139 3.00961 10
1.83278 4.47363 10
1.96254 4.16126 10
2.50031 5.50534 10
2.43408 3.74841 10
2.40109 5.55396 10
3.40207 5.65806 10
1.9501 3.95186 10
2.44861 5.34133 10
2.55917 3.85812 10
2.99049 5.70968 10
2.34692 4.91628 10
1.98294 4.15125 10
2.43054 4.10317 10
2.17683 4.83108 10
1.12611 4.10368 10
3.04629 5.30486 10
2.22911 4.4842 10
2.55316 5.45036 10
2.24156 4.24344 10
2.22676 4.98946 10
1.23386 3.20882 10
2.64638 4.40993 10
2.15989 4.17004 10
2.62775 4.37006 10
3.27013 4.6271 10
2.17882 5.25217 10
2.50635 4.43976 10
1.64323 4.02705 10
1.88782 4.2158 10
2.82691 5.00774 10
2.22593 4.31919 10
1.76702 4.1501 10
3.19848 4.68361 10
0.992777 3.53625 10
-0.144406 2.62274 10
0.991984 3.45643 10
1.92723 4.75747 10
2.73034 4.35245 10
1.47917 3.29535 10
3.17846 5.58722 10
2.67743 5.01168 10
2.64614 5.44654 10
2.32938 5.30576 10
2.2274 3.69426 10
2.57598 5.36331 10
2.71373 4.53735 10
2.68953 4.37891 10
1.65874 4.12336 10
2.55133 4.41637 10
2.43401 5.03967 10
2.7531 5.5104 10
1.58195 3.8205 10
2.42978 4.25062 10
1.6519 4.26607 10
1.77607 4.95683 10
1.82653 4.26349 10
0.337557 2.6343 10
1.31072 3.7079 10
1.89037 4.45144 10
2.0923 4.15334 10
1.52698 4.11709 10
2.56172 -5.21359 11
3.63766 -5.4595 11
4.35177 -6.99063 11
3.52044 -5.28626 11
3.47582 -5.93382 11
2.91422 -6.04103 11
2.30521 -5.0221 11
2.85539 -5.27793 11
2.46968 -6.44137 11
4.49031 -6.66786 11
2.76282 -5.20022 11
2.65021 -5.25367 11
3.03085 -5.76343 11
2.07425 -5.19448 11
2.02809 -5.01934 11
2.54746 -5.54984 11
3.29835 -6.30976 11
3.63711 -5.86923 11
2.35152 -5.23686 11
3.01103 -5.74802 11
3.56913 -6.92639 11
2.41281 -5.44855 11
2.95886 -5.93425 11
2.6412 -5.97536 11
2.1305 -6.41035 11
4.05812 -6.16658 11
3.83274 -5.97946 11
3.94996 -6.60902 11
2.08726 -4.84531 11
3.57517 -6.48406 11
1.8356 -5.52073 11
2.82529 -5.60682 11
4.31616 -5.52852 11
4.29119 -5.75673 11
7.48194 8.31192 12
5.49823 8.5264 12
7.54667 8.85137 12
7.8357 8.45856 12
5.773 8.34908 12
6.02992 8.95693 12
8.09202 8.88554 12
6.22796 8.68214 12
6.92688 8.67892 12
8.29854 8.74325 12
4.71211 8.48109 12
6.74432 8.60293 12
6.39963 8.84945 12
7.81213 8.7983 12
7.52972 8.81546 12
7.74826 8.4928 12
7.47745 8.55356 12
6.18035 9.0701 12
5.63745 8.50494 12
6.39377 8.30723 12
5.52348 8.36343 12
7.75827 8.72553 12
6.73858 9.15912 12
5.71174 8.62872 12
7.42118 8.83022 12
6.08161 8.99461 12
7.32827 8.86899 12
6.73632 8.84323 12
5.609 8.32851 12
5.55271 7.81088 12
7.00757 8.7295 12
7.97727 8.64556 12
7.45089 8.57748 12
6.56861 8.42144 12
5.98858 8.50952 12
6.75688 8.97089 12
7.82649 8.63245 12
6.08692 8.49085 12
6.86757 8.68822 12
6.74672 8.65819 12
5.82819 8.85238 12
5.82842 8.64598 12
6.09936 8.52521 12
5.02507 8.85896 12
6.39395 8.94274 12
7.0084 8.55875 12
6.86873 8.67822 12
6.44367 8.4204 12
6.85847 8.60685 12
6.90317 8.55456 12
5.87178 8.6054 12
8.09579 8.31549 12
6.94361 8.94998 12
6.38213 8.3832 12
7.1006 8.6668 12
7.53056 8.6681 12
4.88711 8.66164 12
5.87709 9.15685 12
7.66262 8.71344 12
5.21574 8.42106 12
6.28572 8.69323 12
5.89013 8.76767 12
5.65339 8.07763 12
6.572 8.30159 12
6.95922 8.89458 12
7.37335 8.49941 12
8.95265 8.39217 12
6.64793 9.12311 12
6.00237 8.76073 12
6.23435 8.40568 12
7.44078 8.43856 12
3.8812 1.55896 13
4.49052 0.540787 13
4.59425 0.330808 13
3.8061 1.37192 13
4.24618 1.11081 13
4.30476 0.948492 13
3.80692 1.16503 13
4.419 0.578165 13
4.33691 0.794514 13
4.30453 1.5421 13
4.46994 0.883905 13
4.76117 0.913825 13
4.22717 1.16662 13
4.20866 1.24451 13
4.16038 0.999311 13
3.47049 1.70545 13
4.14389 0.780152 13
4.20208 0.965044 13
4.83829 0.560208 13
4.27336 0.616727 13
4.18464 0.688833 13
4.4809 0.484962 13
4.19515 0.899024 13
4.06302 1.80667 13
4.97007 0.359347 13
3.72219 2.04018 13
4.31771 1.0411 13
8.07083 5.46352 14
8.34431 6.04511 14
7.88967 6.29886 14
7.40397 6.03552 14
7.77175 7.34709 14
7.93344 6.68214 14
7.57978 5.99777 14
7.75747 6.61209 14
7.54359 6.6129 14
8.15872 6.5548 14
8.21639 5.81503 14
7.34414 6.82547 14
7.45909 7.55356 14
7.61157 5.97939 14
7.78295 5.68205 14
7.94178 6.06966 14
8.03568 5.44496 14
8.04203 6.67653 14
7.70043 6.30627 14
7.88309 6.11788 14
7.58281 6.09273 14
7.59934 5.89373 14
7.51262 6.74564 14
7.44783 5.85517 14
7.79566 6.14947 14
7.78559 6.58688 14
7.8317 6.50096 14
7.69047 5.72335 14
8.1557 5.77357 14
7.56347 7.35941 14
7.79811 6.54594 14
7.6812 5.74458 14
7.70122 6.65151 14
7.9606 5.37344 14
7.75557 6.39135 14
7.90347 5.45113 14
7.2959 6.43477 14
7.9112 6.97412 14
8.22457 6.28028 14
7.70835 6.53735 14
8.24111 5.8358 14
8.01083 5.47559 14
7.71151 6.32292 14
8.10581 6.09036 14
7.51493 6.81708 14
7.3766 6.524 14
8.08954 5.47633 14
8.00242 6.31392 14
7.67947 6.40907 14
7.68253 6.60812 14
7.37691 6.26994 14
7.77008 6.50736 14
7.71933 6.82911 14
7.96709 6.67148 14
-4.87776 5.92447 15
-3.42421 5.39834 15
-5.06967 6.62576 15
-5.36134 7.14934 15
-5.8267 6.94955 15
-4.30539 6.19412 15
-4.63343 6.35285 15
-4.15122 5.4054 15
-5.07665 6.48438 15
-4.51914 5.89018 15
-4.31781 5.59936 15
-4.717 6.3556 15
-4.97413 6.22899 15
-4.19032 6.35404 15
-6.82344 -9.62681 16
-7.05535 -10.2936 16
-7.09562 -9.26736 16
-6.34376 -9.05121 16
-7.86845 -9.04325 16
-6.839 -10.3744 16
-6.03004 -9.02228 16
-6.76254 -9.96143 16
-6.38448 -9.63729 16
-7.15293 -9.90675 16
-7.57571 -8.81625 16
-5.83421 -8.98997 16
-6.78751 -10.1599 16
-7.00113 -10.5 16
-6.64037 -9.85626 16
-6.80671 -9.74741 16
-7.43133 -11.2892 16
-6.37124 -8.93479 16
-6.08402 -8.27656 16
9.81547 0.729964 17
9.03596 -0.971396 17
9.75609 0.911355 17
8.75739 0.676074 17
9.20027 -0.850486 17
9.65841 -3.89077 17
9.94684 0.229023 17
10.0659 -1.999 17
9.93809 1.43902 17
11.056 -0.381417 17
9.39865 -2.74603 17
10.3209 0.409933 17
10.79 0.179038 17
10.1727 -1.11892 17
10.4758 -0.347266 17
8.63559 1.44911 17
10.0021 -0.418517 17
9.12309 0.374757 17
10.8481 -1.43227 17
9.31617 1.27998 17
9.28855 -0.306894 17
9.63009 -0.395369 17
8.97025 -2.52231 17
10.1162 -0.970712 17
11.2262 0.980361 17
9.9061 1.36407 17
9.11794 -2.92004 17
11.2758 -1.72939 17
11.1516 -0.774444 17
10.3262 -0.682372 17
9.91939 -2.20042 17
10.5712 0.0518448 17
10.257 0.61996 17
10.6913 -1.2434 17
10.5921 0.847675 17
10.0868 -2.23504 17
9.87085 1.17702 17
10.41 1.3216 17
9.62439 -0.499754 17
10.4588 -0.156663 17
11.0616 -1.94783 17
10.2643 -2.18967 17
9.17162 -0.721095 17
9.19981 0.689368 17
10.6498 -2.76171 17
10.4061 -1.06475 17
8.93412 -1.59216 17
10.1838 -1.35096 17
9.62863 -0.754329 17
9.73767 0.751724 17
10.0301 -1.77221 17
-5.65132 -7.92622 18
-3.72521 -6.82098 18
-4.97739 -8.00895 18
-4.05097 -6.40489 18
-4.66198 -7.20344 18
-5.19605 -7.79556 18
-5.15551 -6.02274 18
-4.54082 -7.2637 18
-3.5842 -6.77655 18
-4.49977 -6.57701 18
-4.97274 -7.18103 18
-5.67442 -7.55863 18
-5.48152 -6.56358 18
-4.25027 -6.99883 18
-4.59298 -6.63944 18
-5.79147 -6.90507 18
-5.81425 -6.72979 18
-4.98345 -6.6153 18
-4.80296 -7.19572 18
-4.53181 -6.41096 18
-5.67853 -7.31956 18
-4.37731 -7.41847 18
-5.01754 -8.35898 18
-3.26406 -7.04803 18
-4.87182 -7.01129 18
-4.30546 -7.59182 18
-4.65327 -7.25309 18
-5.18769 -8.24864 18
-5.9385 -7.29125 18
-4.49594 -6.83895 18
-4.75573 -6.90979 18
-4.37163 -7.00282 18
-4.70257 -6.87767 18
-5.35391 -6.39991 18
-4.84908 -6.68238 18
-5.54802 -6.47916 18
-4.91446 -7.22931 18
-4.41206 -6.48552 18
-3.94868 -6.97535 18
-5.66129 -7.13026 18
-5.00522 -6.98292 18
-4.48491 -8.13484 18
-5.00353 -7.27544 18
-4.92136 -7.79785 18
-5.25624 -7.656 18
-4.34784 -6.97184 18
-3.94483 -7.5931 18
-4.88432 -6.64625 18
-6.17353 -7.70536 18
-3.60865 -6.93126 18
-4.50114 -6.50583 18
-4.83627 -7.01822 18
-4.88474 -8.09539 18
-4.96738 -8.05938 18
-4.13771 -6.97363 18
-5.26815 -6.72237 18
2.93541 6.25883 19
4.03007 7.16154 19
3.60093 6.5945 19
3.25444 7.23283 19
4.05771 7.88114 19
3.638 7.13156 19
3.67554 6.76097 19
3.24709 6.19655 19
3.9302 6.98527 19
3.2097 6.66957 19
4.12487 7.16652 19
4.47359 8.00641 19
3.46223 7.10194 19
3.38623 6.50578 19
3.6618 6.72317 19
3.22631 6.56331 19
3.97219 7.53266 19
3.22615 6.89768 19
3.66608 7.15849 19
-2.09732 7.70418 20
-2.1018 7.65571 20
-2.08992 7.00175 20
-2.08893 7.11883 20
-2.06958 7.00959 20
-2.10104 7.12159 20
-2.02064 7.91418 20
-2.14751 7.72788 20
-2.10166 7.1576 20
-1.99618 7.53028 20
-2.02151 7.50221 20
-2.05009 7.72433 20
-2.03248 7.47929 20
-2.00105 7.69066 20
-2.07729 6.81147 20
-2.11997 7.94484 20
-2.09456 7.2888 20
-2.06605 7.56856 20
-2.03047 6.8112 20
-2.06496 7.49501 20
-2.06793 6.90294 20
-2.01987 7.40621 20
-2.09942 7.60331 20
-2.03747 6.76 20
-2.07351 7.28013 20
-2.03164 7.93935 20
-2.11159 7.16351 20
-2.10078 7.25284 20
-2.02451 7.94237 20
-2.03195 7.99895 20
-2.0345 7.61029 20
-2.07086 7.41896 20
-2.1604 7.76518 20
-2.16467 7.12185 20
-2.12167 7.51266 20
-2.11443 7.89414 20
-2.1088 7.8219 20
-2.04645 7.58586 20
-2.09248 7.30881 20
-2.05687 7.14524 20
-1.95445 7.75572 20
-2.1483 7.50172 20
-2.07125 7.41719 20
-2.07965 7.23373 20
-2.12093 7.97573 20
-2.16318 7.23332 20
-2.07784 7.26122 20
-2.05558 7.67123 20
-2.12777 7.55646 20
-2.10355 7.39767 20
-2.21835 7.2252 20
-2.10101 7.6842 20
-2.07394 7.74939 20
-2.05856 7.71651 20
-2.06942 7.54734 20
-2.0494 7.80257 20
-2.03795 7.53088 20
-2.03219 8.22825 20
-2.08328 7.07369 20
-1.99929 7.2835 20
-2.03609 8.219 20
-2.00715 7.63763 20
-2.118 7.36923 20
-2.09491 7.82849 20
-2.06264 7.17392 20
-2.0935 8.05421 20
-2.09543 7.30194 20
-2.0557 7.35782 20
-2.06204 7.54461 20
-2.14429 7.79086 20
-2.00207 7.81842 20
-2.11397 7.34314 20
-2.01593 7.81169 20
-1.97354 7.81385 20
-2.06757 7.60204 20
-2.04405 7.78637 20
-2.08836 7.55076 20
-1.99151 7.78977 20
-2.12166 7.23336 20
-2.06188 7.80452 20
-2.05354 7.76704 20
-2.10104 7.81779 20
-2.06573 7.43059 20
-2.02409 7.48714 20
-2.17532 8.00475 20
-2.13196 7.93097 20
-2.0661 7.98339 20
-1.9193 7.20095 20
-2.05455 7.30095 20
-2.05936 7.48611 20
-2.0826 7.66812 20
-1.94668 7.73047 20
-2.01125 7.00652 20
-9.37169 -4.97348 21
-10.0411 -6.0813 21
-10.3926 -5.80175 21
-9.44005 -4.91754 21
-10.3725 -6.28068 21
-9.60162 -5.55651 21
-9.69529 -5.19076 21
-9.91723 -4.67543 21
-9.18978 -4.28895 21
-9.86322 -5.17692 21
-10.9888 -6.002 21
-9.99521 -5.08391 21
-9.97359 -5.91435 21
-10.3501 -5.10222 21
-10.1921 -5.19055 21
-9.61191 -5.20846 21
-10.3983 -5.79904 21
-9.49965 -5.02298 21
-9.25337 -4.7512 21
-9.23394 -4.5702 21
-10.0615 -5.13761 21
-9.72306 -6.11877 21
-9.94786 -5.17466 21
-10.2124 -6.04337 21
-9.72924 -4.52401 21
-9.70959 -4.93373 21
-9.38347 -5.12233 21
-9.16044 -4.10959 21
-11.0488 -6.12495 21
-10.0142 -5.33959 21
-10.3433 -5.92248 21
-10.1582 -5.83839 21
-9.72402 -5.26631 21
-9.75299 -4.66233 21
-9.83881 -5.50607 21
-9.52305 -3.91595 21
-9.65774 -5.07235 21
-10.2918 -5.38585 21
-10.3206 -6.11992 21
-10.1075 -5.54151 21
-9.39913 -5.17074 21
-10.0893 -5.70503 21
-9.42847 -4.79615 21
1.74044 9.5842 22
0.94749 10.127 22
3.39612 9.90536 22
2.74899 10.2751 22
1.85597 9.77646 22
3.06751 9.84883 22
3.09916 9.93244 22
3.73281 10.0595 22
2.59318 10.0783 22
3.80716 11.1122 22
4.02708 9.9307 22
2.43405 10.1109 22
1.85999 10.2679 22
2.12182 9.96671 22
1.73399 10.4665 22
2.92895 10.3246 22
3.8905 9.78418 22
3.3457 10.0494 22
-0.0922626 10.2018 22
3.23782 9.56453 22
4.06548 10.1895 22
3.77079 9.97342 22
1.69883 9.60847 22
3.39448 9.25109 22
3.36974 9.83935 22
3.65414 9.56485 22
4.68046 9.93791 22
1.49455 9.84163 22
0.951457 10.0426 22
2.69236 10.0708 22
3.82696 9.76447 22
3.35172 10.3478 22
0.285403 9.58875 22
2.95356 9.73693 22
1.88316 9.9031 22
3.50948 10.3183 22
2.44918 9.93564 22
2.95459 10.2067 22
3.27719 9.7736 22
1.66006 10.2572 22
3.59222 9.56891 22
3.88574 10.0547 22
2.43641 10.0429 22
2.39296 10.2225 22
0.844013 9.60033 22
2.49983 9.90838 22
0.995438 9.67202 22
2.38804 10.1946 22
-10.2562 -8.69999 23
-8.4923 -10.0812 23
-10.5445 -8.34936 23
-10.433 -8.8159 23
-8.89128 -10.4448 23
-11.606 -8.33026 23
-11.1387 -8.27134 23
-10.5209 -8.95925 23
-8.94902 -10.9272 23
-10.9567 -8.6816 23
-10.6314 -7.73841 23
-9.90637 -9.27377 23
-9.02927 -10.091 23
-8.04992 -11.1396 23
-8.61764 -9.80077 23
-10.7379 -8.71007 23
-8.70381 -11.4136 23
-10.2717 -9.16609 23
-11.493 -8.06528 23
-9.43907 -9.97585 23
-11.0081 -8.05317 23
-9.61738 -9.20698 23
-10.0266 -9.02584 23
-10.1092 -9.49589 23
-9.04851 -10.4603 23
-9.52578 -8.72922 23
-8.55261 -10.5822 23
-9.43797 -9.3589 23
-11.266 -7.86269 23
-10.3488 -9.16631 23
-9.93591 -9.32097 23
-9.45098 -9.84894 23
-8.18278 -10.4854 23
-8.37357 -10.7448 23
-11.3067 -7.28954 23
-8.50417 -9.89747 23
-10.8141 -8.37104 23
-9.97455 -8.77132 23
-9.19764 -9.20295 23
-8.13076 -10.1006 23
-8.12362 -11.958 23
-8.47067 -10.499 23
-10.9083 -8.65094 23
-8.14728 -10.6606 23
-10.5146 -8.60964 23
-10.3153 -9.37027 23
-10.4146 -8.56957 23
-11.2445 -7.4025 23
-8.4712 -10.7944 23
-8.71269 -10.2862 23
-8.26655 -11.4046 23
-9.02407 -11.3668 23
-8.62128 -9.76391 23
-10.8683 -8.69852 23
-7.82931 -11.6878 23
-9.74035 -8.67822 23
-8.66833 -10.1251 23
-10.2884 -8.30035 23
-10.9997 -7.32513 23
-9.26734 -9.33243 23
-9.11554 -10.0514 23
-9.14371 -8.75981 23
-9.54417 -9.96146 23
-10.3119 -7.74129 23
-9.49545 -9.90994 23
-9.11551 -10.4631 23
-7.86834 -11.9339 23
-10.5335 -8.4738 23
-10.9578 -9.08748 23
-10.2647 -9.86223 23
-9.23713 -10.2136 23
-8.24384 -11.2243 23
-9.51564 -10.0968 23
-6.68984 -12.5697 23
-8.9842 -9.79671 23
-10.6618 -9.31205 23
-8.43896 -10.9257 23
-10.1491 -9.51066 23
-10.333 -9.50351 23
-10.2785 -7.61331 23
-8.47309 -11.052 23
-9.86454 -9.63069 23
-9.93599 -10.0216 23
-9.96769 -8.61917 23
-8.23143 -10.0358 23
-8.27315 -10.589 23
-9.18878 -9.92285 23
-11.3541 -7.85511 23
-9.34539 -10.3555 23
-9.39143 8.035 24
-9.69046 7.70148 24
-9.63788 7.82206 24
-9.55002 8.02254 24
-9.62651 7.80679 24
-9.28634 8.12626 24
-9.59744 8.13599 24
-8.92538 8.45883 24
-9.32545 8.20789 24
-8.92277 8.19301 24
-9.33005 8.39797 24
-9.33286 7.9672 24
-9.36612 8.06151 24
-9.41205 8.01545 24
-8.88234 8.65646 24
-9.39767 7.90509 24
-9.28076 8.01141 24
-9.18998 8.37359 24
-9.21806 8.19099 24
-8.95056 8.8436 24
-9.30737 8.23587 24
-9.37694 8.13584 24
-9.51928 8.11078 24
-7.66957 -8.77363 25
-7.70532 -9.0065 25
-7.80368 -7.69851 25
-7.65791 -8.10858 25
-7.68007 -10.4527 25
-7.6859 -10.3674 25
-7.65396 -9.72707 25
-7.74288 -6.88725 25
-7.72784 -9.81685 25
-7.66851 -10.9143 25
-7.6147 -10.248 25
-7.74906 -9.60815 25
-7.64429 -7.73832 25
-7.71626 -8.53958 25
-7.71008 -7.5163 25
-7.80585 -7.59901 25
-7.70325 -8.87842 25
-7.68524 -10.7224 25
-7.6709 -7.54763 25
-7.70059 -7.53878 25
-7.80133 -7.16933 25
-7.60973 -9.2172 25
-7.67229 -8.15851 25
-7.79321 -9.66402 25
-7.85872 -10.1482 25
-7.69732 -9.97634 25
-7.74765 -10.1972 25
-7.72709 -10.0627 25
-7.72334 -8.17046 25
-7.82476 -8.55384 25
-7.60395 -9.84805 25
-7.78971 -9.24465 25
-7.7472 -10.3726 25
-7.64501 -11.1244 25
-7.84285 -7.56564 25
-7.87206 -10.2134 25
-7.67814 -9.55048 25
-7.70048 -9.95982 25
-7.76862 -10.442 25
-7.8574 -7.95944 25
-7.59581 -9.52371 25
-7.68459 -7.65914 25
-7.65534 -8.33852 25
-7.76214 -8.46905 25
-7.71004 -8.63132 25
-7.70263 -11.3538 25
-7.69417 -9.53404 25
-7.79268 -9.62885 25
-7.70125 -8.15257 25
-7.8397 -10.2703 25
-7.7408 -8.98054 25
-7.73742 -9.59993 25
-7.67927 -9.46179 25
-7.78401 -8.44195 25
-7.78875 -9.10453 25
-7.73038 -9.18159 25
-7.67862 -9.8939 25
-7.76927 -9.10452 25
-7.66016 -10.9686 25
-7.61094 -8.6662 25
-7.77196 -9.62311 25
-7.84414 -9.64181 25
-7.6156 -7.573 25
-7.87714 -9.60107 25
-7.75113 -9.28037 25
-7.74853 -9.22138 25
-7.70383 -9.96188 25
-7.7434 -10.2737 25
-7.79274 -9.7412 25
-7.64449 -8.98427 25
-7.82338 -9.52903 25
-7.66972 -9.8052 25
-7.69307 -9.16499 25
-7.74699 -8.93984 25
-7.74916 -9.76171 25
-7.77937 -9.15193 25
-7.7511 -8.90093 25
-7.70863 -8.80535 25
-7.7352 -7.92048 25
-7.79168 -8.53607 25
-2.02878 9.25148 26
-2.10365 9.13342 26
-2.1706 9.1013 26
-2.20938 8.92405 26
-2.10376 9.22627 26
-2.01668 9.12992 26
-2.22011 9.18927 26
-2.22439 9.2003 26
-2.1726 9.10239 26
-2.26535 8.75035 26
-2.30186 8.98769 26
-2.14526 9.23141 26
-2.10123 9.36052 26
-2.34961 8.63583 26
-2.1276 8.99795 26
-2.23361 8.98412 26
-2.13105 9.13381 26
-2.12014 9.18319 26
-2.0651 9.08153 26
-2.30523 9.02587 26
-2.26155 9.00693 26
-2.27844 8.81489 26
-2.24664 9.01549 26
-1.85115 8.78695 26
-2.37096 8.78577 26
-2.09829 8.94297 26
-2.15816 9.0214 26
-2.31576 9.05206 26
-2.05631 9.01927 26
-1.96416 9.13354 26
-2.27722 8.83727 26
-1.93523 9.17072 26
-2.36153 8.75733 26
-2.11623 9.19948 26
-2.03757 9.03311 26
-2.04842 9.01474 26
-1.93938 9.17923 26
-1.85134 9.3092 26
-2.0796 9.15395 26
-1.94226 9.18714 26
-1.91208 9.30048 26
-1.97622 8.99689 26
-2.02122 9.2867 26
9.55765 -1.4234 27
9.61968 -1.30225 27
9.51812 -1.29555 27
9.57335 -1.36406 27
9.61436 -1.77219 27
9.59914 -1.48654 27
9.47076 -1.38374 27
9.65448 -1.13435 27
9.69434 -1.08247 27
9.51445 -1.78423 27
9.52519 -1.09241 27
9.58101 -1.40238 27
9.52189 -1.2259 27
9.57891 -1.55208 27
1.35586 -1.70118 28
1.38646 -1.56627 28
1.09747 -1.4923 28
1.45065 -1.52191 28
0.714817 -2.48025 28
1.46222 -2.18636 28
0.0930453 -2.61394 28
0.946353 -2.0718 28
0.381308 -2.19132 28
1.17871 -1.57597 28
0.93063 -2.02862 28
0.640234 -2.06457 28
1.08549 -2.48433 28
1.69102 -1.27223 28
0.922618 -1.95032 28
0.621486 -2.0321 28
0.889381 -1.81028 28
0.369765 -2.34777 28
1.40609 -1.65317 28
0.951414 -1.81057 28
1.39469 -1.52607 28
0.358368 -1.95185 28
1.79632 -1.49884 28
0.10187 -2.45976 28
1.40053 -1.74783 28
0.94013 -2.2607 28
0.745849 -2.6732 28
0.771102 -2.03639 28
1.90478 -1.31331 28
0.363129 -2.31447 28
1.34431 -1.71754 28
0.615203 -2.64951 28
0.67159 -2.37975 28
1.34224 -1.87212 28
1.144 -1.8517 28
-0.178925 -2.82498 28
1.49537 -1.44188 28
0.643067 -2.24318 28
1.30414 -1.48236 28
0.100496 -2.79046 28
1.26394 -1.28417 28
0.305253 -2.74824 28
0.874037 -1.9033 28
-9.46698 -7.57576 29
-9.42502 -7.7952 29
-9.59375 -7.73516 29
-9.49985 -7.72866 29
-9.34247 -7.31979 29
-9.39207 -7.71199 29
-9.4005 -7.57359 29
-9.69548 -7.61472 29
-9.55341 -7.81739 29
-9.48674 -7.82755 29
-9.56248 -7.54454 29
-9.61333 -7.99126 29
-9.61588 -7.45648 29
-9.46321 -7.72717 29
-9.60623 -7.80715 29
-9.37269 -7.64155 29
-9.61161 -7.70887 29
-9.64125 -7.60907 29
-9.45322 -7.77293 29
-9.60393 -7.68895 29
-9.4958 -7.49112 29
-9.37642 -7.72027 29
-9.5491 -7.60165 29
-9.50856 -7.59207 29
-9.50653 -7.61276 29
-9.75956 -7.94049 29
-9.38196 -7.64543 29
-9.4361 -7.58739 29
-9.68067 -7.8342 29
-9.51244 -7.98992 29
-9.44532 -7.51824 29
-9.46327 -7.70738 29
-9.46928 -7.78988 29
-9.36678 -7.60846 29
-9.68603 -7.66767 29
-9.43758 -7.59095 29
-9.43374 -7.50001 29
-9.72221 -7.85607 29
-9.60026 -7.748 29
-9.46312 -7.78831 29
-9.55484 -7.86784 29
-9.46279 -7.77558 29
-9.47405 -7.58253 29
-9.64417 -7.66232 29
-9.56543 -7.77523 29
-9.46273 -7.7122 29
-9.59798 -7.74632 29
-9.56773 -7.53983 29
-9.54173 -7.58 29
-9.54878 -7.75967 29
-9.48878 -7.63006 29
-9.61969 -7.69945 29
-9.41829 -7.89251 29
-9.56809 -7.76656 29
-9.54366 -7.61125 29
-9.5221 -7.54669 29
-9.5505 -7.76407 29
-9.57193 -7.5995 29
-9.48298 -7.65924 29
-9.46742 -7.59713 29
-9.48103 -7.49267 29
-9.50509 -7.87525 29
-9.57839 -7.41411 29
-9.45084 -7.81617 29
-9.48363 -7.52701 29
-9.51292 -7.82889 29
-9.37233 -7.45595 29
-9.70472 -7.81837 29
3.7424 3.6359 30
3.73553 4.04286 30
3.2792 3.07941 30
3.37037 3.31768 30
3.46323 3.47752 30
3.54885 3.68424 30
3.86494 3.80156 30
3.22629 3.64038 30
2.68667 3.13091 30
3.29355 3.45745 30
3.45496 3.52221 30
4.04716 3.7636 30
2.95843 3.38966 30
3.55983 3.30702 30
3.23903 3.5316 30
3.45293 3.24325 30
3.11483 3.08149 30
3.9883 3.65672 30
3.92462 3.97276 30
3.99572 4.31567 30
3.97372 4.10139 30
2.98793 3.44579 30
3.32511 3.46991 30
2.77902 2.76945 30
3.37122 3.65846 30
3.44035 3.66758 30
2.51363 2.64416 30
3.4408 3.53859 30
3.96936 3.92224 30
3.15869 3.45366 30
3.33819 3.44034 30
3.02584 3.05631 30
3.28218 3.47051 30
4.25181 3.98731 30
4.01493 3.93931 30
3.76671 3.84293 30
2.91524 3.64757 30
3.30374 3.43826 30
3.576 3.37817 30
3.62806 3.41666 30
3.60413 4.14465 30
4.19778 3.84543 30
3.58321 3.61747 30
3.41473 3.6924 30
3.70096 3.7415 30
2.9648 3.10343 30
3.78246 3.71872 30
3.14344 3.73313 30
2.95778 3.49254 30
3.50847 3.66683 30
7.13062 0.630045 31
7.50696 0.31175 31
8.61487 0.023614 31
7.20076 -0.318803 31
7.08881 0.111428 31
7.62681 0.435359 31
7.12115 1.19134 31
7.33736 0.92031 31
7.84359 0.506128 31
7.12158 -0.504195 31
8.07547 0.192663 31
-0.527414 -6.5875 32
-1.29454 -6.77342 32
-0.0036056 -6.6238 32
-0.942023 -6.85254 32
-0.499754 -6.90068 32
-0.645222 -6.82098 32
0.522744 -6.79482 32
-0.853056 -6.90836 32
-1.18791 -6.94439 32
-0.61078 -6.38702 32
-0.451561 -6.68409 32
-0.125413 -6.69705 32
-0.74164 -6.96912 32
-0.533147 -6.74782 32
0.00181609 -6.63239 32
-0.932976 -6.62404 32
0.513767 -6.98701 32
0.131847 -6.87503 32
-0.599844 -7.30251 32
0.53754 -6.65617 32
-0.372175 -6.76182 32
-0.718044 -6.47175 32
-0.0113886 -6.52173 32
-1.04961 -6.83488 32
-0.539058 -6.60153 32
-0.2902 -6.71498 32
-0.475257 -6.64446 32
-1.06328 -6.46316 32
-1.16592 -6.50648 32
0.124774 -6.58838 32
-1.15257 -6.85638 32
-0.0809675 -6.38764 32
-1.20798 -6.896 32
0.459243 -6.69675 32
-0.860537 -6.65458 32
-0.509008 -6.6617 32
-1.27024 -6.71698 32
-0.88235 -7.01401 32
0.054112 -6.95554 32
0.428153 -7.06433 32
-1.31229 -6.69264 32
-0.850034 -7.12923 32
-1.81706 -6.80881 32
-0.141251 -6.79174 32
-2.19063 -6.63472 32
-0.545713 -6.82497 32
0.338944 -6.50773 32
-0.461181 -6.84781 32
-0.370527 -6.64745 32
-0.380973 -6.72285 32
-0.537632 -7.11557 32
-0.421302 -6.72108 32
0.0454151 -6.68126 32
-0.782462 -6.64014 32
-0.910303 -6.99628 32
-0.617946 -6.27026 32
-1.21554 -6.42919 32
0.14283 -6.63309 32
-0.230336 -6.96225 32
0.237474 -6.64127 32
-0.980702 -6.6411 32
-1.23938 -6.74491 32
-0.499639 -6.43812 32
-0.945455 -6.62818 32
-1.19094 -6.71218 32
-1.24773 -6.67333 32
0.282724 -6.69871 32
-0.60118 -6.67677 32
0.0672073 -6.38833 32
0.219101 -6.97789 32
-1.24689 -6.78147 32
-1.30829 -6.78282 32
-0.844952 -6.62301 32
-1.09793 -7.04008 32
-0.494187 -6.67137 32
1.10222 -6.70183 32
-1.21253 -6.29774 32
0.160431 -7.07307 32
-0.626096 -6.61764 32
-0.796515 -7.06497 32
-2.66141 -6.81076 32
-0.82621 -6.74777 32
0.331362 -6.90459 32
0.190145 -6.75145 32
0.133885 -7.15721 32
-0.509317 -7.13805 32
-0.0780705 -6.90956 32
-0.061406 -6.89744 32
-2.06828 -6.53595 32
1.50217 -6.69164 32
-0.191861 -6.60818 32
-0.662082 -6.65102 32
0.0283882 -6.81989 32
5.76414 -8.07939 33
5.43979 -7.88725 33
6.09388 -7.64424 33
5.35669 -7.47842 33
5.75376 -7.14719 33
6.11244 -7.97413 33
5.69383 -8.13858 33
6.12848 -7.8725 33
5.52751 -7.98828 33
6.43544 -7.83849 33
5.94313 -7.65099 33
6.00965 -8.35506 33
5.95727 -8.50087 33
5.63646 -8.54796 33
6.04293 -8.13949 33
5.59612 -7.08486 33
6.02792 -7.64552 33
5.80808 -7.97061 33
5.9968 -7.496 33
6.03665 -7.90409 33
5.97306 -8.12252 33
5.44347 -7.86721 33
6.27106 -7.84257 33
6.03422 -7.81221 33
5.59315 -8.13996 33
5.36444 -8.23515 33
6.48305 -7.72421 33
5.43022 -8.29886 33
5.7266 -7.77903 33
6.20226 -7.64702 33
5.65306 -7.76132 33
5.55363 -8.10524 33
5.64677 -7.80495 33
5.49858 -7.45001 33
5.83459 -7.79891 33
5.38278 -7.62972 33
5.72371 -8.1745 33
5.34867 -8.05471 33
6.08849 -8.00137 33
5.92142 -8.0963 33
5.57848 -7.71271 33
5.69364 -8.1354 33
6.01063 -7.98339 33
5.31092 -8.02173 33
5.34763 -7.73938 33
5.82924 -7.86551 33
5.65018 -6.97558 33
5.62155 -7.96223 33
5.55991 -8.17052 33
6.06475 -8.405 33
5.87736 -8.06262 33
5.38622 -7.69873 33
6.3902 -8.2567 33
6.40468 -7.29773 33
6.19072 -7.43526 33
5.95924 -7.94361 33
5.88699 -7.70106 33
5.70691 -8.5208 33
5.48256 -8.36589 33
5.60906 -7.84033 33
5.61937 -7.83975 33
6.11805 -7.96291 33
6.03521 -7.97316 33
6.64818 -8.09981 33
5.52614 -8.01288 33
5.5889 -7.88007 33
5.93102 -8.16147 33
6.02231 -7.42488 33
5.86752 -7.66495 33
6.01301 -7.74786 33
6.02979 -8.12875 33
5.65012 -8.51608 33
5.47259 -8.27641 33
6.29229 -7.538 33
5.20288 -7.94555 33
5.92295 -8.02732 33
5.62303 -8.03975 33
5.98632 -7.31056 33
5.97803 -7.71962 33
6.00016 -7.75486 33
5.79376 -8.25818 33
5.61546 -7.98254 33
5.58454 -7.76388 33
5.7678 -7.47605 33
6.19899 -7.52465 33
6.1823 -7.38283 33
5.92389 -7.5738 33
5.62141 -7.94812 33
6.2141 -7.48765 33
6.10315 -7.91051 33
5.52065 -8.30309 33
5.85123 -8.42228 33
5.5234 -7.88673 33
5.92933 -8.03961 33
5.88146 -7.58776 33
5.65391 -7.92557 33
5.99397 -8.31485 33
5.51301 -7.88952 33
5.35475 -7.30304 33
6.40523 -7.61066 33
6.17892 -7.9245 33
6.26295 -7.70091 33
5.63405 -8.09592 33
5.69848 -8.08776 33
5.98117 -8.14668 33
6.0438 -8.21641 33
5.73455 -8.1091 33
5.95793 -7.93841 33
5.53094 -8.05442 33
-1.4869 1.7805 34
-1.38754 1.18176 34
-2.30477 3.39813 34
-2.07358 1.78261 34
-1.70537 2.79992 34
-2.00195 1.31423 34
-2.50479 1.96604 34
-2.07496 1.20919 34
-1.55405 3.84851 34
-1.18178 1.82396 34
-1.53189 3.46115 34
-1.53132 2.0581 34
-1.36361 2.39615 34
-0.811708 3.34374 34
-1.76689 2.25803 34
-2.24099 2.83701 34
-2.32192 1.34907 34
-2.27187 1.29009 34
-0.609735 3.13085 34
-0.748195 2.44677 34
-1.99794 0.622079 34
-2.16362 1.37607 34
-1.86718 2.05997 34
-2.19544 1.09602 34
-2.31991 4.45139 34
-1.93289 0.967354 34
-2.76578 0.80778 34
-2.07359 2.38053 34
-2.2109 3.0196 34
-1.62637 3.27032 34
-2.68587 2.557 34
-1.66449 3.33599 34
-2.87779 2.39195 34
-1.52953 2.55759 34
-2.51664 2.18059 34
-1.52267 2.45031 34
-1.13635 2.28798 34
-1.35012 2.22758 34
-2.08746 1.01577 34
-1.79342 2.61498 34
-1.66767 2.63976 34
-2.78045 3.60662 34
-1.63317 2.27924 34
-1.68212 1.80912 34
-1.14859 1.15335 34
-1.28351 2.70445 34
-1.66994 2.31188 34
-1.90235 1.3834 34
-1.36089 2.38476 34
-1.44372 2.56509 34
-2.12435 1.6078 34
-2.27451 2.7501 34
-1.70941 0.707629 34
-2.44785 1.60069 34
-1.72755 1.41619 34
-1.54965 1.80503 34
-1.90494 1.89336 34
-1.95598 1.94133 34
-0.962623 2.97587 34
-0.570754 2.13361 34
-2.01387 2.3369 34
-2.11219 2.98349 34
-2.1283 2.83479 34
-1.12419 0.886329 34
-2.00333 2.15206 34
-1.53407 3.38542 34
-1.63635 1.70496 34
-1.75291 2.1931 34
-1.44917 1.91384 34
-1.62506 2.0269 34
-1.40423 2.08322 34
-1.09781 0.371066 34
-1.33395 2.5148 34
-1.42549 2.19579 34
-1.38892 2.84248 34
-0.848913 2.46517 34
-1.9507 1.18072 34
-1.7262 3.10255 34
-2.36447 2.6084 34
-2.08668 2.53374 34
-1.45209 0.767244 34
-2.30697 1.82658 34
-1.77324 3.19357 34
-2.79932 2.23771 34
-1.22761 1.48085 34
-1.10262 2.66903 34
-2.28246 3.26932 34
-2.28009 1.83071 34
-1.71978 1.97592 34
-1.0495 3.06457 34
-1.81089 4.02369 34
-2.25327 0.374062 34
-1.28866 1.99467 34
-1.91081 0.758467 34
-2.65628 2.40264 34
-1.92261 1.16811 34
10.0378 8.6028 35
9.26744 8.04334 35
10.3996 8.1848 35
9.73164 8.33599 35
9.49139 8.16866 35
9.23908 8.32503 35
10.3931 8.43554 35
9.96059 8.71965 35
9.32547 7.77474 35
9.77149 8.17572 35
11.2099 8.10485 35
9.53465 8.0284 35
10.0525 7.88318 35
8.77623 7.68229 35
10.9191 8.31001 35
9.73899 7.63635 35
9.99388 8.18461 35
9.7212 8.08538 35
9.45133 7.82025 35
9.46692 8.2278 35
10.0983 8.39231 35
9.05984 8.31439 35
9.58804 8.46055 35
9.04383 8.27845 35
8.91093 8.76368 35
9.2213 8.91975 35
9.49049 8.27942 35
9.74215 8.42849 35
8.64282 8.65504 35
10.8322 7.75706 35
10.2011 8.24033 35
9.42709 7.8625 35
9.58595 7.75497 35
9.99279 8.01929 35
9.41947 7.97074 35
10.2011 8.49219 35
10.1852 8.1048 35
9.53369 8.09208 35
10.153 7.55077 35
9.80862 8.16515 35
9.79402 8.01739 35
9.00749 8.23302 35
10.5372 8.51652 35
10.6859 8.45877 35
10.214 8.08476 35
10.4056 8.23322 35
8.72207 7.76548 35
9.43503 8.23589 35
9.63642 8.62281 35
9.51745 8.43731 35
10.7819 7.81304 35
9.8964 8.27391 35
9.5745 8.04774 35
9.99796 8.19806 35
9.99981 8.24983 35
9.75899 8.09592 35
9.18394 8.08931 35
10.123 8.38796 35
9.83455 8.53505 35
9.95123 8.16172 35
8.88325 7.78379 35
9.60793 8.21886 35
-2.18901 -9.50746 36
-2.81491 -10.6445 36
-2.5544 -10.4029 36
-3.55528 -9.59333 36
-3.77694 -9.82033 36
-3.85084 -10.3007 36
-4.26128 -10.0641 36
-3.71905 -9.88211 36
-3.41297 -9.70577 36
-3.80376 -10.0072 36
-4.6967 -10.1902 36
-3.64166 -10.5015 36
-3.47031 -9.76215 36
-2.16143 -8.84907 36
-2.14752 -8.76149 36
-4.48559 -9.91743 36
-3.83887 -10.3511 36
-3.66163 -8.97967 36
-2.52187 -10.9609 36
-2.71487 -9.5582 36
-2.75769 -9.00074 36
-4.82091 -10.8215 36
-4.64363 -9.73288 36
-3.11796 -10.1056 36
-3.4903 9.19461 37
-3.14687 10.1194 37
-2.65829 9.581 37
-3.00531 10.462 37
-2.50316 10.1428 37
-2.01492 10.527 37
-1.5663 10.5605 37
-4.27271 8.3712 37
-3.07966 9.62635 37
-2.10278 10.9419 37
-2.46849 10.191 37
-2.93824 10.1001 37
-2.16041 10.3761 37
-2.60151 11.4455 37
0.235919 -3.93773 38
0.190128 -4.46027 38
0.155484 -4.20489 38
0.144412 -4.08854 38
0.175146 -3.88994 38
0.197081 -4.61268 38
0.232691 -4.4786 38
0.238959 -3.82955 38
0.271865 -3.75095 38
0.160551 -4.13014 38
0.19257 -4.28804 38
0.193656 -4.0713 38
0.316773 -4.24884 38
0.0407912 -4.24224 38
0.137323 -3.79659 38
0.137967 -4.17455 38
0.258265 -4.04479 38
0.185757 -3.91354 38
0.153206 -3.96696 38
0.214022 -4.14082 38
0.237969 -3.73834 38
0.257019 -4.43991 38
0.212832 -4.45949 38
0.160998 -3.75232 38
0.247911 -4.054 38
0.195964 -4.4235 38
0.157504 -4.41266 38
0.161446 -4.09462 38
0.1606 -4.11632 38
0.134245 -4.39558 38
0.221193 -4.13856 38
0.0769815 -3.88174 38
0.12629 -3.95782 38
-8.09491 -8.75042 39
-8.16404 -8.70161 39
-8.29489 -9.10718 39
-8.14085 -8.60031 39
-8.05644 -8.65097 39
-8.22604 -8.42782 39
-8.32512 -8.30988 39
-8.22534 -8.92205 39
-8.22808 -9.05058 39
-8.1652 -8.77914 39
-8.1704 -8.39359 39
-8.27503 -8.19039 39
-8.18949 -8.62993 39
-8.26514 -8.15661 39
-8.21086 -8.68187 39
-8.30797 -8.03277 39
-8.14382 -7.30088 39
-8.25537 -8.46504 39
-8.18579 -8.08817 39
-8.11424 -8.45821 39
-8.1902 -8.18719 39
-8.16597 -8.61087 39
-8.11532 -8.93055 39
-8.21355 -8.07594 39
-8.26235 -8.80608 39
-8.35641 -7.96122 39
-8.17959 -7.77042 39
-8.27028 -9.02699 39
-8.19424 -7.74911 39
-8.05973 -8.684 39
-8.15118 -7.80902 39
-8.15244 -8.47447 39
-8.20622 -8.63941 39
-8.24535 -7.92933 39
-8.18534 -8.52182 39
-8.17246 -8.8066 39
-8.20884 -8.398 39
-8.24394 -8.78591 39
-8.27127 -8.64453 39
-8.15606 -8.66257 39
-8.16701 -8.45539 39
-8.25732 -8.62761 39
-8.21301 -8.20903 39
-8.06335 -8.69118 39
-8.17855 -7.65387 39
-8.15488 -7.79542 39
-8.12965 -8.3941 39
-8.15962 -8.14728 39
-8.29833 -8.5779 39
