-8.69493 -4.08204 0
-8.6404 -3.85833 0
-7.70667 -1.4747 0
-8.81293 -3.27131 0
-8.05403 -3.51724 0
-8.29488 -3.51365 0
-10.1359 -4.39111 0
-8.04381 -2.79032 0
-9.82957 -4.44724 0
-9.09786 -4.46506 0
-7.0911 -3.26933 0
-7.98238 -2.70144 0
-9.67598 -3.84127 0
-7.85766 -2.21475 0
-8.15751 -4.09354 0
-8.9737 -2.76981 0
-8.05094 -3.59263 0
-7.72412 -1.54349 0
-8.91767 -4.12078 0
-8.13389 -1.80716 0
-10.4918 -4.16823 0
-7.64232 -2.87174 0
-7.6268 -2.67739 0
-8.59165 -3.32836 0
-7.20008 -1.64701 0
-8.75974 -3.67519 0
-8.3488 -2.61235 0
-7.7484 -2.84117 0
-8.97632 -4.52084 0
-7.69324 -2.27566 0
-10.0336 -5.04022 0
-8.85227 -4.0334 0
-9.03189 -4.04806 0
-8.13572 -3.3417 0
-8.86449 -3.94871 0
-9.23683 -3.62431 0
-9.43361 -3.65627 0
-8.18118 -2.27224 0
-8.40732 -2.7209 0
-9.50774 -4.42073 0
-8.78031 -4.7516 0
-8.81461 -3.32169 0
-8.97416 -4.91024 0
-9.31334 -3.81161 0
-8.74045 -4.7963 0
-7.95166 -3.80814 0
-10.0591 -4.7811 0
-8.36515 -3.44231 0
-6.99971 -2.68442 0
-9.65653 -5.11228 0
-8.66661 -3.68409 0
-8.15935 -3.07882 0
-7.99154 -1.51911 0
-9.11811 -2.32231 0
-9.0938 -4.34333 0
-8.14049 -3.33259 0
-8.02519 -4.65274 0
-8.44775 -3.63394 0
-8.9976 -4.7722 0
-8.66632 -3.32594 0
-7.95832 -2.87078 0
-9.25258 -4.46247 0
-10.3672 -4.54571 0
-7.46944 -3.1481 0
-8.59579 -4.77005 0
-9.22283 -3.56783 0
-8.21303 -2.67898 0
-9.2124 -3.58182 0
-8.64581 -3.3193 0
-9.35346 -5.39518 0
-7.76767 -2.09506 0
-9.05833 -2.98536 0
-7.42674 -3.79082 0
-8.68992 -2.91888 0
-7.29042 -2.17037 0
-8.34408 -3.64164 0
-8.17298 -3.17738 0
-9.30139 -3.25965 0
-9.29681 -3.59796 0
-9.58048 -4.49728 0
-8.49216 -3.65884 0
-8.34336 -2.41142 0
-7.8601 -2.97977 0
-9.04439 -3.78356 0
-8.88553 -4.39569 0
-7.28641 -1.33624 0
-8.77737 -4.02101 0
-9.30099 -3.68911 0
-8.19873 -3.15754 0
-7.0521 -1.3489 0
-7.09952 -3.1626 0
-8.26232 -4.13327 0
-7.16357 -2.0783 0
-8.50966 -2.11201 0
-8.39893 -2.12713 0
-7.58834 -3.06696 0
-8.57066 -5.22005 0
-8.58719 -3.49621 0
-7.21036 -2.71554 0
-8.90762 -3.92203 0
-8.7021 -2.99252 0
-8.77684 -2.25372 0
-7.79125 -2.8947 0
-8.63438 -2.02369 0
-9.04551 -4.86353 0
-7.78808 -2.72394 0
-6.25273 -7.39036 1
-6.65666 -7.71766 1
-7.24954 -9.64904 1
-6.8133 -9.8009 1
-6.92223 -8.65929 1
-6.27036 -7.74961 1
-5.96635 -8.97047 1
-6.38861 -8.05087 1
-5.635 -7.94351 1
-6.22443 -6.9764 1
-6.25428 -7.55632 1
-5.77736 -7.75893 1
-6.73031 -7.15192 1
-6.66554 -8.18106 1
-6.57719 -8.69503 1
-6.21789 -7.71703 1
-6.37706 -7.80981 1
-6.86509 -6.59698 1
-6.30385 -8.51285 1
-6.0965 -7.59811 1
-6.81185 -8.26279 1
-6.41398 -8.1561 1
-6.07095 -8.16182 1
-6.43956 -8.34269 1
-6.0797 -6.38241 1
-6.84388 -7.46829 1
-6.15966 -9.159 1
-6.61336 -9.16218 1
-6.71129 -9.01557 1
-6.37637 -8.71405 1
-6.35999 -8.26552 1
-5.87385 -8.30604 1
-6.89582 -8.39183 1
-6.39943 -8.59678 1
-6.49258 -8.33688 1
-6.3834 -7.4508 1
-6.64749 -8.44029 1
-6.6404 -7.81211 1
-6.66479 -8.59582 1
-6.30485 -8.22961 1
-6.29052 -9.50734 1
-6.69189 -6.90399 1
-7.06423 -8.79051 1
-6.77855 -7.26407 1
-6.26719 -6.45568 1
-6.3685 -7.54308 1
-6.45682 -8.1298 1
-5.57927 -8.78315 1
-6.38342 -7.90653 1
-7.5873 -8.97679 1
-6.09126 -7.93066 1
-6.61405 -8.05345 1
-6.3274 -8.39552 1
-6.28151 -8.07734 1
-6.59086 -7.17 1
-6.39702 -7.17474 1
-6.3579 -7.27603 1
-6.03533 -7.8804 1
-6.36224 -8.44148 1
-6.2063 -6.6711 1
-6.30953 -9.16826 1
-6.46047 -6.92586 1
-6.30393 -7.27784 1
-5.88893 -9.04523 1
-6.67793 -8.2725 1
-6.85166 -7.59014 1
-5.96592 -8.52519 1
-5.85074 -7.63394 1
-6.07093 -8.69982 1
-6.85374 -7.47271 1
-6.31217 -8.62011 1
-6.30795 -9.51201 1
-6.06861 -7.13436 1
-6.25471 -7.37523 1
-6.99436 -7.35953 1
-6.14536 -7.76883 1
-6.65217 -7.55761 1
-7.11282 -8.18514 1
-7.051 -7.92217 1
-6.46578 -8.25516 1
-6.22199 -9.68976 1
-6.00434 -7.18564 1
-5.74222 -7.531 1
-6.81105 -7.82297 1
-6.28814 -9.84927 1
-7.0974 -7.12696 1
-6.58637 -6.76851 1
-6.18874 -8.54517 1
-6.27791 -8.66805 1
-6.84743 -8.72943 1
-6.5467 -8.13186 1
-6.44279 -7.51895 1
-5.94863 -7.4455 1
-6.37006 -9.1431 1
-6.53756 -8.00047 1
-6.76667 -8.32679 1
-6.21834 -7.53924 1
3.86896 -1.26156 2
6.12334 -3.2891 2
7.08465 -2.53925 2
5.68299 -1.76215 2
6.03568 -2.27445 2
7.10502 -3.06911 2
7.00164 -3.57153 2
4.43735 -1.71246 2
6.55942 -2.22788 2
5.08672 -1.35971 2
6.71081 -2.56134 2
7.65578 -2.43904 2
2.37964 -0.43091 2
6.19539 -2.60764 2
4.94143 -1.79874 2
7.07252 -3.05702 2
4.03977 -1.03532 2
6.70893 -2.51418 2
6.91552 -1.49095 2
3.91356 -1.43566 2
6.44345 -3.11189 2
6.81451 -2.33474 2
6.88358 -2.84699 2
5.37015 -2.38286 2
5.27581 -1.2951 2
7.20841 -2.31917 2
4.68279 -1.7427 2
5.58678 -1.46549 2
6.36473 -2.89621 2
5.36185 -2.24586 2
5.04594 -2.15094 2
7.6021 -1.52548 2
5.0762 -1.57727 2
8.06953 -5.28411 2
6.2305 -2.31328 2
5.51251 -1.35499 2
4.72462 -2.17248 2
3.97308 -0.286565 2
4.19009 -2.22965 2
4.50119 -2.49857 2
5.38091 -2.32007 2
4.45503 -2.58253 2
4.98157 -1.14835 2
8.37822 3.66076 3
9.40139 3.9032 3
8.81675 3.10493 3
7.72989 4.3444 3
8.08965 4.17229 3
7.99851 3.73863 3
8.5024 3.91839 3
8.78834 4.14733 3
8.52802 3.96262 3
8.83943 3.58555 3
8.67223 3.72182 3
8.43726 3.44143 3
8.08161 3.31935 3
8.61602 3.99279 3
8.6213 3.42639 3
7.70525 4.38717 3
8.55126 3.63801 3
9.15405 3.91576 3
9.06266 3.94093 3
8.19653 3.60962 3
8.84509 3.88991 3
8.50185 3.22476 3
7.82616 4.11693 3
9.3441 3.7928 3
8.73903 3.7511 3
9.01016 3.93077 3
7.76203 4.54846 3
8.32988 3.72777 3
9.11094 4.00272 3
8.26092 4.65221 3
8.81411 3.91075 3
9.52706 3 3
9.5581 3.27347 3
9.10693 3.68584 3
8.10275 3.80001 3
8.17632 4.34854 3
7.85404 4.34552 3
9.62184 3.1702 3
8.51644 3.1653 3
8.90466 3.71603 3
9.90205 3.35437 3
8.84212 3.5572 3
10.464 3.06891 3
9.60006 3.46741 3
8.72548 3.45782 3
9.50517 3.65738 3
9.23496 3.21038 3
8.9606 3.92021 3
8.41281 3.42967 3
8.1537 3.02098 3
8.81098 4.32892 3
7.92883 3.33537 3
8.6127 3.02311 3
9.20899 3.02311 3
8.78216 3.31954 3
9.49242 3.81817 3
9.31528 3.56995 3
9.78382 2.96272 3
9.50486 3.50355 3
8.31393 4.30706 3
8.81235 3.04308 3
9.17103 3.64786 3
8.17222 4.48646 3
8.40818 4.44065 3
8.34159 4.35206 3
9.67782 3.60893 3
8.34095 3.76643 3
9.53822 3.88935 3
8.14496 4.48082 3
9.95279 3.23726 3
-7.29681 1.25069 4
-7.78932 2.45949 4
-9.26335 6.63155 4
-7.18997 3.74799 4
-7.15731 5.23432 4
-7.61854 4.58268 4
-8.17922 7.29388 4
-9.34655 5.60711 4
-8.6414 5.10618 4
-9.72667 4.97492 4
-7.00006 1.27185 4
-6.51707 2.35709 4
-8.1065 5.16734 4
-8.32334 3.96037 4
-6.37854 1.07384 4
-9.20165 4.33981 4
-9.67017 4.30449 4
-8.49236 4.03124 4
-11.0908 7.32499 4
-9.03907 5.43862 4
-8.3289 6.53221 4
-7.95451 3.16186 4
-8.87803 5.31928 4
-6.36024 1.00379 4
-8.23494 4.56866 4
-8.69487 2.82989 4
-9.0413 4.85233 4
-6.35439 3.82325 4
-10.7497 8.04314 4
-8.29117 3.75834 4
-6.53614 3.35288 4
-7.55798 4.13967 4
-8.97567 4.68851 4
-8.46687 5.5187 4
-8.242 2.7486 4
-9.54135 5.70866 4
-6.50333 3.38709 4
-9.23101 5.09542 4
-8.14916 3.35243 4
-8.3133 4.15217 4
-6.7897 1.7439 4
-9.12521 4.86847 4
-9.18262 5.86126 4
-9.09466 3.82344 4
-7.87778 1.70111 4
-6.72238 3.54405 4
-7.6279 6.55568 4
-8.98359 5.17447 4
-7.4371 3.74627 4
-7.14627 4.75971 4
-9.19037 6.52064 4
-7.62386 2.7104 4
-7.87474 3.84308 4
-9.05973 4.44231 4
-9.30946 4.89777 4
-6.7385 2.95429 4
-6.9414 3.29581 4
-9.79097 4.79916 4
-9.19063 5.70727 4
-7.22575 3.42456 4
-7.5767 6.17037 4
-7.17034 4.42796 4
-8.12445 2.18776 4
-9.07748 3.62498 4
-8.74694 5.50919 4
-10.3911 5.94746 4
-8.81056 6.39046 4
-9.64251 7.86938 4
-8.89673 6.66521 4
-9.25095 4.47528 4
-5.53029 3.08909 4
-8.25681 7.7821 4
-7.09557 4.2832 4
-8.65734 5.12772 4
-7.26651 3.14083 4
-8.01881 4.44287 4
-8.03426 4.77892 4
-7.75835 2.90284 4
-7.96142 4.8735 4
-7.75717 3.99704 4
-8.14173 4.06566 4
-6.83509 3.70718 4
-8.9678 4.22889 4
-9.6731 6.14185 4
-8.38751 3.94977 4
-1.78883 -0.704504 5
-2.32285 -0.7853 5
-2.07925 -2.21561 5
-1.34499 -1.64176 5
-1.05048 -1.57238 5
-0.857177 -2.45152 5
-1.24202 -0.334144 5
-1.83966 -2.10326 5
-3.51927 -1.13436 5
-2.76484 -0.18325 5
-1.02373 -0.746412 5
-2.82258 -0.880602 5
-2.91087 -1.24914 5
0.15456 -2.10891 5
0.411786 -1.39166 5
-4.05522 -0.798081 5
0.261466 -2.64851 5
-0.715028 -2.05136 5
-1.68856 -0.995109 5
-2.62475 -1.31324 5
-1.89271 -0.708624 5
-1.68082 -0.218725 5
0.344582 -1.2913 5
-1.473 -1.5355 5
-2.79372 -0.401153 5
-1.19011 -1.0514 5
-2.34315 -1.35433 5
-2.06103 -0.807878 5
-1.62432 -1.51083 5
-0.780465 -0.229515 5
-1.93061 -2.2207 5
-1.48626 -0.787813 5
-1.12968 -0.924883 5
-2.56282 -1.12639 5
-1.2648 -0.795073 5
0.412013 -1.45036 5
-0.293581 -1.86779 5
-2.83253 -0.348677 5
-1.71495 -0.286824 5
-1.40052 -0.833941 5
-3.1745 -0.166301 5
-1.62818 -1.74677 5
-3.49619 0.285391 5
0.473153 -1.77845 5
-3.11019 -0.98934 5
-0.979262 -0.810585 5
-0.77074 -0.468302 5
-1.79476 -1.32991 5
-1.83215 -1.22086 5
-1.60082 -2.08295 5
-0.976465 -8.35372 6
-1.79857 -9.23659 6
-2.6192 -8.78957 6
-1.09799 -8.35806 6
-1.09696 -8.927 6
-1.14972 -8.32956 6
-1.00513 -8.27255 6
-0.411204 -8.35374 6
-1.50834 -9.14068 6
-1.7541 -9.39696 6
-1.34902 -8.98684 6
-2.12067 -9.73863 6
-0.790711 -8.88147 6
-1.54687 -8.19957 6
-1.07855 -8.65053 6
-0.82327 -9.28952 6
-1.34126 -9.34649 6
-1.58384 -8.58248 6
-0.952705 -8.95239 6
-1.11489 -8.50332 6
-1.02098 -9.25301 6
-0.709553 -8.54819 6
-1.53837 -8.80125 6
-1.43325 -8.87931 6
-0.722889 -8.22023 6
-1.81511 -9.0803 6
-0.665162 -8.17483 6
-1.14554 -8.98245 6
-2.27901 -9.25307 6
-2.41817 -9.70311 6
-1.37784 -8.59616 6
-1.44045 -8.49571 6
-1.57796 -9.3632 6
-2.15981 -9.27839 6
-1.61618 -8.50726 6
-1.69562 -8.94741 6
-1.64345 -8.81845 6
-0.975036 -8.15364 6
-0.909781 -8.51976 6
-1.05255 -9.20696 6
-2.29541 -9.52114 6
-1.13094 -8.63584 6
-1.77771 -9.40516 6
-1.52799 -8.30813 6
-0.707723 -8.25408 6
-1.23844 -8.76407 6
-1.49515 -9.15106 6
-2.23431 -9.73188 6
-2.04917 -9.42849 6
-0.66496 -8.28299 6
-0.812448 -8.44872 6
-1.09186 -8.38498 6
-1.26456 -9.47985 6
-1.9089 -9.86624 6
-1.22166 -9.06059 6
-1.22998 -8.64665 6
-2.33477 -9.26001 6
-1.51908 -9.20048 6
-1.06565 -8.64093 6
-1.59741 -8.72449 6
-2.02743 -9.1221 6
-1.53998 -8.98073 6
-0.898701 -8.27776 6
-1.24798 -9.11762 6
-1.21617 -8.53429 6
-1.47186 -8.38324 6
-1.36737 -8.81068 6
-0.942349 -9.15073 6
-2.28137 -9.31426 6
-0.814082 -8.4917 6
-2.24596 -9.76554 6
-1.55912 -8.89393 6
-2.2238 -9.32405 6
-1.49652 -8.67032 6
-1.23989 -8.59295 6
-1.89588 -9.24578 6
-1.91194 -9.75315 6
-1.88971 -9.44583 6
-1.40447 -8.67655 6
-1.36227 -8.5927 6
-2.68353 -9.82302 6
-0.426739 -8.56207 6
-1.56503 -8.77505 6
-1.39527 -8.39313 6
-0.583439 -8.7077 6
9.46262 0.899652 7
6.43681 -0.239774 7
9.05796 -0.149758 7
9.06518 1.3624 7
9.93664 0.913611 7
8.01971 0.549353 7
7.82549 -0.47527 7
9.03081 -0.251947 7
8.74874 -0.300021 7
8.86273 1.53389 7
8.24013 0.919794 7
9.83561 -0.551398 7
10.446 -0.820285 7
8.41162 0.688897 7
8.5309 0.809264 7
9.24267 0.465855 7
8.09023 -0.462415 7
9.95117 0.285061 7
9.80229 -0.548149 7
10.7828 1.09299 7
9.06907 1.44334 7
10.132 -0.0136743 7
8.85553 -0.137522 7
9.14861 0.418074 7
7.84334 1.05661 7
7.95307 1.89312 7
7.52309 1.29115 7
9.29609 0.0830677 7
9.61661 0.400346 7
10.4883 0.687689 7
9.03136 0.467462 7
8.36597 0.399403 7
9.91665 0.29422 7
9.38104 0.877184 7
9.98342 0.724256 7
9.2345 0.65115 7
7.4717 0.844399 7
9.3864 0.266181 7
9.24573 0.231825 7
7.43978 1.9656 7
9.17208 0.429816 7
8.66409 0.593978 7
9.01317 1.22766 7
9.87184 -0.0160768 7
7.84993 0.170922 7
7.97259 -0.231096 7
6.86801 0.565728 7
9.095 0.65934 7
9.88307 0.887682 7
9.96153 0.117234 7
8.73679 0.382056 7
8.01115 -0.562474 7
8.8003 0.84659 7
7.73469 0.437951 7
8.96656 0.219606 7
9.33625 -0.326538 7
8.19168 -0.388936 7
9.54848 -0.624621 7
9.83032 1.13145 7
7.33379 0.82792 7
11.1239 1.04385 7
8.68324 0.411233 7
8.18684 0.872866 7
7.95862 0.783805 7
8.85046 -0.523313 7
5.75639 0.585283 7
10.1988 1.11239 7
8.4051 0.622818 7
10.8721 -0.0288327 7
7.79636 0.735612 7
8.93716 1.04462 7
7.55125 0.609154 7
8.98174 0.802764 7
8.58838 0.244413 7
8.26578 1.27282 7
7.97955 0.836172 7
8.59375 0.190249 7
11.1606 0.82118 7
9.48595 0.939158 7
11.5579 0.325425 7
8.83617 -0.156849 7
10.0052 0.0899754 7
9.06626 1.36485 7
9.91121 -0.504092 7
7.92576 0.507065 7
10.066 0.773392 7
6.99969 0.183244 7
8.49611 1.42635 7
8.85174 0.879157 7
8.52568 0.364635 7
8.08768 0.521555 7
10.2441 0.649011 7
10.0589 1.25293 7
9.62002 1.3191 7
7.57751 0.0135557 7
10.5342 0.027223 7
8.63969 -0.184207 7
7.03237 0.289716 7
8.69689 1.08501 7
8.77201 0.422117 7
7.91444 1.24613 7
8.59569 0.324669 7
7.94729 0.579621 7
8.03067 1.09891 7
8.99843 0.65889 7
9.86624 0.128034 7
7.8803 0.565845 7
8.9641 1.71467 7
-2.07583 9.14797 8
-2.85672 9.08419 8
-3.61566 10.1832 8
-3.9252 10.5261 8
-2.48418 8.64065 8
-2.63161 8.48704 8
-3.17636 8.97015 8
-1.83479 8.27294 8
-3.64706 9.84374 8
-2.56257 9.48637 8
-2.36953 9.18469 8
-4.50807 10.7892 8
-3.6818 10.2309 8
-2.6336 8.50937 8
-2.22048 7.96539 8
-2.52228 8.49059 8
-3.61648 10.9958 8
-3.67358 9.71115 8
-3.08656 9.78573 8
-4.55108 9.15776 8
-3.93044 10.1555 8
-2.14263 8.35155 8
-3.15472 8.8028 8
-3.11464 8.52286 8
-2.13001 8.61881 8
-3.06518 8.91813 8
-5.76522 11.7241 8
-4.58356 9.75091 8
-2.21131 9.52305 8
-3.18132 8.63856 8
-3.28844 9.56369 8
-4.14384 10.4279 8
-2.24122 10.1961 8
-2.9483 8.69143 8
-4.3531 10.1408 8
-3.97816 9.72143 8
-2.56773 8.37644 8
-4.55381 10.342 8
-5.07412 10.1523 8
-5.58087 10.3098 8
-2.89432 9.41203 8
-2.62348 9.24089 8
-3.84305 10.4156 8
-2.86021 9.88517 8
-4.39939 11.0475 8
-2.70705 8.618 8
-4.87405 9.85614 8
-3.21871 9.59136 8
-2.92987 8.61481 8
-2.41485 9.8261 8
-1.31845 9.89926 8
-3.27909 9.94728 8
-2.44885 8.44784 8
-0.974638 7.51853 8
-2.17671 10.0941 8
-2.58462 9.38438 8
-3.82259 8.76967 8
-3.32358 11.4401 8
-2.54739 9.24593 8
-3.17545 9.25109 8
-3.36723 9.82082 8
-3.27274 8.96302 8
-4.00907 9.45451 8
-4.08715 9.81264 8
-4.92006 9.86995 8
-10.2615 -9.18424 9
-8.78196 -11.4846 9
-10.8152 -8.50132 9
-9.71314 -9.34461 9
-9.62158 -9.33604 9
-11.3691 -7.17657 9
-10.5518 -7.84348 9
-9.80826 -9.03972 9
-8.90821 -10.5689 9
-9.39798 -9.38349 9
-9.99272 -9.50401 9
-9.65693 -8.58741 9
-10.6708 -8.04782 9
-10.4988 -9.1386 9
-10.1324 -9.50357 9
-8.3596 -10.3147 9
-10.6473 -8.79123 9
-8.93923 -10.7915 9
-10.5366 -8.30773 9
-9.791 -9.79114 9
-9.84624 -10.2824 9
-8.67539 -9.61496 9
-9.06241 -10.9464 9
-10.8629 -8.46514 9
-9.91684 -9.28151 9
-9.32198 -10.2306 9
-9.90769 -10.0612 9
-8.64991 -10.7739 9
-9.37225 -10.655 9
-10.691 -9.36324 9
-8.21658 -12.2379 9
-8.9325 -10.2234 9
-8.3823 -9.78176 9
-9.41722 -10.0378 9
-7.86941 -10.5824 9
-9.80453 -9.1712 9
-9.58256 -9.57727 9
-8.90807 -9.98716 9
-8.34454 -10.9933 9
-7.50581 -12.8817 9
-8.79355 -10.1933 9
-9.39071 -9.89001 9
-9.83079 -8.91405 9
-9.32899 -10.3552 9
-9.49235 -10.559 9
-9.44714 -10.5696 9
-10.7212 -9.39902 9
-10.1017 -8.8135 9
-7.8995 -10.58 9
-8.4798 -10.9007 9
-9.72554 -8.68108 9
-10.0686 -9.87111 9
-8.99679 -10.9769 9
-10.8558 -8.11903 9
-9.00707 -10.0232 9
-8.54549 -11.0205 9
-9.94765 -9.05528 9
-10.4663 -8.47366 9
-8.68244 -10.2999 9
-9.02392 -10.6662 9
-10.6514 -9.47468 9
-8.83342 -10.6843 9
-9.92049 -9.46035 9
-10.2141 -9.1866 9
-9.06796 -10.9692 9
-9.62731 -9.31139 9
-9.01612 -10.2362 9
-9.57479 -9.89484 9
-10.8289 -9.11641 9
-10.3223 -9.32894 9
-9.38268 -8.80641 9
-9.34221 -9.67838 9
-9.01836 -9.25421 9
-10.0231 -8.76787 9
-9.24879 -9.18422 9
-10.3606 -9.67363 9
-10.2422 -9.65553 9
-8.22141 -12.3715 9
-9.59568 -9.88209 9
-8.24493 -9.59965 9
-10.7319 -7.6891 9
-8.61343 -10.4994 9
-8.74952 -9.99309 9
-10.0994 -9.09433 9
-9.06311 -10.3523 9
-10.1704 -9.40552 9
-9.69236 -8.82202 9
-9.63719 -9.80068 9
-8.98967 -9.73889 9
-9.92932 -9.96653 9
-9.77032 -9.64421 9
-9.93516 -9.13113 9
-9.73966 -10.5143 9
-12.0645 -7.34328 9
-9.94491 -8.12479 9
-9.18435 -10.478 9
-8.81204 -10.7836 9
-9.58996 -10.811 9
-8.58612 -9.75476 9
-7.68276 -10.7551 9
-10.2924 -8.83519 9
-9.48993 -9.88234 9
-9.79235 -10.1348 9
-7.94923 -11.0054 9
-8.5536 -10.5794 9
-8.90348 -12.583 9
-9.95937 -9.42806 9
-9.49279 -10.2704 9
-4.14645 -4.18958 10
-4.9124 -3.68154 10
-4.65082 -3.86422 10
-4.37284 -4.38985 10
-4.46795 -3.56872 10
-4.41787 -3.77756 10
-4.38367 -4.0424 10
-4.25382 -4.69538 10
-4.45154 -3.98351 10
-4.6926 -4.19178 10
-4.53137 -4.27346 10
-4.44669 -3.91551 10
-4.30568 -4.32298 10
-4.30977 -4.07394 10
-4.55178 -3.85084 10
-4.10282 -4.23687 10
-4.17519 -4.21089 10
-4.56357 -4.3346 10
-4.33487 -4.62039 10
-4.41675 -3.92836 10
-4.28923 -3.8433 10
-4.48556 -3.84096 10
-4.38544 -3.65638 10
-4.67598 -4.02351 10
-4.52367 -4.34106 10
-4.48669 -5.10424 10
-4.29373 -4.05917 10
-4.37073 -4.1136 10
-4.11613 -3.87604 10
-4.43483 -3.90765 10
-4.31663 -4.15115 10
-4.50414 -4.01004 10
-4.51153 -3.91516 10
6.79052 7.45006 11
7.65691 7.33013 11
8.09009 7.3695 11
7.20757 7.50329 11
7.75217 7.49502 11
7.7361 7.49369 11
9.98133 7.57582 11
8.94138 7.39521 11
6.94466 7.45858 11
7.52976 7.54431 11
7.15689 7.46469 11
7.04591 7.55788 11
8.33357 7.5186 11
7.93061 7.46432 11
7.72663 7.61696 11
7.39761 7.41405 11
6.9776 7.4238 11
8.52721 7.34875 11
6.72331 7.38472 11
7.44975 7.43431 11
7.076 7.52205 11
6.59821 7.29376 11
6.31669 7.09625 11
7.94992 7.39415 11
9.67996 7.55385 11
8.45694 7.45701 11
6.76898 7.26154 11
6.70925 7.37117 11
7.47621 7.38451 11
8.11676 7.43496 11
8.77792 7.74699 11
8.95537 7.45383 11
6.87057 7.45296 11
8.56041 7.37918 11
7.26255 7.29171 11
6.54433 7.20976 11
7.28611 7.48972 11
6.2128 7.3166 11
7.03729 7.39413 11
8.87743 7.54192 11
8.92261 7.50937 11
8.10328 7.18592 11
8.93269 7.40634 11
7.0928 7.40978 11
7.9157 7.3177 11
8.96879 7.24193 11
6.54943 7.42372 11
8.72285 7.41865 11
7.61219 7.3452 11
7.19552 7.33993 11
8.08203 7.49374 11
7.32388 7.51898 11
7.29154 7.28458 11
5.0626 7.36788 11
8.95019 7.39204 11
8.90919 7.25939 11
6.78221 7.30676 11
7.31496 7.51975 11
7.99187 7.31775 11
9.39703 7.5194 11
6.89422 7.26275 11
6.88591 7.46435 11
6.67455 7.54582 11
8.72789 7.3025 11
7.58658 7.29106 11
7.73214 7.28657 11
6.03293 7.45043 11
8.43458 7.46707 11
6.17849 7.38457 11
7.49634 7.5048 11
9.90325 7.68054 11
6.82216 7.57458 11
7.0204 7.6039 11
6.31028 7.49718 11
7.77269 7.67943 11
6.43762 7.65562 11
8.12921 7.50754 11
9.22839 7.49665 11
8.15485 7.59074 11
8.83473 7.50892 11
6.74924 7.64907 11
5.66347 7.59177 11
6.80924 7.36246 11
6.64294 7.41002 11
6.01624 7.56028 11
7.77458 7.3905 11
8.33004 7.23706 11
9.16033 7.47283 11
8.11547 7.52275 11
7.71959 7.37686 11
8.59504 7.51461 11
7.23116 7.3399 11
7.23531 7.49889 11
6.93673 7.50564 11
6.68294 7.46371 11
5.52225 7.33658 11
6.77098 7.34299 11
7.97872 7.52485 11
7.67158 7.55607 11
8.40211 7.42003 11
8.45373 7.3539 11
9.48558 7.43835 11
7.8835 7.51867 11
1.36488 0.36948 12
-0.650439 2.61401 12
-1.82776 3.82015 12
-2.73807 3.01392 12
-1.08216 2.6592 12
-0.575898 1.36614 12
-0.466953 2.79553 12
-0.694488 3.88319 12
-2.08365 4.23199 12
-2.66801 2.85816 12
0.270419 2.51481 12
1.8051 0.492724 12
-1.63528 3.29219 12
-0.989378 1.36824 12
-1.81131 3.20978 12
-2.25745 3.95497 12
-1.78118 4.16567 12
-0.433325 1.67145 12
-1.57878 2.68948 12
-0.765709 2.72829 12
-1.12942 4.48017 12
-1.623 4.15816 12
-1.92866 2.6929 12
-9.90512 9.41534 13
-10.0065 10.1951 13
-9.96266 10.1299 13
-9.89284 12.0637 13
-9.77999 11.4148 13
-9.94369 10.406 13
-9.93452 10.8831 13
-10.1464 10.7205 13
-9.95013 8.89598 13
-9.92001 9.04259 13
-9.86771 11.5827 13
-9.97603 10.2154 13
-10.08 10.6504 13
-9.88562 9.23107 13
-10.1548 10.6967 13
-9.92647 10.4306 13
-9.92336 9.66719 13
-9.98186 9.21391 13
-10.1646 11.1157 13
-9.90223 8.78759 13
-9.98593 9.11159 13
-9.99196 9.81241 13
-10.0821 9.77814 13
-9.88037 8.78387 13
-9.97406 8.73724 13
-9.95868 9.41463 13
-10.0409 10.4265 13
-9.96042 10.9843 13
-9.8428 10.5153 13
-9.96085 9.33514 13
-10.2194 9.09588 13
-10.0213 10.0884 13
-9.83369 10.1714 13
-10.0718 8.27685 13
-9.94874 9.34809 13
-10.029 9.78865 13
-10.1004 9.9938 13
-10.1054 9.66675 13
-10.014 10.0023 13
-10.0543 11.7045 13
-9.90333 9.11845 13
-9.88979 11.0179 13
-9.89697 11.7967 13
-10.007 9.40009 13
-9.89506 10.8725 13
-10.0489 9.57547 13
-10.0714 10.4868 13
-10.2103 10.8724 13
-9.95929 10.9649 13
-9.90989 10.4467 13
-10.0522 10.2 13
-9.79973 9.44168 13
-9.95514 9.50288 13
-9.99731 10.1445 13
-9.82514 11.2979 13
-9.90707 11.5122 13
-9.94368 10.959 13
-9.98338 8.6539 13
-9.94612 9.99081 13
-9.96059 10.2916 13
-9.91241 9.8351 13
-9.95682 10.3463 13
-10.1011 8.93384 13
-10.0065 9.28323 13
-9.78638 11.1432 13
-9.91787 10.0576 13
-10.0939 10.0066 13
-9.93821 10.8223 13
-9.94919 8.65944 13
-10.0627 9.64827 13
-9.88824 10.8717 13
1.67123 8.77797 14
0.653923 9.14234 14
0.750146 9.46265 14
2.74409 9.8398 14
3.18152 8.32119 14
2.86481 9.11201 14
0.655006 9.79702 14
1.12363 8.92369 14
2.14939 8.52645 14
1.65788 9.13621 14
2.09187 8.91169 14
1.25391 8.12568 14
0.254927 9.55098 14
1.93342 9.91569 14
3.06485 9.86526 14
2.42501 9.41505 14
1.38268 8.76311 14
2.68421 9.23528 14
0.738332 8.01395 14
2.52554 9.25283 14
-0.0285371 9.80207 14
0.606182 9.14576 14
0.315029 8.17393 14
3.22331 9.08481 14
1.89156 9.18697 14
2.05491 8.96076 14
1.75963 8.28478 14
1.54246 8.67745 14
0.470048 8.66765 14
1.40495 9.30693 14
1.7137 9.54576 14
1.8481 9.37112 14
1.91008 9.33967 14
1.60704 8.98313 14
1.02922 8.156 14
-0.437 8.82503 14
2.08827 8.69308 14
1.4242 9.47187 14
1.85309 9.18576 14
1.31137 8.11129 14
1.74979 8.54895 14
3.75019 9.136 14
1.21429 8.89115 14
1.87832 8.86211 14
1.69954 9.63757 14
0.805661 9.9933 14
0.941763 8.81954 14
1.46214 8.41567 14
2.63809 9.17195 14
2.42571 9.37515 14
2.23477 8.58247 14
0.781776 9.08287 14
2.49902 9.21108 14
0.345285 10.0494 14
1.60848 9.65097 14
2.56072 9.03655 14
2.20009 9.09451 14
0.4909 9.27184 14
2.44999 9.43967 14
1.99309 9.11874 14
0.586119 8.93812 14
1.6453 8.46685 14
1.76323 9.59837 14
2.49063 9.23278 14
1.97679 8.52693 14
2.4793 7.9491 14
1.94417 9.96305 14
2.79889 8.50271 14
0.546011 9.36217 14
1.6943 9.39722 14
2.05508 9.43071 14
0.305515 9.72422 14
1.59188 9.0497 14
1.07002 9.15277 14
0.484122 9.02639 14
1.4644 7.9366 14
-0.0387683 9.34684 14
1.41524 8.95615 14
1.61619 7.99007 14
0.578432 8.60157 14
1.76657 9.06706 14
0.969581 9.15328 14
1.57113 8.95562 14
1.54395 8.86286 14
2.7414 9.16665 14
1.91856 8.99277 14
1.86831 9.74397 14
0.469634 8.96568 14
5.04702 4.06711 15
5.0937 3.96759 15
5.13813 4.06497 15
4.72774 4.39336 15
5.19003 4.1749 15
5.04428 3.46798 15
4.87097 4.30402 15
4.79035 3.67755 15
4.69502 3.77086 15
4.79477 4.74838 15
4.83948 3.90336 15
5.17888 4.25941 15
4.54294 4.33329 15
5.09732 3.59808 15
4.92715 3.43013 15
4.9402 3.98523 15
4.9753 3.37064 15
4.70047 4.00443 15
5.61237 4.38516 15
5.20756 3.61674 15
5.14491 3.62817 15
5.25115 3.93443 15
5.58375 4.04769 15
4.94031 3.93799 15
4.7852 4.44137 15
4.84556 4.55819 15
6.04818 3.87076 15
4.81472 4.47099 15
4.97573 3.6661 15
5.26916 3.93428 15
5.37347 3.54771 15
4.82964 3.87116 15
5.34613 3.55958 15
5.5368 3.56762 15
5.31659 4.06898 15
4.93987 4.36261 15
4.96427 4.03037 15
4.82743 4.03501 15
5.14778 4.0724 15
5.21063 4.16119 15
5.04675 3.75409 15
4.93281 3.86356 15
5.20895 4.34082 15
5.52841 4.0134 15
5.20206 3.27176 15
5.21788 3.7221 15
4.83958 3.54403 15
4.8388 4.35572 15
4.79531 4.01491 15
4.74296 4.13031 15
5.15326 3.70068 15
5.01094 3.67173 15
4.99261 4.21462 15
5.43001 3.54206 15
4.90351 4.31198 15
5.05399 4.06593 15
4.58468 4.06551 15
4.83645 4.28648 15
4.87921 3.6911 15
5.55825 3.00422 15
5.45014 3.53385 15
4.95014 3.91707 15
5.09031 4.26032 15
4.90135 3.74681 15
5.32063 3.82376 15
5.21999 4.54392 15
5.44503 3.57289 15
4.55168 3.89363 15
4.70368 4.69647 15
4.51599 4.45564 15
5.0551 4.19166 15
4.96039 4.05726 15
5.07822 3.77696 15
5.03956 4.01325 15
4.91313 4.12951 15
5.0641 3.46119 15
4.9758 4.43492 15
5.29189 3.82165 15
4.76039 4.09463 15
5.29706 4.25771 15
4.85181 4.45167 15
4.75339 3.69184 15
4.9749 3.74029 15
5.16565 3.96697 15
5.32713 3.8919 15
-0.85905 -4.63034 16
-1.89148 -6.50491 16
-1.04854 -5.84359 16
-0.914825 -5.49174 16
-2.7081 -5.22236 16
-1.92766 -3.88558 16
-0.78687 -3.96315 16
-1.26766 -5.64225 16
-2.35622 -6.53895 16
-2.67033 -6.80521 16
-0.660505 -4.42141 16
-1.27211 -6.73269 16
-0.765825 -4.41189 16
0.360016 -5.57168 16
-1.50345 -5.35227 16
-2.26327 -5.67537 16
-2.48682 -6.55649 16
-2.01631 -5.77268 16
-1.10714 -5.57866 16
-2.5748 -6.62844 16
-2.1064 -5.87875 16
-2.57033 -6.39919 16
-2.23703 -4.59786 16
-2.99121 -4.88376 16
-1.986 -7.14369 16
-1.77606 -6.41183 16
-1.59501 -5.9604 16
-1.06354 -6.0243 16
-1.98817 -5.85598 16
-0.326654 -6.23984 16
-2.75448 -7.60107 16
-1.10084 -5.4705 16
-1.83598 -4.94809 16
-3.38607 -6.31378 16
-2.25945 -6.61583 16
-2.19209 -5.90975 16
-0.645641 -5.67584 16
-2.50688 -6.23154 16
-0.38628 -6.2434 16
-1.90406 -5.73656 16
-0.229229 -5.09853 16
-1.80637 -5.46826 16
-2.81867 -6.52178 16
-3.6459 -6.7423 16
-2.58437 -6.63758 16
-1.13262 -5.94161 16
-2.4897 -5.83057 16
-3.68753 -6.48808 16
-4.06823 -6.90804 16
-3.34593 -5.9459 16
-1.06125 -5.38398 16
-2.44961 -7.40078 16
-1.80443 -5.67439 16
-4.12626 -5.84197 16
-2.05292 -6.18701 16
-1.05267 -5.22898 16
-1.63958 -6.76102 16
-4.48055 -7.00092 16
-1.70526 -4.76301 16
1.87669 -4.55601 16
-2.91615 -6.15615 16
-2.1485 -5.9314 16
0.428345 -3.76511 16
-2.14514 -5.7703 16
0.108416 -4.77144 16
-1.6968 -5.52329 16
-2.94292 -5.26871 16
-0.604675 -5.53327 16
-1.2887 -4.51365 16
-2.71712 -6.2937 16
-3.34901 -5.57895 16
-2.80467 -5.82141 16
-4.19617 -7.57892 16
-2.23403 -6.40885 16
-3.96394 -6.39174 16
-1.19319 -5.53752 16
-2.05738 -6.22605 16
-1.69614 -5.85062 16
-2.72513 -5.39647 16
0.409141 -4.54451 16
-0.883588 -6.45076 16
-0.216009 -5.31025 16
-4.87809 -7.27782 16
-1.07633 -4.22451 16
7.62658 -7.36157 17
6.55927 -7.63298 17
6.91943 -7.4021 17
6.6854 -7.88966 17
6.7292 -7.50033 17
7.45213 -7.41287 17
7.31103 -8.06224 17
6.95836 -7.18636 17
7.10002 -7.98219 17
6.96966 -7.47273 17
7.3857 -7.08199 17
6.74709 -7.4895 17
6.92897 -7.19572 17
6.93656 -7.79043 17
6.6072 -7.72521 17
6.0485 -7.79402 17
6.61453 -7.8205 17
7.11887 -7.25011 17
6.58391 -7.87653 17
5.84078 -7.40516 17
6.13756 -7.83228 17
6.36855 -7.85904 17
6.45629 -7.80182 17
6.67063 -7.96843 17
7.3549 -7.45133 17
6.09432 -8.01968 17
5.6146 -8.19907 17
6.32971 -7.90154 17
7.23917 -7.51293 17
7.31553 -7.01067 17
6.89746 -7.28567 17
6.72338 -7.4173 17
6.56542 -7.69659 17
7.20958 -7.55565 17
6.29275 -7.86966 17
6.33116 -7.80777 17
7.88055 -7.02046 17
6.80185 -7.34539 17
7.13452 -7.11443 17
6.62986 -7.80538 17
6.19706 -7.79396 17
6.88684 -7.67567 17
6.57382 -7.43799 17
7.07595 -7.75588 17
7.29622 -7.4474 17
6.58633 -7.71566 17
7.60282 -7.0374 17
6.70565 -7.58675 17
5.85421 -8.11553 17
6.51835 -7.98813 17
5.88159 -7.54938 17
6.00931 -7.64013 17
6.49047 -7.75645 17
6.64321 -7.39536 17
6.46036 -8.01003 17
6.06182 -7.78879 17
7.51538 -7.09447 17
6.31846 -7.6436 17
6.80116 -7.69802 17
6.18588 -7.7502 17
7.13216 -7.70748 17
7.25523 -7.21208 17
6.85786 -7.54188 17
6.35243 -7.8775 17
6.29454 -7.61919 17
6.49156 -7.78353 17
7.19782 -7.40187 17
7.27683 -7.13055 17
6.41921 -7.70293 17
6.47275 -8.0316 17
6.084 -8.21527 17
6.36134 -7.70753 17
6.56042 -7.56805 17
6.93308 -7.65162 17
6.81113 -7.80746 17
2.0945 6.25862 18
1.05073 5.87225 18
2.13826 5.56938 18
1.7094 6.50682 18
1.25409 6.56113 18
1.35146 6.28306 18
2.78689 5.79939 18
1.76892 5.86475 18
1.81548 6.15429 18
1.44238 5.98131 18
1.98006 5.94747 18
1.64578 5.91086 18
1.34078 6.0126 18
1.8564 6.38997 18
1.94566 5.5703 18
2.30786 5.61025 18
1.6093 5.98097 18
1.81488 5.96422 18
2.49658 5.4035 18
1.95081 6.06468 18
1.36852 5.92451 18
1.67131 5.48026 18
1.48848 5.87943 18
2.14228 5.98179 18
2.7329 5.79147 18
2.62971 6.12821 18
1.76815 5.85868 18
2.47046 5.94521 18
0.874386 6.707 18
1.02768 6.41895 18
1.20692 6.27694 18
0.609701 6.0236 18
0.737475 6.69339 18
1.24433 6.07967 18
1.50215 6.80693 18
1.61121 6.17605 18
1.45011 6.11703 18
1.5524 6.4371 18
1.48754 6.14327 18
0.806257 6.09547 18
2.09456 5.82528 18
0.983848 6.15062 18
2.17424 5.9182 18
1.46729 6.25549 18
1.39397 6.41572 18
1.97542 5.90716 18
1.93214 6.06129 18
1.75635 5.79842 18
2.0415 5.74437 18
0.79317 5.80743 18
1.60277 6.14247 18
0.816004 6.33276 18
1.44906 6.01351 18
4.81034 -4.35003 19
4.09138 -5.11027 19
3.82788 -4.62158 19
4.45241 -4.58825 19
3.7117 -5.1155 19
3.23531 -5.45599 19
5.22385 -4.39211 19
3.95492 -5.0687 19
4.67247 -4.34137 19
4.38051 -4.50657 19
3.68817 -4.85986 19
3.89544 -4.61479 19
3.75902 -5.14302 19
4.62707 -4.78183 19
4.47686 -4.38269 19
3.92439 -5.14766 19
2.98145 -5.84639 19
4.16998 -4.34728 19
3.91689 -4.83669 19
3.72837 -4.81026 19
4.65571 -4.20339 19
3.71003 -5.133 19
4.37731 -4.529 19
3.5875 -4.35622 19
3.6067 -5.56709 19
4.70766 -4.51094 19
4.3323 -4.25099 19
3.06986 -5.90742 19
3.91068 -5.01321 19
3.86239 -4.74511 19
4.46616 -3.98733 19
4.41138 -4.29407 19
4.83378 -4.29234 19
4.5191 -4.44492 19
4.23427 -5.03053 19
4.81988 -4.21121 19
3.67462 -4.92526 19
4.3671 -4.55868 19
5.12661 -3.99268 19
4.52957 -4.67212 19
4.16459 -4.93755 19
4.21591 -4.93404 19
3.90978 -4.86737 19
4.53922 -4.19915 19
4.81051 -4.34856 19
4.37165 -4.47554 19
3.9652 -4.95618 19
3.94471 -4.73634 19
4.08477 -5.01821 19
3.51665 -4.70155 19
4.15472 -4.16704 19
4.63313 -5.08744 19
4.61822 -4.2321 19
4.49497 -4.56121 19
3.66664 -5.02632 19
3.73466 -4.74204 19
3.96097 -4.89664 19
4.14078 -4.66853 19
3.51691 -4.89088 19
4.08509 -5.06156 19
4.08414 -4.67859 19
4.65143 -4.30567 19
4.63154 -4.34227 19
4.42291 -4.69123 19
4.60853 -3.88011 19
3.21823 -5.38187 19
4.6995 -4.68309 19
4.52446 -4.50491 19
4.75112 -3.97645 19
4.214 -4.45164 19
4.57766 -4.40554 19
4.38684 -4.55011 19
4.00621 -5.04473 19
4.09761 -5.07182 19
4.63706 -4.42949 19
3.95381 -4.67163 19
3.52156 -4.9419 19
4.30666 -4.99269 19
4.32267 -4.52873 19
4.67906 -4.18937 19
4.78726 -4.22248 19
4.32879 -4.88913 19
4.11444 -5.10346 19
4.97326 -4.14835 19
4.10097 -4.97524 19
-7.356 -0.431042 20
-7.12705 -0.489006 20
-7.40726 -0.62873 20
-6.14801 0.681567 20
-7.52022 -0.187008 20
-6.89696 0.163629 20
-7.1031 -0.0474791 20
-6.80187 -0.0308893 20
-7.13648 -0.101469 20
-6.3365 0.774833 20
-7.45969 -0.391939 20
-7.10975 -0.399058 20
-7.05541 -0.0474021 20
-6.49597 0.187371 20
-7.17407 0.115821 20
-6.89088 -0.00167608 20
-7.16955 -0.00154301 20
-6.95348 0.07295 20
-7.38262 -0.544008 20
-7.45701 -0.63262 20
-7.5154 -0.624203 20
-6.96164 -0.0302577 20
-7.31551 -0.000772136 20
-6.81267 -0.21841 20
-6.80823 0.300975 20
-6.85956 0.252345 20
-7.55903 -0.69217 20
-7.31702 -0.218101 20
-7.10834 0.0536818 20
-7.318 -0.193505 20
-7.54298 -0.611619 20
-7.33432 -0.188451 20
-6.92011 -0.32727 20
-7.45342 -0.658584 20
-7.20042 -0.23722 20
-7.76979 -0.812897 20
-7.2137 -0.0941811 20
-7.38295 -0.13769 20
-6.66398 0.170609 20
-6.88886 -0.0969372 20
-7.29574 -0.415255 20
-6.67489 0.355035 20
-7.75539 -0.672155 20
-7.38621 -0.497056 20
-7.49109 -0.319855 20
-7.70126 -0.635272 20
-6.70825 0.246067 20
-7.93558 -0.710096 20
-7.15163 -0.193723 20
-7.01115 -0.0412781 20
-7.79411 -0.632344 20
-6.94841 -0.00786085 20
-7.01678 0.237389 20
-7.14943 -0.30694 20
-7.3384 -0.466733 20
-7.1383 -0.0323874 20
-7.4521 -0.500809 20
-6.60352 0.318024 20
-5.30276 -5.33486 21
-5.77904 -5.10227 21
-6.13202 -5.01666 21
-5.34551 -5.37172 21
-5.38467 -5.43586 21
-5.15498 -4.48769 21
-5.41718 -4.38191 21
-5.63139 -4.33228 21
-5.06274 -4.98615 21
-5.17537 -6.12623 21
-5.65052 -5.35649 21
-5.51796 -4.23096 21
-5.49515 -5.39528 21
-6.09873 -4.98945 21
-5.00534 -1.07591 22
-4.82523 -1.12744 22
-5.21722 -1.1708 22
-4.85816 -1.23128 22
-5.49235 -1.14037 22
-4.93626 -1.30765 22
-5.22664 -1.71524 22
-5.4015 -1.64375 22
-4.82755 -1.24175 22
-4.4547 -1.1128 22
-5.74554 -1.23076 22
-5.32282 -1.37475 22
-4.97946 -1.23653 22
-5.05466 -1.34332 22
-5.30389 -0.789304 22
-4.97008 -1.88142 22
-4.57821 -0.934276 22
-5.51642 -1.2137 22
-5.53745 -1.40068 22
-4.60805 -0.464933 22
-4.92062 -0.662246 22
-4.72854 -1.16307 22
-5.09924 -0.843502 22
-5.65852 -1.41213 22
-4.86339 -1.02964 22
-4.99856 -1.07486 22
-4.91892 -1.37484 22
-4.81203 -0.281859 22
-5.36987 -1.70573 22
-5.23225 -0.617834 22
-5.17496 -1.3326 22
-5.12247 -0.360424 22
-5.01426 -1.09058 22
-5.62709 -1.36407 22
-4.82217 -0.674418 22
-4.71734 -0.798144 22
-4.8341 -1.0157 22
-5.39273 -1.10244 22
-4.66783 -1.18227 22
-4.58969 -0.565305 22
-4.9249 -0.669676 22
-4.58152 -0.788144 22
-5.08993 -1.53151 22
-4.97039 -0.854812 22
-5.71477 -1.77143 22
-4.99666 -0.323465 22
-4.62822 -0.67029 22
-5.10574 -0.919063 22
-5.54981 -1.27942 22
-5.59245 -1.18845 22
-5.29757 -0.660729 22
-5.22818 -0.987406 22
-5.31482 -1.49244 22
-4.5657 -0.734348 22
-5.02672 -0.880021 22
-5.00563 -1.01775 22
-5.48819 -1.47888 22
-4.91911 -1.24825 22
-5.39183 -1.17234 22
-4.9839 -1.29102 22
-5.2756 -1.25136 22
-4.86586 -1.24724 22
-4.81626 -0.968003 22
-5.05202 -1.49629 22
-4.99902 -1.58163 22
-4.62742 -1.53806 22
-5.36841 -1.20764 22
-5.29121 -0.666596 22
-9.58824 -7.184 23
-9.24574 -7.76335 23
-9.61868 -7.47333 23
-9.53144 -7.43008 23
-8.82207 -7.83189 23
-9.29014 -7.41646 23
-9.10281 -7.80264 23
-9.6124 -7.33425 23
-9.76706 -7.32952 23
-9.43636 -7.20286 23
-9.33185 -7.87123 23
6.2306 5.31554 24
7.13199 5.29918 24
6.01831 6.07042 24
6.48204 5.51693 24
6.40647 5.99279 24
6.55112 5.57742 24
7.4562 6.27023 24
6.44151 6.07026 24
5.64788 5.65513 24
7.22397 5.96552 24
6.88633 5.2143 24
5.70938 5.54542 24
6.89041 5.57967 24
5.42735 5.95581 24
7.14943 5.62447 24
6.77011 5.59575 24
6.54972 5.9616 24
8.1757 5.68405 24
6.09056 5.3442 24
6.57323 5.67658 24
6.56838 6.42074 24
5.87137 6.14703 24
6.16968 5.33892 24
6.73185 5.55798 24
6.10545 6.31254 24
5.64023 5.93657 24
6.78924 5.80466 24
6.02415 6.61016 24
6.95534 6.02742 24
6.60798 5.47181 24
7.20099 6.25961 24
6.32051 4.81521 24
6.72786 5.98149 24
7.50514 5.69125 24
7.15152 5.69892 24
6.39069 5.33634 24
7.55745 6.19306 24
6.49515 5.84133 24
5.78907 6.14114 24
6.71565 5.47622 24
5.73913 6.11483 24
7.59351 5.91776 24
6.51691 6.24252 24
6.83056 5.89083 24
7.23235 5.39368 24
7.12353 5.68964 24
6.53117 6.03883 24
6.72003 5.95118 24
6.84795 5.27659 24
6.724 5.24803 24
7.61353 5.36408 24
6.4567 6.15247 24
6.91345 5.43851 24
6.25107 5.93832 24
5.31617 5.48388 24
6.44819 5.78016 24
6.71252 5.45722 24
6.00962 5.87266 24
6.51371 5.82471 24
7.13969 5.81655 24
7.89513 5.86599 24
5.83555 6.34041 24
3.45401 -9.83558 25
3.25943 -8.25747 25
3.52594 -7.73556 25
2.92515 -8.76545 25
3.34936 -8.19029 25
3.0088 -8.59142 25
3.26165 -7.49169 25
2.75109 -8.04423 25
3.79404 -8.88018 25
2.76108 -7.70144 25
3.40997 -7.24725 25
4.90564 -9.39379 25
2.88351 -8.29924 25
2.97232 -9.29992 25
3.58827 -7.99622 25
1.68982 -6.79696 25
3.19298 -7.16005 25
3.16185 -8.59746 25
3.71499 -7.82042 25
3.7384 -9.11254 25
3.22514 -7.96381 25
3.7754 -8.82775 25
3.42263 -7.69458 25
1.4727 -2.32628 26
1.27032 -2.02803 26
1.4905 -2.19766 26
1.54078 -2.42177 26
1.77631 -2.51653 26
1.63635 -2.38881 26
1.86242 -2.72372 26
1.69292 -2.64688 26
1.25724 -2.04114 26
1.305 -2.40875 26
1.36435 -2.52705 26
1.24004 -2.10157 26
1.67961 -2.53177 26
1.06412 -1.50937 26
1.5422 -2.40832 26
1.29019 -2.53928 26
1.65263 -2.62228 26
1.68782 -2.59424 26
1.45161 -2.81341 26
1.35814 -2.45119 26
0.928725 -2.23502 26
1.01704 -2.1856 26
1.27153 -2.17138 26
1.43905 -2.21688 26
1.6856 -2.24654 26
1.03443 -2.00784 26
1.62531 -2.27788 26
1.2948 -2.48877 26
1.42763 -2.18973 26
1.85835 -2.62058 26
1.62669 -2.62516 26
2.02385 -2.65514 26
1.37658 -2.78616 26
1.76057 -2.60126 26
1.5883 -2.50958 26
1.42831 -2.30147 26
1.56334 -2.19488 26
1.89467 -2.84824 26
1.61142 -2.26368 26
1.54889 -2.40024 26
1.09905 -2.19037 26
1.59957 -2.64497 26
1.30881 -2.37191 26
1.20936 -2.00898 26
1.68689 -2.24254 26
1.57378 -2.55239 26
1.06424 -1.97697 26
1.34872 -2.26143 26
1.24724 -2.34209 26
2.53729 -2.90025 26
1.34244 -2.17165 26
1.35965 -2.4322 26
0.998395 -1.9958 26
1.49446 -2.39288 26
1.60194 -2.63539 26
1.1351 -2.10403 26
1.81669 -2.91743 26
1.55586 -2.46783 26
1.21953 -1.85029 26
8.75629 -7.48641 27
9.03558 -7.51614 27
9.15462 -7.6254 27
10.1399 -7.31121 27
10.2566 -7.14933 27
8.87611 -8.60957 27
10.5479 -7.20197 27
9.35672 -7.83846 27
9.6857 -7.18123 27
10.5522 -8.19985 27
9.6167 -6.95275 27
9.48345 -7.32752 27
10.0689 -7.44725 27
9.94209 -7.86311 27
8.76831 -7.74193 27
9.96816 -7.61042 27
8.89278 -7.90365 27
9.77979 -7.7314 27
9.10808 -7.0838 27
9.99808 -7.99891 27
9.33805 -7.81833 27
9.36722 -7.24855 27
10.4601 -7.56648 27
9.16596 -7.17945 27
10.245 -8.41773 27
9.74751 -7.68373 27
8.75284 -7.91092 27
9.72663 -8.09205 27
9.49076 -7.94446 27
9.23638 -8.0806 27
10.9302 -7.90455 27
9.44967 -7.95143 27
11.0998 -7.54975 27
10.1087 -7.04251 27
8.90513 -7.37929 27
10.1609 -7.75227 27
9.15705 -6.91592 27
9.895 -6.82675 27
10.0515 -7.26584 27
9.82613 -6.98211 27
8.40975 -7.85623 27
9.87632 -7.62932 27
8.56504 -7.87407 27
9.91001 -7.92852 27
8.54802 -6.98674 27
10.0301 -7.983 27
11.1034 -7.50446 27
9.41857 -7.51969 27
9.71915 -8.02139 27
10.0109 -7.56482 27
9.79236 -7.09194 27
9.67783 -6.75029 27
9.65432 -7.47935 27
10.3769 -7.18696 27
8.92914 -7.90636 27
9.67427 -7.37215 27
9.82751 -8.64194 27
9.48318 -7.8419 27
11.5198 -7.45078 27
9.70335 -7.36891 27
9.37767 -7.556 27
9.36733 -7.46175 27
10.4141 -7.87551 27
9.51713 -7.95867 27
9.66344 -8.01065 27
10.0979 -7.56535 27
8.73512 -7.50499 27
8.94819 -7.5061 27
8.89883 -7.7475 27
9.80014 -7.74347 27
9.53583 -8.17442 27
10.1206 -8.09503 27
9.68103 -7.76821 27
10.1869 -7.54586 27
9.9089 -7.72565 27
9.56552 -8.00125 27
8.914 -8.0006 27
9.78566 -7.70626 27
9.4128 -8.29499 27
10.1939 -7.4887 27
8.51364 -8.03599 27
10.5529 -6.79015 27
10.034 -7.1994 27
9.57148 -7.23905 27
9.03893 -7.76089 27
10.2335 -7.48698 27
9.52942 -6.28298 27
8.44121 -8.36512 27
9.23992 -7.74386 27
9.75297 -7.82246 27
9.82999 -7.21629 27
9.68285 -7.59497 27
9.35896 -6.81081 27
9.29061 -7.45053 27
9.55737 -7.54893 27
11.3378 -7.16338 27
9.95466 -7.17586 27
10.038 -7.40592 27
8.77626 -7.57245 27
9.50121 -7.1469 27
9.54021 -7.33937 27
9.22021 -6.9204 27
9.59601 -7.21059 27
9.33071 -7.61103 27
10.2643 -8.00308 27
10.2702 -6.71086 27
9.12033 -7.54305 27
9.83679 -7.68654 27
8.1763 -2.17361 28
8.10274 -3.10751 28
7.81115 -2.3756 28
7.71619 -2.51355 28
7.82963 -2.6276 28
8.18383 -3.49601 28
7.90407 -3.73643 28
7.99355 -2.45835 28
7.84739 -2.47085 28
8.12284 -2.77595 28
7.98379 -3.11348 28
8.034 -3.02394 28
8.09327 -2.43371 28
7.91767 -2.68899 28
8.01959 -1.48893 28
7.69067 -2.88357 28
8.08352 -2.16251 28
8.25273 -2.87607 28
8.09622 -3.05782 28
7.86271 -2.7284 28
7.88024 -2.36108 28
7.89529 -1.99934 28
7.78661 -2.80741 28
7.95789 -3.05543 28
7.89718 -2.49549 28
7.98875 -2.86511 28
7.70004 -2.63929 28
7.67647 -2.36079 28
8.09293 -3.31107 28
7.75243 -2.5051 28
7.98915 -3.96619 28
7.73176 -2.48799 28
7.96744 -2.98177 28
7.83563 -2.71018 28
7.66572 -2.05538 28
7.80507 -3.87211 28
8.0383 -2.89524 28
8.02175 -2.36362 28
8.01148 -2.50442 28
7.9408 -2.70244 28
7.83673 -2.37981 28
8.12271 -2.9144 28
7.85912 -2.24751 28
7.90117 -2.44276 28
7.85085 -2.53405 28
8.03067 -3.63321 28
7.83639 -3.1986 28
7.78437 -2.59162 28
7.90505 -2.62226 28
7.82634 -3.11274 28
7.8688 -2.48318 28
8.19298 -3.15001 28
7.71387 -2.35886 28
7.68612 -1.93005 28
7.88086 -3.01018 28
8.0249 -3.17006 28
7.90716 -1.90303 28
7.64752 -2.07797 28
7.93305 -3.09249 28
7.94996 -2.71405 28
7.74333 -2.84049 28
8.0605 -2.997 28
7.77157 -2.45986 28
8.0354 -2.95248 28
7.82492 -2.7847 28
7.76642 -3.0302 28
7.95135 -3.35413 28
8.12555 -2.74775 28
8.1222 -3.29149 28
7.94155 -2.74331 28
7.95106 -2.7603 28
7.97303 -3.01306 28
8.00672 -2.39962 28
7.96851 -2.83966 28
8.06049 -3.05017 28
7.92248 -2.66374 28
7.94536 -1.95968 28
7.79631 -2.84125 28
7.84075 -1.5089 28
7.49703 -1.97699 28
7.76932 -2.82443 28
7.72098 -2.48102 28
8.14528 -2.28612 28
7.63663 -2.60776 28
7.97687 -2.85549 28
8.1076 -2.24518 28
7.7225 -2.61995 28
7.9042 -3.41231 28
7.76591 -1.90101 28
8.047 -3.313 28
8.02085 -3.41251 28
7.81415 -2.7482 28
7.76626 -2.1039 28
7.80333 -2.60413 28
8.0281 -2.84853 28
8.02033 -2.67493 28
7.95644 -2.9723 28
8.08024 -2.96666 28
7.68991 -3.32589 28
7.90672 -3.17208 28
7.91928 -2.39212 28
7.89998 -3.19297 28
7.7677 -1.8518 28
7.83868 -2.60081 28
8.1022 -1.49042 28
7.78725 -2.27236 28
7.94952 -2.40613 28
7.68335 -2.53834 28
7.68903 -2.18716 28
-2.74529 5.44247 29
-3.57797 5.42475 29
-2.94048 6.27177 29
-3.89347 6.73896 29
-2.7869 5.83604 29
-2.41544 5.42575 29
-2.35781 6.10026 29
-3.44115 6.8007 29
-2.93471 5.95533 29
-3.59654 6.35466 29
-3.26427 7.09828 29
-3.2626 5.73925 29
-1.19341 5.68622 29
-4.1549 6.19272 29
-4.67221 5.21705 29
-3.82889 7.27073 29
-1.74495 5.07453 29
-1.85496 6.39597 29
-3.09192 6.52321 29
-3.35257 5.82414 29
-4.15578 7.83968 29
-3.6469 6.6136 29
-4.39402 6.93933 29
-3.35827 6.7765 29
-2.61672 4.72624 29
-2.01015 6.37102 29
-3.02365 6.79825 29
-1.87824 5.96832 29
-3.95288 5.67166 29
-3.17594 6.71656 29
-3.06598 6.45525 29
-2.18864 5.27462 29
-2.38779 4.9967 29
-3.75184 6.43778 29
3.1012 1.40364 30
2.77052 1.57534 30
2.33193 1.89085 30
3.01758 0.781787 30
2.15218 1.65519 30
3.09583 1.28138 30
3.75554 0.447362 30
2.57495 1.76337 30
2.99222 1.09866 30
2.90537 0.845262 30
3.01221 0.840141 30
2.43214 1.60189 30
3.07939 1.19191 30
3.29494 0.979941 30
2.86389 1.20286 30
3.49912 0.71338 30
2.98152 1.10958 30
2.87418 1.20094 30
3.23609 1.39756 30
2.99365 0.908739 30
2.67991 1.5007 30
2.80603 1.40096 30
3.22366 1.15098 30
3.44407 0.937571 30
3.07521 0.912393 30
3.59868 0.562758 30
2.70338 0.843567 30
3.43845 0.801588 30
3.06145 1.19849 30
2.77072 1.3435 30
2.75867 1.42095 30
2.7409 1.51375 30
2.62754 1.70071 30
2.87297 1.25816 30
-9.47009 0.14332 31
-10.1261 1.42412 31
-9.26289 0.27941 31
-9.90578 0.916889 31
-9.26651 0.283098 31
-10.2215 0.652196 31
-9.90194 0.810096 31
-9.94272 1.06859 31
-9.86688 1.1141 31
-9.44326 0.595677 31
-9.7876 0.955215 31
-10.1078 1.15104 31
-9.6835 0.830482 31
-10.0339 0.880979 31
-9.15273 0.392259 31
-9.74064 0.959529 31
-9.80479 0.784836 31
7.33383 -5.06969 32
7.30433 -5.09611 32
7.39615 -5.09562 32
7.14341 -4.80918 32
7.40988 -5.01848 32
7.56473 -5.2725 32
7.62472 -5.32841 32
7.33129 -5.00589 32
7.27295 -4.9798 32
7.18459 -4.94407 32
7.27283 -4.96901 32
7.38323 -5.02914 32
7.41936 -5.09958 32
7.1544 -4.86337 32
7.18575 -4.93487 32
7.42852 -5.14856 32
7.39426 -5.2662 32
7.35903 -5.06391 32
7.07468 -5.06107 32
7.24869 -4.90505 32
7.16335 -4.95911 32
7.5226 -5.12716 32
7.25847 -5.07545 32
7.50314 -4.98458 32
7.14678 -5.01079 32
7.25181 -4.99415 32
7.32046 -5.05023 32
7.39917 -5.16898 32
7.39504 -5.18889 32
7.15701 -5.01285 32
7.22674 -4.73358 32
7.3014 -5.04324 32
7.40428 -5.00876 32
7.08271 -5.08437 32
7.609 -5.28405 32
7.36043 -5.10732 32
7.43031 -5.21664 32
7.72105 -5.1391 32
7.50346 -5.23069 32
7.32584 -5.10342 32
7.08274 -4.86492 32
7.4562 -5.13839 32
7.03186 -4.9526 32
7.44598 -4.93313 32
7.52243 -5.23928 32
7.27193 -4.99283 32
7.19313 -5.06355 32
7.3852 -5.23049 32
7.33292 -4.89235 32
7.58207 -4.88563 32
7.6643 -5.24667 32
7.18417 -5.18771 32
7.47223 -4.86854 32
7.24946 -4.99051 32
7.20641 -5.00284 32
7.29381 -4.95824 32
7.3135 -5.04107 32
7.43594 -5.00159 32
4.43028 0.527693 33
4.30508 0.844416 33
4.45478 0.666886 33
4.11054 0.606978 33
4.70155 1.00484 33
4.34538 1.10357 33
4.859 0.920303 33
4.33179 0.786534 33
3.84085 0.796042 33
4.48652 0.706196 33
4.73134 0.661356 33
4.98832 0.950379 33
4.42699 0.409673 33
4.61475 1.07531 33
4.25819 0.413259 33
4.64928 0.623079 33
4.87815 0.573398 33
4.19263 0.357377 33
4.4631 0.732758 33
3.94618 0.826058 33
4.49857 0.315886 33
4.17796 0.325155 33
4.45322 0.430807 33
4.77817 0.680251 33
4.48666 0.350133 33
4.61367 0.473345 33
4.81589 0.0600391 33
4.06215 0.596245 33
4.35942 0.760293 33
4.46459 0.527375 33
4.41665 0.0615258 33
4.58928 0.0635802 33
4.42941 1.00368 33
4.30637 0.356864 33
4.30178 0.216992 33
4.45068 1.03455 33
4.31634 0.897879 33
4.23456 0.564258 33
4.106 0.287585 33
4.61849 0.48286 33
4.7703 0.655383 33
4.69214 0.385046 33
3.97191 0.900481 33
5.13912 0.697843 33
4.51048 0.487923 33
4.52311 0.724884 33
4.37026 0.799105 33
3.87698 0.153015 33
4.34974 0.530827 33
4.36841 0.561164 33
4.74281 0.846626 33
4.53258 1.0552 33
4.07065 0.382841 33
4.65732 0.808816 33
4.22238 0.340118 33
4.82324 0.825744 33
4.38501 0.19821 33
4.63964 0.437764 33
3.9846 0.262969 33
4.48499 0.460732 33
4.21099 0.307027 33
4.79649 0.767686 33
4.23579 0.577216 33
4.31492 0.929628 33
4.40186 0.495348 33
4.40441 0.372002 33
4.51937 0.510517 33
4.50483 0.778594 33
4.53826 0.522919 33
4.28337 0.452859 33
4.98172 0.696652 33
5.06429 0.741105 33
4.75509 0.83485 33
4.48967 0.680697 33
4.45087 0.588362 33
4.51887 0.722077 33
4.26133 0.753548 33
4.47963 0.401104 33
4.6133 0.699412 33
4.28335 0.291578 33
4.0443 0.124347 33
4.37668 0.709936 33
4.29586 0.350126 33
4.30938 0.547619 33
4.79051 0.799035 33
4.567 0.816366 33
4.69681 0.356333 33
4.68915 0.587589 33
4.86878 0.893424 33
4.53196 0.750938 33
4.37995 0.688008 33
3.55794 8.1473 34
4.35654 8.98494 34
3.46925 8.09822 34
3.773 8.40478 34
3.10514 7.79999 34
3.59159 8.17167 34
3.27035 7.98095 34
3.68164 8.3087 34
4.21754 8.8126 34
3.17385 7.8484 34
3.46141 8.09818 34
3.32572 7.81112 34
4.15573 8.84496 34
3.56911 8.24859 34
3.19247 7.93468 34
4.12235 8.72726 34
3.21138 7.89812 34
3.57998 8.16017 34
3.84842 8.50508 34
3.65119 8.21573 34
3.6778 8.31743 34
4.11075 8.62606 34
3.60262 8.26361 34
3.07799 7.69379 34
4.11213 8.62958 34
4.34782 8.90063 34
3.99569 8.50986 34
2.97411 7.61664 34
3.44283 7.9938 34
4.19968 8.81365 34
4.1337 8.81286 34
3.84741 8.51136 34
3.69773 8.33258 34
4.19209 8.86871 34
3.76128 8.41135 34
4.05842 8.8229 34
3.63739 8.32144 34
3.5202 8.1504 34
3.81102 8.46966 34
3.45485 7.97984 34
3.345 8.03338 34
4.21182 8.78318 34
4.4529 9.01105 34
3.61955 8.22932 34
3.40408 8.03093 34
3.80257 8.30037 34
4.57748 9.09986 34
3.73829 8.40517 34
4.32146 8.93999 34
4.21231 8.83752 34
3.64892 8.36976 34
3.24332 7.93113 34
3.01593 7.53347 34
3.84414 8.40367 34
3.66509 8.30946 34
4.29681 8.89021 34
3.84416 8.4466 34
3.8025 8.59638 34
3.92565 8.50299 34
3.82561 8.4682 34
3.25192 7.94305 34
3.12373 7.73824 34
3.95084 8.57561 34
3.51679 8.26726 34
3.91998 8.5114 34
3.64538 8.29962 34
2.91532 7.64267 34
3.99409 8.66008 34
3.43615 8.15159 34
3.94873 8.58595 34
3.00252 7.6487 34
3.92489 8.5504 34
3.7683 8.28318 34
4.14711 8.81299 34
4.05579 8.68658 34
5.36574 9.22256 35
5.28595 9.30968 35
5.55713 9.23143 35
5.26152 9.22703 35
5.5198 9.22916 35
5.15161 9.26165 35
5.52879 9.40433 35
5.44064 9.12917 35
5.43435 9.22105 35
5.22317 9.2495 35
5.4747 9.282 35
5.20846 9.36536 35
5.44277 9.20719 35
5.00433 9.19814 35
5.5126 9.22123 35
5.31237 9.40193 35
5.42528 9.29158 35
5.41108 9.21989 35
5.64273 9.04423 35
5.62729 9.1766 35
5.41534 9.19364 35
5.54211 9.3649 35
5.48781 9.24474 35
5.43746 9.38217 35
5.39023 9.24205 35
5.48125 9.2844 35
5.49154 9.25314 35
5.65137 9.04857 35
5.48827 9.18306 35
5.63229 9.38216 35
5.4814 9.22628 35
5.32715 9.06626 35
5.35757 9.15254 35
5.67324 9.22538 35
5.36148 9.23916 35
5.20327 9.26068 35
5.27613 9.40806 35
5.1894 9.4247 35
5.49248 9.27646 35
5.43668 9.03177 35
5.35976 9.33502 35
5.11452 9.39986 35
5.25159 9.12392 35
5.59139 9.18131 35
5.54935 9.28354 35
5.27557 9.32548 35
5.20702 9.14144 35
5.23079 9.18735 35
5.34988 9.25505 35
5.34634 9.37645 35
5.5309 9.13274 35
5.26727 9.14397 35
5.32471 9.17381 35
5.30555 9.1694 35
5.56401 9.24862 35
5.14504 9.22907 35
5.25156 9.15279 35
5.46853 9.22501 35
5.49969 9.16501 35
5.42029 9.17522 35
5.5174 9.33452 35
5.50713 9.25671 35
5.52287 9.22979 35
5.28337 9.33279 35
5.4283 9.27646 35
5.28596 9.23767 35
5.60903 9.29806 35
5.63702 9.20275 35
5.54412 9.44326 35
1.48889 2.05242 36
0.969657 2.84196 36
0.889795 2.49756 36
1.35017 2.29692 36
1.14862 2.55062 36
1.33281 2.41322 36
0.828404 1.67323 36
2.19271 3.28531 36
1.43191 3.25708 36
1.44233 2.44154 36
0.775703 2.32305 36
2.67729 3.24257 36
1.57468 2.5591 36
2.30692 3.37234 36
0.747831 2.12744 36
1.38725 2.34192 36
1.26598 2.87189 36
1.15701 3.37041 36
-7.23464 9.95031 37
-7.26917 9.35864 37
-7.20073 9.7313 37
-7.06045 9.39865 37
-7.08386 9.19499 37
-7.23501 9.90809 37
-7.32645 9.92308 37
-7.18435 9.04928 37
-7.13913 8.36385 37
-7.13303 8.98968 37
-7.20721 8.78999 37
9.65387 8.14043 38
10.0417 7.75639 38
8.8326 9.17601 38
8.95848 8.78278 38
9.26095 8.84218 38
8.61084 9.44926 38
8.8955 8.92999 38
9.58023 8.38745 38
8.81275 9.07923 38
9.72657 8.04302 38
9.54306 8.32817 38
9.2127 8.72796 38
10.119 7.76246 38
8.58009 9.4108 38
9.59276 8.23606 38
8.95769 8.91444 38
8.63057 9.31998 38
8.44168 9.51478 38
10.7175 6.9825 38
9.00866 8.89606 38
9.23247 8.56036 38
9.0393 8.88431 38
9.73086 8.33529 38
9.43943 8.51381 38
9.51681 8.39221 38
9.07117 8.71613 38
9.67581 8.31083 38
9.14303 8.83822 38
8.92155 8.86803 38
8.90793 8.9825 38
9.01947 8.79414 38
10.0076 7.80469 38
9.29604 8.62848 38
9.61118 8.38825 38
9.32364 8.44043 38
10.083 7.72846 38
9.69075 8.01913 38
8.75361 9.19662 38
8.92054 8.95715 38
9.1471 8.98921 38
8.23943 9.54804 38
9.18147 8.77931 38
9.9248 8.01162 38
8.87152 8.98186 38
8.87704 9.1623 38
9.02535 8.70339 38
8.76952 9.23405 38
9.40637 8.42647 38
9.17672 8.50647 38
9.62508 8.29292 38
9.65798 8.08267 38
9.39173 8.59295 38
9.39161 8.5301 38
9.25841 8.76795 38
8.61043 9.3021 38
8.86754 9.03509 38
9.92114 8.14896 38
8.97963 8.75167 38
9.39188 8.65101 38
9.34129 8.67351 38
9.60813 8.39155 38
8.60753 9.08849 38
9.5317 8.24561 38
9.30956 8.58512 38
9.94347 7.80798 38
9.67679 8.2799 38
9.35455 8.48213 38
9.18233 8.67208 38
9.32808 8.66734 38
9.93819 8.17031 38
9.43884 8.53371 38
8.79362 9.01256 38
8.7921 8.95572 38
9.71555 8.14311 38
9.60041 8.1935 38
10.0992 7.76393 38
9.85674 8.10806 38
8.98142 8.94046 38
10.0524 7.87866 38
9.35912 8.64783 38
9.87494 8.08894 38
8.8558 8.68921 38
9.41927 8.54938 38
9.34798 8.53524 38
9.67798 8.21104 38
8.90446 9.02685 38
10.0786 7.64561 38
9.58042 8.25302 38
9.16617 8.74191 38
9.99284 7.89973 38
9.22726 8.56507 38
9.78137 8.10089 38
9.42486 8.51013 38
8.88808 8.88599 38
9.13218 8.69225 38
9.42269 8.49894 38
8.52597 9.30458 38
9.04949 8.89148 38
8.48065 9.34104 38
9.41275 8.55149 38
8.57131 9.24537 38
8.50897 9.23115 38
9.74296 8.20883 38
9.52047 8.44579 38
8.91653 9.01933 38
8.84874 8.94796 38
9.37549 8.52172 38
0.012656 5.80535 39
-0.303645 5.97388 39
0.00604309 5.99096 39
-0.0893884 5.47277 39
0.0820661 5.73112 39
0.0147004 5.82238 39
-0.190187 5.86757 39
-0.0894877 5.79983 39
0.135405 5.77778 39
0.0422964 5.88791 39
-0.0604699 5.83753 39
0.18094 5.90439 39
0.158022 5.80894 39
-0.0210307 5.84577 39
0.117287 5.70199 39
0.184884 5.88506 39
-0.369778 5.85767 39
0.17391 5.85585 39
-0.0625167 6.07785 39
-0.186143 5.82346 39
