10.97 0.74444 0
10.2004 0.580919 0
10.9742 -2.00553 0
8.47818 0.476884 0
8.48541 -1.19468 0
8.47895 -3.66204 0
11.1815 0.206122 0
10.0274 -1.9371 0
7.42923 -2.17294 0
11.31 1.67559 0
9.26534 -3.08251 0
10.9664 0.261643 0
8.92204 -1.90863 0
8.54677 -1.34382 0
8.8698 -2.04914 0
8.44371 0.112479 0
8.53057 -1.80223 0
8.87623 -0.457493 0
9.92541 -1.73311 0
9.46075 -0.954707 0
10.8557 0.25043 0
9.72839 -0.486937 0
10.0869 -3.35182 0
8.03999 -2.66374 0
7.54781 -0.229088 0
9.1039 -1.64468 0
9.76544 -3.15134 0
10.2912 -1.32265 0
9.00455 -1.01652 0
11.2789 0.973464 0
10.1881 0.199969 0
8.14285 -2.65253 0
11.2303 -0.110032 0
8.69445 -0.765717 0
10.8322 -1.859 0
8.64428 -0.953905 0
10.7976 -0.910121 0
10.3163 -4.01594 0
8.53069 -1.12894 0
9.31342 -1.96167 0
4.80938 0.921816 1
4.98553 0.110448 1
4.33241 0.286445 1
4.53914 0.557619 1
3.4785 0.386622 1
4.34006 1.24923 1
4.02234 1.03396 1
4.38642 1.17939 1
3.93888 0.849848 1
4.92215 1.12086 1
5.21087 2.22172 1
4.78177 1.43967 1
3.33353 1.29825 1
3.28083 1.18884 1
4.67024 1.71641 1
4.71658 1.49206 1
3.94962 1.06647 1
3.958 1.89458 1
4.87207 0.910715 1
3.37344 0.802816 1
4.32808 0.913962 1
5.37025 1.60314 1
4.15412 0.727019 1
4.57142 0.683523 1
3.97656 0.900605 1
4.26465 1.19731 1
4.21508 0.983625 1
5.89799 1.61842 1
4.2853 0.552949 1
5.83456 0.636463 1
3.86995 0.450131 1
3.88237 1.25931 1
3.46766 1.13493 1
3.75722 1.63771 1
3.397 0.448895 1
3.57267 0.598597 1
5.14651 1.82341 1
5.37774 1.8755 1
4.54257 0.778808 1
4.79302 1.73422 1
3.87971 1.34933 1
3.81202 1.03434 1
3.86923 0.714651 1
4.81472 0.890878 1
3.75694 0.657426 1
4.38786 1.95424 1
3.0829 1.12111 1
4.16468 1.14402 1
4.61656 1.09299 1
4.45935 1.07568 1
4.26205 1.43795 1
4.86286 1.29093 1
3.94125 0.614052 1
3.95559 0.848205 1
4.05163 0.542498 1
4.15495 1.3015 1
3.76199 0.688111 1
4.48449 0.755382 1
4.95919 1.01624 1
4.4624 1.33595 1
2.96119 0.770673 1
3.59578 0.685711 1
5.04699 0.505503 1
4.04137 1.01483 1
4.31331 1.65489 1
4.66042 1.24891 1
4.42957 0.874787 1
3.7253 1.22289 1
4.49153 1.69522 1
4.2691 1.28925 1
4.10747 0.955823 1
4.71289 1.12204 1
5.37653 1.36432 1
4.29427 1.16682 1
4.08378 0.994193 1
2.52613 0.830061 1
3.60359 1.40107 1
3.46225 0.503678 1
4.46571 1.9201 1
4.17989 1.52883 1
5.02037 1.34115 1
4.68378 1.13967 1
5.43845 1.32779 1
4.00362 0.68967 1
4.60171 0.725856 1
4.33461 1.20194 1
4.41066 1.33806 1
-10.2764 7.01005 2
-8.13769 6.76277 2
-9.38369 8.17262 2
-8.76222 7.69982 2
-9.36639 7.66894 2
-7.76052 8.40802 2
-8.50072 8.43347 2
-9.70716 5.84593 2
-9.86111 7.18755 2
-9.20415 7.54447 2
-9.51234 6.51959 2
-10.2223 7.63428 2
-10.1679 7.56541 2
-11.1295 6.62611 2
-10.5451 7.24763 2
-7.95564 7.01573 2
-10.5095 6.0626 2
-9.1724 6.75027 2
-11.3556 5.85157 2
-8.594 7.22998 2
-7.27497 7.06002 2
-9.48099 6.69748 2
-9.12656 6.84167 2
-9.29451 6.76301 2
-10.6149 7.22758 2
-7.8302 8.11658 2
-9.20661 7.016 2
-8.93533 7.54025 2
-9.3051 7.84438 2
-10.0623 7.4492 2
-9.06353 8.0192 2
-8.85897 7.1777 2
-10.0328 7.3191 2
-7.5615 7.03131 2
-8.99318 7.03843 2
-8.37409 7.42889 2
-8.48287 7.63367 2
-9.46076 6.97612 2
-9.40918 7.00603 2
-8.7695 6.72546 2
-10.6797 7.5071 2
-8.99944 7.31756 2
-10.8056 7.04737 2
-9.25834 7.31101 2
-6.60527 6.52446 2
-8.75962 8.66467 2
-7.96493 7.21505 2
-10.748 7.27122 2
-9.14869 7.7913 2
-9.63925 7.74439 2
-9.45696 7.48803 2
-7.81546 6.43501 2
-12.1564 7.02933 2
-11.0422 7.73621 2
-10.0728 7.7129 2
-9.75851 8.00813 2
-10.6798 7.80905 2
-9.11398 7.29395 2
-8.24029 6.7481 2
-8.75347 8.14808 2
-8.56144 6.72037 2
-8.89733 7.61249 2
9.21007 -10.8966 3
5.85792 -7.60368 3
6.85958 -9.38324 3
6.48569 -8.70112 3
7.75904 -9.70497 3
6.24848 -9.19277 3
8.50185 -10.2808 3
6.8641 -8.66784 3
7.54971 -9.69428 3
7.98963 -9.54714 3
8.67318 -9.97264 3
7.97552 -10.3965 3
6.71647 -8.81273 3
7.71915 -9.73054 3
7.73966 -9.32593 3
6.01535 -8.48031 3
7.65506 -9.55668 3
6.78991 -8.54541 3
6.33583 -8.91101 3
6.56677 -8.93111 3
7.10811 -9.01667 3
7.53177 -9.94442 3
9.78151 -10.5627 3
7.6276 -9.2635 3
7.37027 -9.20328 3
6.5754 -8.81642 3
6.2903 -8.53259 3
8.03374 -10.1517 3
6.48178 -8.47944 3
7.59741 -10.3343 3
7.25854 -8.7124 3
6.64176 -8.44324 3
7.89732 -9.87405 3
7.63667 -9.88589 3
7.71958 -10.7281 3
8.23312 -9.93091 3
8.21505 -9.75294 3
7.82333 -9.68246 3
6.87706 -9.05007 3
6.95329 -8.74523 3
6.29995 -8.62369 3
7.05947 -9.94743 3
6.02196 -8.49331 3
7.72346 -9.45072 3
6.96397 -8.78317 3
7.17715 -9.90937 3
7.5992 -9.60945 3
6.04311 -8.43495 3
6.90141 -9.52219 3
6.63714 -8.45317 3
8.39055 -11.1704 3
5.892 -8.05476 3
8.60158 -10.0433 3
6.45348 -8.65162 3
8.06799 -10.4642 3
8.3518 -9.39392 3
7.49516 -9.26717 3
6.61584 -8.74765 3
7.8539 -10.0689 3
7.7537 -9.29421 3
6.58888 -9.14563 3
7.13602 -9.27218 3
6.49156 -8.09786 3
7.69266 -9.18497 3
7.78969 -9.38354 3
7.0667 -9.04899 3
7.33283 -9.21411 3
7.94087 -9.82981 3
8.17567 -10.3534 3
6.74196 -8.53434 3
7.22311 -9.0662 3
6.47423 -8.73171 3
6.81876 -8.85738 3
6.9041 -9.21067 3
9.14072 -10.8919 3
7.54697 -9.73236 3
7.04556 -8.69046 3
7.05216 -8.74316 3
7.498 -9.50287 3
6.778 -9.55322 3
7.00298 -8.732 3
6.43111 -8.84384 3
7.58035 -9.65227 3
6.91214 -9.07837 3
7.02908 -8.81567 3
8.09881 -9.9484 3
7.38368 -9.21774 3
6.80016 -8.31058 3
7.0016 -8.65238 3
7.49163 -9.99677 3
7.42538 -8.92701 3
7.13427 -9.11052 3
-1.65861 10.7864 4
-6.0937 9.56322 4
-2.09357 9.73628 4
-1.80087 10.5609 4
-4.0527 9.79129 4
-2.70289 9.14552 4
-2.70887 9.96877 4
-1.72199 9.19534 4
-5.13814 9.00779 4
-3.30584 9.09271 4
-4.44528 10.5275 4
-1.51409 8.78949 4
-2.58144 9.47093 4
-3.01102 10.1601 4
-2.21126 9.41633 4
-2.33919 11.1597 4
-4.01366 8.36357 4
-2.77947 10.09 4
-4.48972 8.73358 4
-3.12363 9.7076 4
-2.34192 10.577 4
-3.84794 9.28048 4
-2.19569 11.0674 4
-2.05701 12.4699 4
-3.58126 9.3792 4
-4.35457 9.5162 4
-3.70723 8.95567 4
-3.8856 9.5343 4
-4.713 10.0763 4
-3.04607 9.79518 4
-4.5129 9.66047 4
-3.2661 9.11314 4
-4.41824 9.16972 4
-3.83866 9.73593 4
-2.68915 9.15653 4
-2.66197 8.89157 4
-2.68128 9.63507 4
-3.21712 9.9076 4
-3.31007 9.12574 4
-1.70161 11.0649 4
-3.93599 8.82856 4
-3.05578 10.0598 4
-2.0172 10.1345 4
-0.403526 10.2964 4
-2.40771 9.38511 4
-2.56279 9.37441 4
-2.99174 10.4588 4
-4.43424 8.72384 4
-5.29353 8.14751 4
-3.17168 9.72272 4
-3.56728 9.59158 4
-2.06115 10.4127 4
-3.0882 9.50145 4
-0.957122 9.62857 4
-0.702354 11.081 4
-3.74687 9.57855 4
-0.379267 9.95448 4
5.54337 -4.39316 5
5.96497 -6.39283 5
5.48876 -5.33336 5
5.74508 -3.7722 5
5.83697 -4.03936 5
4.56784 -4.19685 5
5.65978 -5.45055 5
5.92031 -5.27838 5
4.82265 -5.68647 5
4.02683 -4.30492 5
5.02135 -3.7972 5
4.29216 -5.87006 5
4.82957 -4.12722 5
5.73935 -6.08551 5
7.47736 -3.95542 5
4.74907 -4.21428 5
4.80897 -4.38521 5
4.43066 -6.96516 5
4.10594 -5.45037 5
6.61409 -3.59854 5
5.65286 -3.77165 5
5.59508 -3.58418 5
4.53129 -4.85696 5
3.81882 -4.64441 5
6.06975 -4.65633 5
4.75973 -6.7659 5
6.42213 -4.46049 5
5.44392 -3.24511 5
6.86803 -3.73198 5
5.42323 -4.41512 5
4.43871 -4.46505 5
4.58306 -5.39091 5
6.40948 -5.44601 5
4.30993 -5.10391 5
3.82399 -7.4923 5
5.81266 -2.71921 5
4.98833 -4.69866 5
4.66941 -5.02871 5
5.27856 -4.23435 5
4.60647 -3.80513 5
5.96026 -3.20838 5
4.06291 -6.89547 5
5.75856 -5.10622 5
3.83524 -6.06582 5
5.73146 -1.86705 5
5.1633 -5.75908 5
4.68152 -6.96687 5
5.41727 -5.50478 5
5.38223 -5.41965 5
4.81906 -3.48358 5
3.73332 -4.93387 5
6.75021 -4.85655 5
5.43735 -4.89889 5
5.35866 9.95502 6
2.91705 9.6325 6
3.08135 8.24311 6
2.87111 8.42747 6
5.49821 8.44346 6
3.6356 8.574 6
3.10497 7.56555 6
1.62055 6.34379 6
2.07154 6.37397 6
3.28557 7.13298 6
6.74419 9.95338 6
3.33891 7.95767 6
2.76797 7.79082 6
3.97594 7.74399 6
0.218198 6.50847 6
4.47366 8.39272 6
1.84729 6.4453 6
8.12483 -7.07548 7
8.92256 -7.92223 7
9.42358 -8.07071 7
8.99817 -8.30718 7
7.29674 -5.88211 7
10.2847 -9.1547 7
7.57637 -6.18696 7
9.41797 -8.79723 7
8.32749 -6.95148 7
8.50483 -7.19014 7
9.411 -8.0329 7
8.07648 -7.00039 7
8.74101 -7.30525 7
9.52666 -7.94791 7
8.30213 -7.11115 7
7.76652 -6.82141 7
7.61384 -6.39896 7
-9.77976 -5.22224 8
-8.8786 -4.55927 8
-11.7153 -3.3812 8
-8.84186 -5.42201 8
-7.31883 -6.12167 8
-7.8092 -4.07639 8
-7.18734 -5.08325 8
-9.52048 -5.14207 8
-6.25254 -5.25125 8
-7.65872 -5.76577 8
-7.84856 -4.6557 8
-9.57708 -4.70337 8
-10.248 -4.0762 8
-8.03079 -6.732 8
-10.3448 -5.73919 8
-2.0791 -0.440677 9
-3.2858 -0.0169529 9
-1.8887 1.90164 9
-1.06358 0.699568 9
0.145437 -2.35564 9
-1.79272 2.12522 9
-2.21884 -0.618876 9
-1.0044 -1.54221 9
-0.71215 -0.839277 9
-0.96438 1.13332 9
-1.54808 -0.649015 9
-1.86661 -6.02491 10
-1.89581 -5.38599 10
-2.04478 -5.43897 10
-1.89529 -5.58282 10
-1.62805 -5.93198 10
-1.76905 -5.45374 10
-1.66275 -6.25824 10
-2.05016 -5.14414 10
-1.95971 -5.09915 10
-1.53949 -5.3906 10
-1.60804 -6.09567 10
-1.68253 -6.10101 10
-1.87624 -6.05477 10
-1.96185 -5.4242 10
-1.95478 -5.17861 10
-1.52002 -5.03587 10
-1.06931 -6.21227 10
-1.83227 -5.62067 10
-1.77703 -6.08475 10
-1.8742 -5.84705 10
-2.07776 -5.12689 10
-2.20179 -6.02982 10
-1.63001 -7.11394 10
-1.89238 -5.8329 10
-1.44333 -5.47501 10
-1.97525 -4.88458 10
-1.74723 -5.63232 10
-1.47746 -6.06951 10
-1.55042 -5.73915 10
-1.68531 -6.25932 10
-1.43316 -6.43468 10
-1.90404 -6.08752 10
-1.95383 -5.71472 10
-1.70826 -5.34687 10
-2.0979 -5.10035 10
11.94 4.68285 11
9.14956 7.68406 11
9.30008 6.63137 11
10.2764 5.66716 11
8.15747 7.358 11
11.0211 5.62683 11
9.20321 5.61732 11
8.68754 7.06307 11
8.72916 7.51921 11
8.76749 6.32317 11
8.97252 6.80954 11
9.20024 6.77352 11
8.57488 7.05786 11
9.87956 6.83072 11
8.46174 7.36585 11
10.451 6.32818 11
9.8262 6.11291 11
9.28164 7.21671 11
10.0882 5.27468 11
9.88578 5.96818 11
8.52147 7.7057 11
8.81577 6.96994 11
8.3044 7.07273 11
9.02714 5.92335 11
9.26439 7.19536 11
11.6192 5.68735 11
10.6831 4.77921 11
9.81787 6.02259 11
8.08243 6.85357 11
8.66704 7.09674 11
8.89542 6.82016 11
9.37725 5.60407 11
8.28712 8.04495 11
8.29989 7.48381 11
8.35364 7.36328 11
10.5824 5.77167 11
9.14646 7.5596 11
8.72378 7.42013 11
8.86421 7.11861 11
9.29291 5.80366 11
9.15621 6.08044 11
8.9933 7.33853 11
11.5651 5.06722 11
9.49612 6.10576 11
10.3962 6.03273 11
9.72748 6.63926 11
9.80711 6.40053 11
9.80327 6.38864 11
10.7887 5.06937 11
11.4798 5.27872 11
10.82 4.69679 11
6.78128 8.28767 11
9.62705 7.10371 11
7.78497 7.83172 11
10.5648 5.58776 11
10.4375 5.8922 11
8.19933 7.92674 11
10.5301 5.15858 11
9.36014 7.29144 11
10.3479 5.19762 11
9.00129 6.90869 11
8.58336 8.01073 11
9.76062 6.81618 11
7.9369 7.75215 11
9.14618 6.88722 11
9.59842 6.48508 11
9.83633 6.25599 11
9.32767 6.40301 11
2.33025 -8.26923 12
1.22333 -8.21889 12
1.2977 -8.61403 12
2.19029 -9.34899 12
2.49963 -10.0846 12
1.8255 -9.50421 12
1.42364 -8.6532 12
1.91348 -8.47549 12
1.10917 -10.0159 12
3.12986 -9.76564 12
2.58206 -9.82005 12
1.45631 -9.11933 12
2.40218 -9.44829 12
2.20134 -9.11524 12
2.54723 -10.1891 12
2.24925 -9.69665 12
2.14636 -9.05179 12
2.19901 -8.76445 12
1.80642 -9.55676 12
1.85724 -8.9459 12
3.02829 -9.47901 12
2.31755 -8.80169 12
2.32302 -10.006 12
1.89518 -9.49783 12
1.93424 -8.50277 12
0.623351 -8.75262 12
3.48548 -9.54375 12
1.58853 -9.82751 12
1.188 -8.56998 12
1.61797 -8.89284 12
2.83379 -9.51925 12
1.98465 -9.23559 12
2.06822 -7.93971 12
3.34097 -10.337 12
2.66115 -9.05789 12
2.42417 -8.09915 12
2.64281 -9.99435 12
2.33147 -8.10477 12
1.14792 -10.7458 12
2.41823 -8.76292 12
1.04991 -8.61004 12
1.60239 -9.80862 12
2.65915 -10.2987 12
2.46567 -9.72349 12
1.88093 -9.80588 12
1.58893 -9.38135 12
2.79236 -10.101 12
3.25916 -8.99616 12
2.28686 -9.03029 12
1.30791 -8.71518 12
0.470995 -8.75039 12
1.67124 -10.1963 12
0.706162 -8.8357 12
2.24126 -9.87277 12
0.426179 -8.90324 12
1.55322 -10.2895 12
2.98004 -11.3719 12
2.19334 -10.5954 12
0.869035 -8.63077 12
1.62394 -10.0304 12
0.877807 -10.0619 12
2.29518 -8.24747 12
2.37147 -8.32275 12
0.438654 -8.0673 12
1.3501 -9.15388 12
2.16915 -9.82417 12
2.3044 -9.17412 12
1.86676 -11.0372 12
2.54347 -9.02592 12
1.7277 -8.8412 12
1.75668 -9.50299 12
1.78823 -9.28142 12
0.810441 -10.3778 12
1.97209 -8.91563 12
2.2292 -9.06644 12
2.34868 -8.2347 12
1.75271 -8.26559 12
1.60382 -9.14838 12
1.9956 -10.5627 12
1.72069 -10.2424 12
1.71115 -8.31169 12
3.67399 -10.728 12
2.00291 -10.4044 12
1.11356 -8.85556 12
2.75427 -8.94964 12
1.92228 -8.97047 12
1.24714 -9.76526 12
2.02266 -8.74495 12
1.63249 -8.66062 12
1.7201 -10.5953 12
1.49087 -8.47178 12
1.24741 -10.2404 12
2.65204 -8.39396 12
2.4479 -7.8552 12
3.42543 -9.66484 12
1.25153 -9.86514 12
0.633244 -7.89386 12
3.66866 -9.56537 12
1.78357 -8.55834 12
1.7794 -9.96046 12
2.4733 -8.60546 12
3.01552 -9.10995 12
1.99393 -10.4521 12
1.20968 -9.09107 12
2.87327 -9.65898 12
1.0499 -7.35253 12
1.43046 -8.83484 12
1.02598 -8.28059 12
9.10319 -6.93932 13
9.17908 -7.08859 13
8.82615 -6.99111 13
9.53481 -6.91577 13
9.36814 -6.2467 13
9.40507 -6.65143 13
9.04845 -7.00316 13
9.18801 -6.50717 13
9.2359 -6.4232 13
9.589 -6.54361 13
9.14148 -7.30145 13
9.39779 -6.64775 13
9.14994 -7.14468 13
9.39011 -6.93103 13
9.40216 -6.81168 13
9.25775 -6.62012 13
9.46405 -6.52784 13
9.1704 -6.62581 13
9.7438 -6.69522 13
9.18569 -6.45605 13
9.41003 -6.5751 13
9.23757 -6.81994 13
9.53796 -6.52649 13
9.68814 -6.73433 13
9.66787 -6.2662 13
9.15281 -7.46821 13
9.88875 -6.43223 13
9.39098 -6.76247 13
9.44471 -6.39379 13
9.43204 -6.26459 13
9.15797 -6.42349 13
9.11462 -6.83455 13
9.22857 -6.84089 13
9.39039 -6.81171 13
9.11438 -7.15757 13
9.1783 -6.94189 13
9.43897 -6.5258 13
9.85893 -5.69075 13
8.93729 -7.17073 13
9.23268 -6.59024 13
9.33515 -6.51748 13
9.08866 -6.92297 13
9.59414 -6.60072 13
9.23876 -6.53933 13
9.2615 -6.93301 13
9.73032 -6.25801 13
9.29477 -7.10549 13
9.59398 -6.93219 13
9.6949 -6.40224 13
9.69051 -6.34022 13
9.90118 -6.79286 13
9.19241 -6.61749 13
9.67432 -6.44101 13
9.09578 -6.65639 13
9.43218 -6.3393 13
9.32829 -6.742 13
9.23117 -6.30018 13
9.50534 -6.28031 13
9.1884 -6.31138 13
9.18596 -6.83519 13
9.31598 -6.68877 13
9.19458 -6.82164 13
9.71002 -6.62776 13
8.93921 -7.02556 13
9.39881 -5.62711 13
9.32812 -6.91937 13
9.4389 -6.7158 13
6.59331 -2.27357 14
6.71195 -2.38505 14
6.61521 -2.19985 14
6.33995 -2.03785 14
6.64948 -2.70592 14
6.55134 -2.43995 14
6.78446 -2.63385 14
6.58931 -2.53037 14
6.42419 -2.31805 14
6.25436 -2.08847 14
6.43257 -2.15458 14
6.58232 -2.29949 14
6.67933 -2.35155 14
6.80201 -2.36593 14
6.49947 -2.42924 14
6.22481 -2.09573 14
6.78757 -2.02816 14
6.56752 -2.51034 14
6.35498 -1.88288 14
6.45998 -2.36507 14
6.563 -2.1673 14
6.33373 -2.23917 14
6.73284 -2.4191 14
6.5127 -2.38599 14
6.58687 -2.65723 14
6.75908 -2.53506 14
6.89203 -2.88516 14
6.62664 -2.57141 14
6.6151 -2.63194 14
6.42349 -2.47993 14
6.60899 -2.24297 14
6.45676 -2.43037 14
6.49472 -2.46145 14
6.5475 -2.37126 14
6.64108 -2.22375 14
6.59623 -2.44037 14
6.34141 -1.90927 14
6.82233 -2.40847 14
6.89545 -2.19238 14
6.61436 -2.53229 14
6.7564 -2.28034 14
6.63747 -2.57453 14
6.42995 -2.27058 14
6.47418 -2.09571 14
6.85663 -2.22469 14
6.81848 -2.19357 14
6.66058 -2.22917 14
6.47615 -2.3054 14
6.48543 -2.23137 14
6.71315 -2.56149 14
6.24481 -2.23023 14
6.90294 -2.633 14
6.52467 -2.16728 14
6.90954 -2.55411 14
6.7852 -2.59325 14
6.47833 -2.19357 14
6.69388 -2.4801 14
6.67419 -2.13919 14
6.86051 -2.53286 14
6.51692 -2.39508 14
6.83489 -2.43134 14
6.64515 -2.2448 14
6.48937 -2.1953 14
6.69639 -2.3073 14
6.82367 -2.43578 14
6.42732 -1.98631 14
6.72821 -2.63844 14
6.56568 -2.16986 14
6.51359 -2.21788 14
6.52223 -1.94122 14
6.71679 -2.40512 14
6.21478 -1.57204 14
6.67477 -2.40672 14
6.47275 -2.40355 14
6.427 -2.32318 14
6.60629 -2.40366 14
6.48129 -1.99737 14
6.51329 -2.45222 14
6.81118 -2.50226 14
6.91953 -2.68079 14
6.7015 -2.72399 14
6.75187 -2.46576 14
6.78433 -2.63298 14
6.76425 -2.40272 14
-4.75925 4.26891 15
-4.5515 5.49745 15
-5.98593 5.85498 15
-4.21427 4.43461 15
-4.12087 4.7572 15
-4.37564 5.62161 15
-3.97123 3.78766 15
-5.78777 6.69226 15
-4.66659 4.37445 15
-4.30059 6.59139 15
-5.62828 5.71141 15
-5.31948 5.19764 15
-3.88819 5.64028 15
-4.50407 3.97538 15
-4.53112 4.9629 15
-4.73182 6.16576 15
-4.05654 3.89588 15
-4.50681 3.35404 15
-4.10358 5.40098 15
-6.74656 5.72727 15
-3.66044 4.83775 15
-3.79705 4.60049 15
-4.21528 5.94924 15
-4.15476 3.28988 15
-4.47601 5.58779 15
-5.43038 5.28837 15
-4.08335 4.80176 15
-5.76602 5.38197 15
-3.91618 6.29322 15
-4.53174 6.57923 15
-5.23366 6.85538 15
-4.49439 4.16524 15
-6.11325 7.19356 15
-5.36362 5.54289 15
-4.49373 6.09356 15
-5.06277 5.55806 15
-4.98957 3.36518 15
-6.10999 6.21039 15
-4.68119 6.20915 15
-3.40898 3.95438 15
-5.2785 4.28802 15
-3.70804 4.4425 15
-2.90513 3.67552 15
-4.20032 4.26171 15
-3.79922 3.54372 15
-4.3778 3.26749 15
-4.96256 5.1705 15
-3.09237 4.22312 15
-4.82391 4.92723 15
-4.51382 5.14882 15
-4.10268 -9.66807 16
-4.66783 -9.55671 16
-4.4514 -8.7425 16
-4.48893 -9.55568 16
-4.33727 -9.45068 16
-4.45857 -9.37719 16
-4.40186 -9.41651 16
-4.5793 -9.12148 16
-4.19521 -9.711 16
-4.51875 -9.82833 16
-4.38784 -8.87044 16
-4.6818 -8.79252 16
-4.40964 -8.34608 16
-4.78239 -8.70309 16
-4.77199 -9.53222 16
-4.57508 -9.49356 16
-4.43375 -8.97583 16
-4.52063 -9.01138 16
-4.04191 -8.74182 16
-4.60305 -9.33035 16
-4.42454 -9.77188 16
-4.40983 -9.66883 16
-4.64533 -8.71445 16
-9.54366 4.4066 17
-9.98481 4.41692 17
-9.93391 4.39454 17
-9.93592 4.45613 17
-10.0301 4.42947 17
-10.0345 4.47462 17
-10.3149 4.4535 17
-9.36886 4.36023 17
-8.96437 4.45155 17
-10.2269 4.38137 17
-9.82704 4.49383 17
-9.56289 4.34956 17
-9.46153 4.40584 17
-9.37944 4.4514 17
-9.48567 4.38702 17
-9.7691 4.30887 17
-10.0646 4.41844 17
-9.47064 4.41254 17
-9.86297 4.35067 17
-9.77502 4.40977 17
-9.90787 4.40216 17
-10.0044 4.40064 17
-9.63361 4.40124 17
-9.84437 4.37785 17
-9.78541 4.37234 17
-8.86202 4.47884 17
-9.85989 4.50349 17
-9.92161 4.44188 17
-9.89287 4.38622 17
-10.0981 4.45162 17
-9.78644 4.38134 17
-9.86876 4.3729 17
-9.11373 4.4364 17
-9.54053 4.43447 17
-10.3442 4.42794 17
-9.84578 4.38054 17
-10.042 4.49478 17
-9.99005 4.3902 17
-9.93475 4.38292 17
-9.87859 4.41959 17
-9.46293 4.35923 17
-9.55762 4.38136 17
-9.96735 4.43014 17
-10.3497 4.44738 17
-9.60698 4.38155 17
-9.51855 4.39427 17
-9.62965 4.41096 17
-9.77623 4.43978 17
-9.21252 4.39431 17
-10.5266 4.37674 17
4.90971 4.43441 18
4.83363 4.28106 18
4.89137 4.63589 18
4.06238 3.46083 18
5.11398 4.74113 18
4.09302 3.50543 18
3.99369 3.61469 18
4.85057 5.24048 18
3.64474 3.1122 18
4.30363 4.05888 18
4.52723 4.14584 18
2.92656 3.84056 18
4.15354 3.90714 18
4.11771 3.97632 18
5.24541 4.27243 18
5.19424 4.12536 18
4.83882 4.84184 18
5.86666 5.27587 18
5.61531 5.19982 18
4.63615 3.98265 18
6.71369 5.24255 18
4.01619 3.88034 18
6.3277 6.2395 18
4.64052 4.15673 18
6.0813 5.3606 18
4.17495 3.92342 18
4.05146 3.88196 18
2.69477 2.6545 18
4.12128 4.88802 18
4.99863 4.90227 18
5.72183 4.75935 18
4.14608 4.30176 18
4.64841 4.86162 18
4.34575 3.65501 18
4.82017 4.88165 18
4.48975 3.35997 18
5.96424 5.679 18
4.33117 3.74431 18
4.28231 4.29709 18
4.4679 4.93274 18
4.69321 4.65666 18
5.50125 4.96068 18
5.23654 4.68405 18
5.41011 5.21056 18
4.43816 3.91903 18
4.59089 4.5227 18
5.53047 4.48363 18
2.65836 2.89264 18
4.46318 4.2159 18
4.98949 4.39293 18
4.08481 3.66774 18
5.36843 4.4404 18
4.27538 4.53026 18
3.40384 2.83705 18
5.65015 5.52032 18
4.47534 3.57527 18
5.40274 3.73938 18
4.35746 3.82783 18
4.37801 3.56199 18
4.50766 3.78854 18
4.63084 4.22762 18
4.87017 4.00815 18
3.85537 3.32838 18
5.42623 4.515 18
5.91173 5.62386 18
6.34557 5.35319 18
5.14692 4.77595 18
3.81263 3.64994 18
4.06531 3.52916 18
4.00355 4.44507 18
3.59097 3.76352 18
3.6675 3.56635 18
5.10137 4.78259 18
5.63204 5.19039 18
5.12681 4.07106 18
5.70503 4.98513 18
4.25645 4.26487 18
4.29032 3.7838 18
4.86016 3.69587 18
3.89344 4.38174 18
4.47112 4.22722 18
4.35698 3.58713 18
5.453 5.66821 18
5.74042 4.98071 18
4.85632 4.66323 18
4.85183 4.35805 18
5.37006 5.64594 18
4.82596 3.70205 18
4.73885 3.70874 18
5.41696 4.21471 18
3.79018 3.20644 18
5.12643 4.11948 18
4.7862 4.74726 18
4.25832 4.33783 18
4.90206 4.22048 18
6.5737 5.28407 18
4.78494 4.34266 18
6.19143 5.42006 18
4.54582 3.60713 18
6.49252 6.14213 18
4.86821 5.28067 18
4.34602 3.88518 18
5.24203 5.08498 18
3.40138 3.33289 18
4.07854 3.70854 18
-6.63827 1.33814 19
-8.22046 1.30761 19
-6.90723 2.14725 19
-8.95408 1.5175 19
-7.70074 1.54845 19
-7.62154 1.57948 19
-7.6154 1.20018 19
-7.02104 1.3761 19
-8.38203 1.23631 19
-8.88447 1.27649 19
-7.28596 1.94675 19
-8.70857 1.4791 19
-6.3168 1.88697 19
-6.96209 2.05612 19
-7.17839 1.24287 19
-8.33275 1.11329 19
-8.57806 1.08894 19
-7.18347 2.36306 19
-9.40376 1.00237 19
-7.29531 1.38525 19
-8.90816 1.40868 19
-7.86169 1.40685 19
-7.80599 2.13876 19
-8.45075 1.48469 19
-9.54788 1.25734 19
-8.22288 0.538688 19
-7.21446 1.74856 19
-7.98794 1.58286 19
-8.37691 1.47246 19
-7.90176 1.4146 19
-7.17376 1.98313 19
-7.90549 0.996595 19
-8.61349 1.79832 19
-8.43333 1.60667 19
-7.732 1.74222 19
-6.96457 2.18216 19
-9.23387 1.48206 19
-9.04766 1.62597 19
-7.97301 0.560549 19
-7.93483 1.10296 19
-6.98061 1.24704 19
-7.27158 2.17313 19
-8.43671 1.72415 19
-8.0519 1.43726 19
-7.02456 1.18918 19
-8.63603 0.900154 19
-6.74632 1.77231 19
1.16024 3.53244 20
1.43102 3.07912 20
1.4316 3.00948 20
1.36951 3.45573 20
1.63323 3.73782 20
1.51963 3.66474 20
0.996165 3.64474 20
1.80341 3.08527 20
1.26123 3.50982 20
0.82362 2.9834 20
1.45768 4.17231 20
0.949013 3.89898 20
1.13118 3.15957 20
1.28327 4.03849 20
1.27655 3.32088 20
0.935601 3.08605 20
1.43272 2.03848 20
1.52889 3.69932 20
1.64816 3.61207 20
1.04057 3.78416 20
0.977098 4.1069 20
1.20377 2.98907 20
1.37947 3.10272 20
1.77308 3.46874 20
1.05909 3.52495 20
1.32797 3.94417 20
1.11566 2.97642 20
1.38499 3.33539 20
1.63739 2.5821 20
1.72062 3.27135 20
1.69572 3.6351 20
1.54156 3.53602 20
1.41051 3.8894 20
1.09489 2.55249 20
1.8539 2.80749 20
1.01513 4.00583 20
1.22256 2.88618 20
1.74064 2.99041 20
0.821208 3.14342 20
1.37443 3.37326 20
1.36658 3.07706 20
1.406 3.4187 20
1.44275 3.60463 20
0.827832 3.28558 20
1.0646 3.30614 20
0.838572 3.47277 20
0.962583 3.37767 20
1.13941 4.05327 20
1.71678 3.11271 20
0.984438 3.48746 20
1.36846 3.20339 20
1.19876 2.71856 20
1.94297 3.11487 20
1.60494 3.58415 20
1.66434 3.91535 20
1.66806 3.12829 20
1.16843 3.40374 20
1.52409 3.33313 20
0.944048 2.98993 20
-2.27981 5.02232 21
-2.2502 5.17551 21
-2.34577 4.72828 21
-2.55521 4.7476 21
-2.47797 4.52607 21
-2.49337 4.90014 21
-2.34278 4.74763 21
-2.65625 4.5022 21
-2.36037 4.69916 21
-2.54207 4.55178 21
-2.57776 4.48045 21
-2.39967 4.80713 21
-2.7522 4.62771 21
-2.47791 4.72576 21
-2.35663 4.79027 21
-2.06729 4.91981 21
-2.31025 4.8758 21
-2.44348 4.55897 21
-2.35067 4.6391 21
-2.17922 5.1709 21
-2.20017 4.8922 21
-2.27869 4.73562 21
-2.2169 5.13687 21
-2.83012 4.58527 21
-2.15183 5.04502 21
-2.23744 4.99758 21
-2.23503 4.89031 21
-2.30524 4.83963 21
-2.40286 4.58637 21
-2.26716 4.62608 21
-2.48038 4.86943 21
-2.43637 4.92027 21
-2.64584 4.71165 21
-2.39986 4.77417 21
-2.3741 4.81054 21
-2.374 5.11753 21
-2.05813 5.09072 21
-2.48162 4.81856 21
-2.23466 4.89919 21
-2.5358 4.66781 21
-2.53204 4.38924 21
-2.17028 4.9386 21
-2.40541 4.75503 21
-2.84513 4.38276 21
-2.22413 5.08811 21
-2.11558 5.2923 21
-2.42153 4.84113 21
-2.71923 4.4216 21
-2.20334 4.86092 21
-2.32403 4.59483 21
-2.67584 4.57559 21
-2.08609 5.05334 21
-2.53347 4.74879 21
-2.18552 4.84999 21
-2.34396 4.73941 21
-2.6011 4.57793 21
-2.4036 4.79197 21
-2.7023 4.11691 21
-2.497 4.92071 21
-2.61225 4.39766 21
-2.59905 4.40246 21
-2.60504 4.55584 21
-2.62313 4.5145 21
-2.50701 4.87129 21
-2.43991 4.76865 21
-2.33685 4.93301 21
-2.11471 5.12186 21
-2.43757 4.44125 21
-2.47699 4.57109 21
-2.68963 4.55172 21
-2.37634 4.71474 21
-2.41381 4.75268 21
-2.36461 4.83635 21
-2.27463 5.03 21
-2.42849 4.37862 21
-2.507 4.63435 21
-2.67705 4.31025 21
-2.55735 4.62621 21
-2.60695 4.41992 21
-2.29757 4.9824 21
-2.43259 4.56248 21
-2.4195 4.82648 21
-2.38936 4.60853 21
-2.55675 4.67941 21
-2.53391 4.85315 21
-2.69429 4.32721 21
-2.08463 4.95504 21
-2.15729 5.0521 21
-2.33616 4.71003 21
-2.47135 4.7457 21
-9.97787 1.3056 22
-9.96912 1.05248 22
-9.95293 1.24414 22
-9.92855 1.5739 22
-10.0439 0.817096 22
-9.9636 1.16579 22
-9.97964 0.622878 22
-9.98448 1.46259 22
-9.91021 1.70193 22
-10.0654 1.41271 22
-9.96107 1.26801 22
-9.87761 0.0296748 22
-9.92823 0.878039 22
-9.97319 1.31731 22
-9.90301 1.12139 22
-9.96843 0.782656 22
-10.0766 1.18429 22
-6.78474 -1.06505 23
-6.79515 -1.94466 23
-8.13674 -2.83997 23
-7.19324 -1.46341 23
-7.11431 -2.15652 23
-7.36499 -1.57864 23
-7.81191 -2.45678 23
-5.34654 0.277541 23
-7.72249 -2.05105 23
-7.63607 -2.87631 23
-6.43978 -2.53202 23
-6.33011 -0.898773 23
-5.41323 -0.219958 23
-7.14598 -1.68849 23
-8.40026 -2.36375 23
-8.40293 -3.53348 23
-6.79037 -0.9135 23
-5.60315 -1.50562 23
-4.99801 1.00537 23
-6.46171 -0.832661 23
-6.60676 -0.662028 23
-7.05381 -1.41045 23
-6.65347 -1.63944 23
-7.39512 -1.42979 23
-7.10817 -0.805801 23
-7.14361 -1.78746 23
-6.9908 -2.49356 23
-6.55621 -1.26881 23
-8.82643 -2.7662 23
-6.97811 -0.881183 23
-6.64692 -2.84204 23
-6.63921 -1.38092 23
-5.24479 -0.250259 23
-6.96056 -1.29869 23
-9.14083 -4.5618 23
-9.17286 -4.34823 23
-7.42071 -1.50552 23
-7.31968 -2.01311 23
-8.37667 -2.17351 23
-6.1445 -1.60832 23
-7.77583 -1.35713 23
-7.86892 -3.26393 23
-7.66061 -1.13139 23
-6.97033 -1.59049 23
-6.36252 -2.47935 23
-7.48493 -2.03172 23
-7.26826 -1.27296 23
-7.28173 -2.07285 23
-4.43493 1.29158 23
-5.83557 -0.205648 23
-9.60202 -3.11995 23
-6.41285 -0.994645 23
-7.45533 -0.652254 23
-6.47428 -2.01354 23
-5.97461 0.063009 23
-7.33087 -2.12626 23
-8.59417 -2.24543 23
-5.92129 -0.617183 23
-5.95476 -0.70967 23
-5.91969 -0.956064 23
-8.45393 -1.98757 23
-6.47836 -1.06215 23
-4.53607 0.280998 23
-5.74583 -0.996047 23
-7.9958 -2.07529 23
-6.15512 -2.26014 23
-7.43611 -1.84661 23
-8.65963 -1.98742 23
-7.53173 -2.5581 23
-7.51147 -2.06761 23
-8.1134 -3.44252 23
-7.17621 -1.54967 23
-5.1829 0.956092 23
-6.25736 -1.00906 23
-6.54938 -0.659488 23
-4.85192 -0.174856 23
-6.39347 -2.41751 23
-9.12426 -1.97254 23
-6.07643 -1.00473 23
-7.8859 -2.85403 23
-4.54877 -0.500452 23
-5.60804 -0.345791 23
-6.45127 -0.279512 23
-8.10774 -1.21773 23
-6.62774 -0.56775 23
-8.82395 -4.30323 23
-6.39705 -1.82366 23
-9.0273 -4.44317 23
-8.52535 -2.8369 23
-6.32639 0.537944 23
-6.93532 -1.94277 23
-8.09603 -2.9772 23
-5.76789 0.610699 23
-4.19709 0.168463 23
-6.44257 -2.01657 23
-8.17971 -1.51911 23
-5.91674 -1.44729 23
-6.77212 -0.827614 23
-6.1448 -1.09282 23
-7.97282 -2.86066 23
-5.46729 -0.11627 23
-4.59623 1.12452 23
-6.72344 -2.13029 23
-8.05079 -2.82558 23
-7.27893 -1.22301 23
-6.74061 -2.11469 23
-6.43488 -0.722101 23
-7.99088 -0.887824 23
-7.33844 -8.50922 24
-8.02139 -9.30053 24
-6.86849 -8.52633 24
-6.95678 -8.60126 24
-7.01385 -8.37245 24
-9.33174 -8.17484 24
-8.13658 -8.16205 24
-6.52374 -9.237 24
-7.05831 -8.54381 24
-7.85243 -9.47771 24
-7.63484 -9.25282 24
-7.25227 -8.18598 24
-8.53391 -9.39572 24
-6.87329 -8.83301 24
-8.49177 -8.05605 24
-6.83968 -9.10891 24
-8.02628 -9.32722 24
-6.93326 -8.56115 24
-7.26426 -9.69682 24
-8.37063 -8.68982 24
-9.63414 -7.87714 24
-7.13133 -9.28056 24
-7.86599 -8.5192 24
-8.0332 -7.82075 24
-8.6254 -9.47032 24
-8.02894 -7.92974 24
-7.35415 -8.63826 24
-7.03531 -9.15169 24
-6.67616 -8.4475 24
-8.43093 -8.89228 24
-8.67982 -8.34429 24
-9.01577 -8.39177 24
-8.17062 -8.97629 24
9.68221 1.61878 25
9.56439 1.86204 25
9.64721 1.4387 25
9.65971 1.61651 25
9.73874 1.40311 25
9.77942 1.74132 25
9.75603 1.87702 25
9.85744 1.41173 25
9.48503 2.14608 25
9.95818 1.97187 25
9.83086 1.6547 25
9.96668 1.02939 25
9.76846 1.98314 25
9.8436 1.80292 25
9.73311 1.88879 25
9.68207 1.46001 25
9.89955 1.39283 25
9.65371 1.43599 25
9.82092 2.00429 25
9.40508 1.62066 25
9.84994 1.70806 25
9.40821 2.36984 25
9.93982 2.02947 25
9.6188 1.63871 25
9.70132 1.60095 25
9.79323 1.82162 25
9.56794 1.97968 25
10.0077 1.82957 25
9.64768 1.94095 25
9.32782 1.69543 25
9.57517 1.88 25
9.41701 1.60345 25
9.80675 2.43502 25
9.66341 2.19233 25
9.72396 1.21452 25
9.77619 1.91057 25
9.70811 1.52609 25
9.76271 2.0084 25
9.65108 2.20883 25
9.61513 1.53617 25
9.72336 2.02928 25
9.45916 0.966406 25
9.78763 1.59602 25
9.83384 1.71894 25
9.66538 1.74953 25
9.6566 1.84923 25
9.63372 2.03273 25
9.60264 1.27266 25
9.78654 2.19706 25
9.95224 1.64707 25
9.68575 1.66351 25
9.94978 1.23731 25
9.77587 1.73083 25
9.81004 1.76557 25
9.60859 1.31134 25
9.69991 1.45228 25
9.65121 1.82829 25
9.92617 1.87392 25
9.75892 1.30628 25
9.66662 1.90296 25
9.53588 1.98641 25
9.64164 1.73588 25
9.61176 1.23056 25
9.41204 1.84186 25
9.68396 1.54328 25
9.82886 1.57745 25
9.7812 1.80884 25
9.61371 1.50198 25
9.58605 1.51998 25
9.52157 1.67883 25
9.47192 1.41996 25
10.1586 1.90815 25
9.8027 1.72668 25
9.84668 1.92668 25
10.1419 1.98141 25
9.83292 1.47696 25
9.61685 1.67496 25
9.67702 1.22712 25
9.64868 1.85402 25
9.52299 1.70897 25
9.92363 2.0571 25
9.56877 1.87682 25
9.58083 1.89993 25
9.85486 1.73934 25
9.67766 1.60636 25
9.82176 1.64535 25
9.87354 1.9795 25
9.88706 1.67418 25
9.41693 1.79615 25
9.80982 2.4489 25
9.53991 1.60222 25
9.8857 1.45108 25
9.38833 1.47691 25
-1.79703 2.94114 26
-2.80339 2.91968 26
-1.34911 2.89187 26
-1.03635 2.90802 26
-4.03175 2.86159 26
-3.61154 2.85169 26
-1.58581 2.80997 26
-2.45259 2.98835 26
-4.07633 2.91433 26
-3.48558 2.72181 26
-2.33269 2.99071 26
-2.1168 2.96599 26
-3.48675 3.07876 26
-2.6441 3.00667 26
-2.14959 2.87556 26
-2.01324 2.77707 26
-3.19762 2.78618 26
-3.73356 2.85696 26
-3.44469 3.04289 26
-2.08509 2.82682 26
-3.85586 3.02301 26
-0.882103 2.65382 26
-0.999831 3.0465 26
-3.53574 2.78554 26
-4.26917 3.00263 26
-1.82494 2.88934 26
-3.49164 2.76422 26
-0.166684 3.16144 26
-3.5751 2.87064 26
-2.90983 2.86762 26
-2.1674 2.99088 26
-0.650565 2.9025 26
-1.36521 2.79445 26
-1.92663 2.93537 26
-2.3893 3.01928 26
-3.15291 2.88133 26
-3.64014 2.90755 26
-2.7569 2.68959 26
-1.87893 2.91818 26
-1.59644 2.77306 26
-1.24603 3.05686 26
-0.742843 2.81441 26
-3.57229 2.90845 26
-2.8787 3.04876 26
-3.23407 2.74395 26
-2.1174 2.83993 26
-5.25662 3.06276 26
-3.54593 2.9268 26
-5.69142 2.75879 26
-3.34109 2.7474 26
-1.5567 3.00659 26
-2.69229 2.93175 26
-0.817843 2.89275 26
-4.30392 2.93311 26
-5.06247 2.74902 26
-4.52277 2.88112 26
-2.51323 2.73377 26
-4.26311 2.87698 26
-2.41067 2.84489 26
-2.33641 2.67629 26
-2.36122 2.90506 26
-4.21513 2.85994 26
-3.08011 2.89315 26
-3.38737 2.67208 26
-1.77988 3.00422 26
-3.67706 3.04043 26
-3.31324 2.96546 26
-1.45595 2.89502 26
-2.1292 2.77396 26
-3.20284 2.94011 26
-3.6379 2.8677 26
-1.85112 2.96071 26
-3.05889 2.87362 26
-3.22786 2.86448 26
-3.03037 2.83975 26
-4.27874 2.89836 26
-1.94747 2.83156 26
-2.34146 2.86994 26
-4.28031 2.84311 26
-2.01197 2.99598 26
-2.54145 2.86398 26
-3.71405 2.78404 26
-2.40537 2.62619 26
-2.35122 2.72396 26
-3.18417 3.00734 26
-1.05374 3.01652 26
-1.84113 2.77372 26
-0.076664 2.92944 26
-1.03533 2.83169 26
-3.26997 2.70672 26
-2.69364 2.7388 26
-2.90958 2.98311 26
-4.00191 2.8473 26
-2.91092 2.76195 26
-2.25981 2.90127 26
-3.50149 2.97147 26
-2.8614 2.67591 26
-2.0545 2.9765 26
-3.87125 2.66107 26
9.93305 -3.00423 27
10.6375 -3.11373 27
9.57356 -2.9621 27
9.95808 -3.05401 27
10.6266 -3.17206 27
11.1473 -3.0821 27
10.9194 -3.03403 27
10.0579 -3.07577 27
9.19165 -2.95104 27
10.508 -3.36231 27
10.7107 -3.03877 27
10.3077 -3.00141 27
9.59079 -3.10295 27
10.6669 -2.90233 27
10.5497 -3.00149 27
10.632 -3.03057 27
9.96882 -2.98752 27
9.82613 -2.9917 27
9.29543 -2.90573 27
-4.60622 -7.40395 28
-4.62281 -7.54273 28
-6.5589 -7.33821 28
-5.16677 -7.44711 28
-5.94363 -7.31925 28
-5.4349 -7.3509 28
-4.94359 -7.19315 28
-4.66461 -7.31552 28
-5.02684 -7.30505 28
-6.3085 -7.40724 28
-5.77486 -7.39386 28
-6.28874 -7.17196 28
-4.49515 -7.27305 28
-5.69471 -7.32878 28
-4.95325 -7.35806 28
-6.24056 -7.36388 28
-5.42456 -7.31449 28
-5.31905 -7.46708 28
-7.13578 -7.26268 28
-4.17847 -7.4565 28
-5.13853 -7.35811 28
-4.94472 -7.4098 28
-5.86333 -7.47585 28
-6.34324 -7.39432 28
-5.85739 -7.38563 28
-3.79244 -7.36947 28
-5.5565 -7.41819 28
-5.90873 -7.32023 28
-6.2551 -7.35049 28
-6.07661 -7.28737 28
-4.96094 -7.11728 28
-5.56771 -7.2654 28
-5.18242 -7.35276 28
-5.39354 -7.44176 28
-5.38021 -7.45739 28
-6.00035 -7.34683 28
-5.11795 -7.38248 28
-4.86235 -7.41469 28
-5.762 -7.19963 28
-6.07796 -7.48721 28
-5.50034 -7.37306 28
-5.6242 -7.25478 28
-4.835 -7.38648 28
-7.01845 -7.19612 28
-5.32854 -7.37605 28
-5.96068 -7.26017 28
-4.58115 -5.94082 29
-4.33652 -5.01343 29
-4.55182 -4.14068 29
-4.87564 -5.31472 29
-4.73755 -4.17437 29
-4.65446 -4.97194 29
-4.65094 -4.94174 29
-4.77313 -3.6872 29
-4.71514 -4.20347 29
-4.66452 -4.80351 29
-4.62316 -4.30458 29
-4.65498 -4.19491 29
-4.57898 -3.55181 29
-4.20791 -4.98665 29
-4.58308 -4.89828 29
-4.63628 -3.7972 29
-4.46423 -5.69466 29
-4.78973 -4.99794 29
-4.54548 -4.4411 29
-4.51942 -4.19603 29
-4.47287 -5.32618 29
-4.61672 -5.34191 29
-4.57941 -4.69848 29
-4.86836 -4.50327 29
-4.48629 -4.7131 29
-4.40316 -4.20478 29
-4.44174 -4.91042 29
-4.64018 -5.22724 29
-4.60453 -4.9773 29
-4.56069 -5.12693 29
-4.59934 -4.66129 29
-4.84582 -4.94113 29
-4.44911 -5.02867 29
-4.4957 -3.12519 29
-4.44617 -6.23831 29
-4.73006 -5.88303 29
-4.6617 -3.0284 29
-4.455 -4.40162 29
-4.52893 -5.3427 29
-4.59441 -4.85009 29
-4.58072 -5.35366 29
-4.53178 -3.09538 29
-4.6893 -4.97081 29
-4.9619 -4.79941 29
-4.8087 -3.79166 29
-4.59318 -5.01841 29
-4.72325 -4.76994 29
-4.65555 -3.73332 29
-4.58999 -4.87553 29
-4.54708 -5.40724 29
-4.56152 -4.32788 29
-4.48924 -4.40654 29
-4.64707 -4.01135 29
-4.77403 -5.74886 29
-4.51556 -4.58506 29
-4.53228 -5.19281 29
-4.59682 -4.7914 29
-4.39513 -4.79654 29
-4.73353 -4.74551 29
-4.56872 -4.73649 29
-4.69057 -4.52214 29
-4.65092 -4.03123 29
-4.56963 -5.61739 29
-4.66615 -4.54471 29
-4.51352 -5.0389 29
-4.38941 -4.87874 29
-4.49878 -4.16097 29
-4.74017 -4.21013 29
-4.63949 -4.25369 29
-4.62065 -4.19735 29
-4.59042 -4.32625 29
-4.51061 -4.62653 29
-4.97421 -4.67463 29
-4.84624 -4.85252 29
-4.67365 -4.85221 29
-4.72646 -4.77391 29
-4.5252 -4.58532 29
-4.27654 -4.19975 29
-4.53379 -4.09413 29
-4.56044 -4.12242 29
-4.78581 -3.95092 29
-4.70173 -3.77846 29
-4.441 -5.39972 29
-4.37214 -4.46523 29
-4.75557 -5.42602 29
-4.49267 -4.62381 29
-4.51085 -4.51227 29
-4.65504 -5.14683 29
-4.17595 -4.98634 29
-4.74108 -4.53086 29
-4.35267 -5.17977 29
-4.74963 -4.30814 29
-4.68919 -4.91537 29
-4.75713 -4.90914 29
-4.62751 -4.71802 29
-4.34159 -5.15757 29
-4.7458 -5.31805 29
-4.43855 -4.97908 29
-4.19987 9.0755 30
-2.36708 7.09294 30
-0.495451 5.40602 30
-3.11657 7.57991 30
-3.60023 8.56733 30
-1.16716 6.72252 30
-3.739 8.07887 30
-1.81207 6.89608 30
-3.07412 7.29916 30
-2.99102 8.09111 30
-2.25304 7.19427 30
-2.92078 7.57599 30
-1.07887 6.33036 30
-4.31204 9.09565 30
-3.53137 8.52413 30
-0.620567 5.6216 30
-1.4681 6.51605 30
-1.95041 6.82847 30
-1.64217 6.70262 30
-4.51634 8.86396 30
-2.70771 7.30042 30
-4.40417 8.90403 30
-2.34181 6.53919 30
-3.71385 8.24272 30
-2.12445 6.97349 30
-2.19077 6.94809 30
-3.53158 8.26878 30
-3.56275 8.27524 30
-2.69941 7.9776 30
-1.76383 6.60811 30
2.08461 -2.40755 31
0.95615 -2.86645 31
1.97149 -2.05231 31
1.35042 -2.68298 31
1.82075 -2.63551 31
1.40488 -3.24294 31
0.550884 -2.36217 31
0.630801 -2.82311 31
0.855407 -2.28107 31
1.2939 -2.72577 31
1.94217 -2.61219 31
1.91473 -2.82605 31
-7.33369 3.42031 32
-7.44587 3.5644 32
-7.59218 2.91766 32
-7.59452 3.3315 32
-7.68579 2.94495 32
-7.63383 2.28028 32
-7.47101 3.3288 32
-7.55699 3.14487 32
-7.5326 2.79039 32
-7.6763 3.25484 32
-7.27727 3.67989 32
-7.27061 3.35266 32
-7.56813 3.32604 32
-7.5078 3.09427 32
-7.52905 2.99532 32
-7.82928 3.17221 32
-7.77812 3.06209 32
-7.66586 3.30667 32
-7.41048 3.95718 32
-7.54126 3.94853 32
-7.53981 2.53971 32
-7.89133 3.45111 32
-7.3511 3.88449 32
-7.69978 3.26991 32
-7.53692 3.09873 32
-7.60477 2.71887 32
-7.53071 3.11667 32
-7.69946 3.96319 32
-7.32809 3.0579 32
-7.45899 3.50768 32
-7.60438 3.02777 32
-7.65748 3.37091 32
-7.69888 3.33219 32
-7.28188 3.66709 32
-8.0045 2.87413 32
-7.70234 3.24695 32
-7.8322 2.30956 32
-7.64177 2.91476 32
-7.6404 3.06849 32
-7.63723 3.51191 32
-7.74933 2.41461 32
-7.41764 3.2843 32
-7.95795 3.37184 32
-8.01049 2.64697 32
-7.59336 3.70096 32
-7.63124 3.72631 32
-7.60042 3.27882 32
-7.57149 2.11599 32
-7.36863 3.56933 32
-7.57411 3.19991 32
-7.66718 3.44167 32
-7.50312 3.12895 32
-7.39124 3.82557 32
-7.77905 3.34392 32
-7.40244 3.49693 32
-8.1961 2.59447 32
-7.78354 2.74747 32
-7.69124 3.19899 32
-7.46537 3.47222 32
-7.47854 3.87578 32
-7.77869 3.53959 32
-7.5065 2.92136 32
-7.70032 3.56099 32
-7.46097 3.88995 32
-7.56878 2.55683 32
-7.84365 3.14339 32
-7.63208 3.1466 32
-7.9867 3.18385 32
-7.68712 2.68725 32
-7.39431 2.76689 32
-7.73577 3.32015 32
-7.74875 2.35697 32
-7.70302 3.47024 32
-7.2897 3.1883 32
-7.79999 3.6241 32
-7.58567 3.04463 32
-7.62177 3.21821 32
-7.53232 3.30248 32
-7.67735 2.3962 32
-7.6778 4.12176 32
-7.52443 3.2615 32
-7.57482 3.33455 32
-7.5418 3.52162 32
-7.14617 3.61015 32
-7.72308 3.03225 32
-7.82337 3.75152 32
-7.68362 3.53468 32
-7.74735 2.30502 32
-7.63369 2.59367 32
-7.47976 2.63354 32
-7.78665 3.20326 32
-7.93123 2.99421 32
-7.3288 3.26848 32
-7.80135 3.81564 32
-7.77391 3.61318 32
-3.41414 -2.41312 33
-3.54497 -3.11844 33
-3.56488 -2.86375 33
-3.41485 -2.06076 33
-3.45736 -4.01751 33
-3.59513 -1.80243 33
-3.49718 -2.73114 33
-3.8707 -1.90861 33
-3.5071 -3.28618 33
-3.56905 -2.50889 33
-3.76352 -2.37562 33
-3.21215 -3.29795 33
-3.47587 -1.34219 33
-3.45757 -3.31698 33
-3.73257 -1.66122 33
-3.1991 -2.56123 33
-3.49222 -3.43483 33
-3.27706 -1.86924 33
3.71032 -1.88865 34
4.07663 -1.56855 34
4.5974 -0.769899 34
4.86153 -1.3657 34
3.73479 -1.83877 34
4.62379 -0.95455 34
4.21255 -1.04794 34
4.49494 -0.568984 34
4.41708 -1.66501 34
4.59868 -0.757347 34
4.46324 -1.07026 34
3.993 -1.21228 34
4.66718 -0.426898 34
3.97944 -1.21671 34
4.16297 -0.841106 34
4.29334 -0.951085 34
4.06289 -1.20092 34
4.0831 -1.02652 34
4.64634 -0.5493 34
4.33982 -1.61431 34
5.10061 -0.250125 34
4.49331 -1.04226 34
4.6021 -1.41293 34
4.62745 -1.3522 34
3.56739 -1.90588 34
4.26668 -1.1453 34
3.60483 -1.67476 34
3.90981 -1.16821 34
4.05267 -0.718101 34
4.76422 -0.420337 34
5.03192 -0.542192 34
4.60783 -1.35334 34
3.97067 -1.5985 34
4.1808 -1.57996 34
4.08209 -1.03129 34
4.35021 -0.748894 34
4.88568 -0.731568 34
4.32523 -1.02764 34
4.64515 -0.924801 34
4.90115 -0.194375 34
3.88903 -2.28614 34
3.68665 -1.30594 34
3.56118 -1.75621 34
4.54061 -0.229557 34
3.49997 -1.8412 34
4.19867 -1.18847 34
3.95408 -1.50374 34
4.7378 -0.727358 34
4.45056 -1.14607 34
4.20568 -1.16143 34
4.46141 -0.744193 34
4.31694 -1.26621 34
4.82447 -0.761117 34
3.96135 -1.18722 34
4.90007 -1.12217 34
4.73562 -0.920888 34
4.38759 -1.37436 34
4.31668 -0.795361 34
4.22955 -1.26515 34
4.47556 -1.00581 34
4.63074 -0.469227 34
4.45663 -0.911519 34
4.4741 -0.675811 34
3.95606 -1.41782 34
4.19033 -1.28073 34
4.58104 -0.385384 34
3.43163 -1.6477 34
4.13508 -1.21862 34
4.53287 -1.52353 34
3.90344 -1.38976 34
4.29106 -1.12071 34
4.11024 -1.49752 34
4.3546 -0.955788 34
4.49116 -0.550181 34
4.82786 -0.691847 34
4.79392 -0.78139 34
4.94836 -0.988753 34
4.35678 -1.04255 34
4.32136 -1.51724 34
4.18868 -1.14989 34
4.98661 -0.998255 34
4.12987 -1.59814 34
4.17817 -0.61287 34
4.89589 -0.760923 34
4.09155 -0.921026 34
4.78689 -0.914614 34
4.3492 -0.803706 34
4.23191 -1.80506 34
3.43853 -1.57187 34
4.61783 -1.16386 34
5.144 -0.347453 34
4.63146 -1.43051 34
4.63244 -0.806737 34
4.53477 -1.29245 34
4.29359 -1.50599 34
3.83769 -1.62178 34
3.85775 -1.91277 34
4.22465 -1.25558 34
3.83954 -1.44428 34
4.18687 -1.80568 34
3.43385 -2.03209 34
4.5743 -1.35873 34
4.53229 -0.960777 34
3.95188 -1.69064 34
4.38078 -1.53133 34
4.71483 -1.07645 34
4.24556 -1.6471 34
4.90799 -0.450365 34
4.02709 -0.93748 34
0.136687 -5.517 35
0.0852226 -6.41981 35
-0.16062 -5.55111 35
-0.257442 -4.44678 35
-0.211572 -5.55209 35
0.0171323 -6.07172 35
-0.206509 -4.30134 35
0.0749576 -6.22546 35
0.228176 -4.67763 35
-0.452571 -4.03863 35
-0.372249 -6.03032 35
-0.358569 -4.1283 35
-0.357971 -4.02852 35
0.226509 -5.89044 35
-0.147245 -4.43921 35
-0.315079 -4.93298 35
-0.253147 -3.72665 35
0.123333 -4.75906 35
-0.289625 -3.11635 35
-0.157466 -4.31143 35
0.123608 -5.59388 35
-0.339582 -4.19949 35
0.178036 -3.68631 35
-0.585076 -5.8742 35
0.0487771 -5.00566 35
0.144511 -4.52161 35
-0.154817 -4.43248 35
-0.246281 -4.24823 35
0.129853 -4.24819 35
-0.513511 -3.10249 35
-0.198826 -4.45934 35
-0.0197178 -3.87947 35
0.192083 -4.3871 35
-0.197174 -5.8708 35
0.0987208 -3.76283 35
0.412044 -7.08578 35
0.100928 -7.03097 35
-1.02143 -9.78601 36
-1.24555 -9.80488 36
-1.89913 -9.78552 36
-1.88871 -9.90085 36
-1.70576 -9.60775 36
-2.10095 -9.66001 36
-1.74311 -9.84225 36
-1.96397 -9.72293 36
-2.35768 -9.68506 36
-1.81728 -9.68766 36
-1.54814 -9.63885 36
-1.42775 -9.67386 36
-1.37172 -9.73323 36
-1.97718 -9.74477 36
-1.84746 -9.7856 36
-1.40444 -9.8071 36
-2.58071 -9.65832 36
-2.04321 -9.84569 36
-1.51241 -9.71102 36
-1.92262 -9.68215 36
-1.18609 -9.70814 36
-1.55463 -9.82148 36
-1.38753 -9.82454 36
-1.79137 -9.74117 36
-1.04764 -9.76962 36
-1.2228 -9.73877 36
-1.38773 -9.66701 36
-1.74849 -9.66432 36
-1.77914 -9.7658 36
-1.4377 -9.70913 36
-1.73473 -9.84155 36
-2.32123 -9.88191 36
-1.04802 -9.66886 36
-1.97989 -9.81182 36
-1.28659 -9.70472 36
-1.7133 -9.71911 36
-1.81417 -9.78327 36
-2.49746 -9.68374 36
-0.843 -9.83114 36
-1.53817 -9.69031 36
-1.85531 -9.70032 36
-1.71176 -9.69243 36
-1.71047 -9.71453 36
-2.28672 -9.75223 36
-1.1952 -9.73516 36
-1.80287 -9.72828 36
-1.62105 -9.72478 36
-1.58959 -9.74855 36
-1.28188 -9.82339 36
-1.28984 -9.74802 36
-1.75526 -9.7178 36
-1.47546 -9.78207 36
-1.57717 -9.7085 36
-1.80413 -9.77429 36
-1.42436 -9.81482 36
-2.00501 -9.68207 36
-1.37437 -9.97894 36
-1.30019 -9.78478 36
-1.53432 -9.69887 36
-1.05423 -9.72537 36
-1.52833 -9.77183 36
-1.6185 -9.83159 36
-1.97101 -9.82467 36
-1.66952 -9.60289 36
-1.91669 -9.83462 36
-1.70509 -9.66745 36
-1.54349 -9.65715 36
-0.727104 -9.6274 36
-2.17943 -9.73522 36
-1.23146 -9.74141 36
-1.63587 -9.7991 36
-1.55234 -9.79268 36
-2.00252 -9.61456 36
-2.65554 -9.75946 36
-2.28325 -9.85531 36
-1.20834 -9.64973 36
-1.89141 -9.72039 36
-1.75789 -9.84885 36
-1.8969 -9.78074 36
-1.58942 -9.77409 36
-0.936411 -9.65476 36
-1.06718 -9.77659 36
-1.23165 -9.76293 36
-1.46969 -9.74529 36
-1.63118 -9.64746 36
-1.23138 -9.76441 36
-1.57216 -9.65409 36
0.989896 9.81623 37
1.27694 10.3282 37
0.665336 10.8148 37
1.79004 9.09208 37
0.745413 9.43707 37
0.365942 8.67865 37
1.29931 9.38167 37
1.4098 8.65625 37
2.16108 10.2314 37
0.661353 9.67216 37
0.545823 9.98419 37
1.16611 9.66763 37
1.34271 7.94683 37
0.866537 9.52944 37
1.23205 8.41715 37
1.20735 9.09863 37
2.00213 8.4565 37
0.803633 10.9174 37
2.04295 9.41872 37
1.61004 9.59954 37
1.37747 10.6622 37
0.904898 10.3161 37
0.881817 9.95719 37
1.28896 7.35649 37
2.16695 10.6941 37
1.48503 10.4983 37
1.31965 8.95922 37
0.689953 7.88647 37
1.15782 9.64318 37
1.15759 8.41607 37
1.98313 7.7613 37
1.08772 10.1329 37
0.517551 8.81596 37
1.66372 9.18833 37
7.55896 9.46856 38
7.46657 11.4525 38
7.51236 11.1811 38
7.45564 9.63694 38
7.7056 11.3754 38
7.65038 10.6299 38
7.42815 8.9366 38
7.54761 10.2009 38
7.61451 9.70088 38
7.37006 9.36228 38
7.58994 9.42929 38
9.44144 8.37092 39
9.89977 8.0107 39
9.46311 8.27509 39
9.72764 8.14652 39
9.70556 8.24358 39
9.88697 8.14766 39
10.0246 8.01167 39
9.86472 7.98738 39
9.52148 8.27965 39
9.72347 8.07561 39
9.6932 8.16625 39
9.48116 8.30649 39
9.52616 8.20843 39
9.87832 8.08548 39
9.74556 8.0961 39
9.69749 8.13657 39
9.9676 7.99311 39
9.31393 8.49585 39
9.65432 8.15587 39
10.0468 7.94855 39
9.49934 8.36602 39
9.56727 8.33775 39
9.71112 8.27881 39
9.78341 8.29819 39
9.75386 8.28824 39
9.81191 8.16846 39
9.99169 8.0759 39
10.0224 7.86249 39
9.65198 8.23702 39
9.66343 7.99866 39
9.75892 8.09486 39
9.55792 8.15144 39
9.69036 8.07031 39
9.85203 8.09043 39
9.53621 8.30542 39
9.75654 8.23236 39
9.81222 8.30812 39
9.91996 8.28881 39
9.84074 8.00297 39
9.64625 8.24693 39
9.27286 8.5702 39
9.92268 7.84934 39
9.51056 8.25561 39
9.57 8.27524 39
10.1546 7.91539 39
9.74941 8.25913 39
9.52948 8.33905 39
9.5904 8.21238 39
9.73212 8.08872 39
10.1869 7.92838 39
9.46972 8.5875 39
10.1265 7.88463 39
10.0709 8.06772 39
9.5859 8.47881 39
9.60855 8.32191 39
10.0788 7.83454 39
10.0963 7.78825 39
9.5918 8.36169 39
10.1838 8.1366 39
9.94159 8.17019 39
9.86421 7.91748 39
9.9758 7.87375 39
9.8543 8.05825 39
9.73477 8.06006 39
9.62378 8.29019 39
9.76041 8.11527 39
10.1057 8.02413 39
10.0709 7.86233 39
9.6956 8.17845 39
9.51412 8.25589 39
10.0173 7.82987 39
9.98761 8.02133 39
9.76997 8.25407 39
9.62949 8.21379 39
9.75916 8.13924 39
9.81559 8.15639 39
9.95894 8.28727 39
10.0068 7.93793 39
9.7287 8.2986 39
9.97932 8.07838 39
9.61844 8.31938 39
9.76249 8.00677 39
9.70357 8.15978 39
9.81237 8.20057 39
10.1141 8.03147 39
9.90506 7.88836 39
9.84144 8.0961 39
9.68172 8.16439 39
9.87895 8.05267 39
9.60621 8.29978 39
10.0732 7.92434 39
10.0152 8.0155 39
9.96655 8.11065 39
10.0023 8.0376 39
10.0417 7.91065 39
9.88422 8.04923 39
9.63956 8.3277 39
9.53272 8.14328 39
9.85993 8.17185 39
9.84254 7.92036 39
10.1019 7.89217 39
9.67498 8.06922 39
10.0182 7.82726 39
